Date/Time,BATIMENT0000000240879564_PART0_F0_WHOLE IDEAL LOADS AIR SYSTEM:Zone Ideal Loads Zone Total Heating Energy [J](Hourly),BATIMENT0000000240879564_PART0_F1_WHOLE IDEAL LOADS AIR SYSTEM:Zone Ideal Loads Zone Total Heating Energy [J](Hourly),BATIMENT0000000240879564_PART0_F2_WHOLE IDEAL LOADS AIR SYSTEM:Zone Ideal Loads Zone Total Heating Energy [J](Hourly),BATIMENT0000000240879564_PART0_F3_WHOLE IDEAL LOADS AIR SYSTEM:Zone Ideal Loads Zone Total Heating Energy [J](Hourly),BATIMENT0000000240879564_PART0_F4_WHOLE IDEAL LOADS AIR SYSTEM:Zone Ideal Loads Zone Total Heating Energy [J](Hourly),BATIMENT0000000240879564_PART0_F5_WHOLE IDEAL LOADS AIR SYSTEM:Zone Ideal Loads Zone Total Heating Energy [J](Hourly),BATIMENT0000000240879564_PART0_F6_WHOLE IDEAL LOADS AIR SYSTEM:Zone Ideal Loads Zone Total Heating Energy [J](Hourly),BATIMENT0000000240879564_PART0_F7_WHOLE IDEAL LOADS AIR SYSTEM:Zone Ideal Loads Zone Total Heating Energy [J](Hourly),Electricity:Facility [J](Annual),DistrictHeating:Facility [J](Annual),Heating:DistrictHeating [J](Annual),InteriorEquipment:Electricity [J](Annual),Electricity:Building [J](Annual) 
 01/01  01:00:00,3296063.3455291577,2554351.0138245197,2479808.6021870435,2512116.8888369678,2561576.0666719424,2644419.3407867905,3009291.2432525093,6225274.287652301 
 01/01  02:00:00,3746626.066053574,3021827.1991236922,2940349.151215321,2963998.3001198494,3006253.2164643886,3085631.2143254727,3473455.515153257,7042712.9363264395 
 01/01  03:00:00,3994229.780735143,3288107.776410681,3202419.843285894,3219105.2188239996,3255295.615316334,3330968.0993621675,3729274.63297626,7444005.867486808 
 01/01  04:00:00,4162810.586626316,3474231.093119899,3384951.913021569,3395272.6179780285,3425892.7521468853,3498180.4199561044,3905099.7095031827,7734776.17708296 
 01/01  05:00:00,4284422.120709507,3613979.484484773,3522848.4177256413,3528111.400940348,3554114.924275845,3623385.4900177848,4035419.353892491,7927665.490774035 
 01/01  06:00:00,4457941.770576883,3806548.781003059,3714430.4101001504,3715377.496807694,3737359.7446718933,3804177.2274991088,4223447.962312272,8214514.012197398 
 01/01  07:00:00,4545324.652842807,3909509.175664103,3816553.6710005254,3813863.6458527753,3832448.1644732696,3897124.7721013934,4321278.7343070675,8375247.580450062 
 01/01  08:00:00,4654472.406543581,4033911.9348807763,3940326.705430283,3934081.5172470747,3949285.8173303683,4011825.3206415735,4441512.759477267,8577777.210608033 
 01/01  09:00:00,4854878.57698406,4252399.403328746,4159891.6490424257,4151613.271203975,4164698.745427221,4226321.517530395,4664983.056519112,8923823.83682423 
 01/01  10:00:00,4739648.754226006,4186311.4828145513,4117283.552445639,4121698.167051644,4143252.113139086,4210822.339977568,4645092.583510464,8714592.190342378 
 01/01  11:00:00,3101372.431482004,2673152.2107004016,2693949.136086568,2756979.0767997885,2821348.259935901,2911654.2557189967,3278432.3313478674,6008036.4826612985 
 01/01  12:00:00,946407.3500258019,626602.4140579903,735449.3050079632,863821.1113787126,974762.027395473,1094617.4301938575,1357311.9004377031,2372860.627400896 
 01/01  13:00:00,18915.004761690216,0.0,0.0,12925.391117901017,33309.44842057797,69314.27986031631,135515.9515712934,252353.36225247884 
 01/01  14:00:00,0.0,0.0,0.0,0.0,0.0,0.0,0.0,0.0 
 01/01  15:00:00,0.0,0.0,0.0,0.0,0.0,0.0,0.0,0.0 
 01/01  16:00:00,0.0,0.0,0.0,0.0,0.0,0.0,0.0,0.0 
 01/01  17:00:00,0.0,0.0,0.0,0.0,0.0,0.0,0.0,446698.01253424527 
 01/01  18:00:00,1225413.8741612718,418034.728925064,416131.5210258981,532582.8292572682,669952.473028142,761173.0044071882,1047395.5207044729,3239365.9110709224 
 01/01  19:00:00,1831204.5392637115,1068103.4541846311,1046751.851397699,1135176.3188205992,1226080.276825528,1326359.9061799906,1604311.145256131,3993481.48121353 
 01/01  20:00:00,2187806.3319640644,1440560.2167955209,1405014.723435075,1471445.6961547637,1546199.8639243336,1644677.1643801536,1953711.057900553,4535442.667382039 
 01/01  21:00:00,2434822.6308502913,1672562.8628337407,1629832.9426673956,1692564.6261454998,1769386.8382743257,1869981.254047825,2193325.6911172387,4852460.345036623 
 01/01  22:00:00,2584415.1630210304,1818718.8227547044,1770293.4665774927,1829631.3958324974,1902121.2901075792,1999654.8037341782,2329506.294976326,5021833.961861089 
 01/01  23:00:00,2758474.8461395297,1993737.276526916,1934902.502061456,1984895.4321830638,2049366.6034979809,2141505.3059078045,2480779.808429716,5308872.939736763 
 01/01  24:00:00,2870308.328432624,2115446.604844091,2049358.2383454186,2091132.795171405,2148512.9450212438,2235835.7873313455,2580057.543211696,5464438.796748922 
 01/02  01:00:00,2949990.8920067553,2213955.171704218,2145408.0287618465,2181548.0175262173,2233641.0935546653,2316770.171950954,2658385.599722742,5491661.795528395 
 01/02  02:00:00,2993080.494768439,2277381.96305498,2207884.377651963,2239403.5779934595,2287007.177044552,2366419.230935941,2703842.6243416313,5458832.492874052 
 01/02  03:00:00,3125874.6683530044,2428834.297272131,2358059.999297373,2384758.0449395245,2427718.2855722816,2503284.8340323605,2839037.647943528,5604350.677852098 
 01/02  04:00:00,3338144.4875066504,2663250.5828494937,2593460.7786085503,2617228.8588097785,2657121.127625444,2730537.18929125,3069291.3156237165,5882485.437699458 
 01/02  05:00:00,3552954.693627391,2900073.884891729,2831950.184075856,2853321.331524468,2890526.0726771215,2961914.190962332,3303721.7734071817,6178772.777227948 
 01/02  06:00:00,3721810.2923911214,3085686.14980122,3017518.0600531953,3035769.898447063,3069898.7840107735,3139185.9697699733,3485211.306066246,6439361.956104845 
 01/02  07:00:00,3763586.6025435915,3140919.506592906,3072693.818798709,3088170.2945201294,3119535.9086460667,3186634.416017575,3532402.2284398195,6487212.325656622 
 01/02  08:00:00,3848951.8682042942,3238974.8358597513,3170913.303047161,3183863.9948810423,3212645.517930889,3277623.570126032,3623471.586247691,6606336.640902247 
 01/02  09:00:00,3998559.978838805,3403833.8854496744,3337260.3792531653,3348830.5126532447,3375980.3671320113,3439893.7382308654,3789797.6668904386,6839142.335092226 
 01/02  10:00:00,3973057.1372327795,3408191.8389047193,3353369.8963677366,3370223.42900223,3400494.447263334,3466166.3251959514,3809738.858709486,6718241.800874073 
 01/02  11:00:00,3316052.2066517416,2824416.630947513,2816543.6718430766,2862428.1722313156,2912855.3132647113,2989780.9449485485,3290426.2729229275,5413494.964023546 
 01/02  12:00:00,2191428.34695715,1752495.0352116707,1791774.7598397706,1870423.4389655553,1944818.7034225692,2033016.088299526,2254704.717919268,3233530.2651336854 
 01/02  13:00:00,1414984.6958706593,980342.8793882282,1043700.35991801,1140572.6576517874,1227983.8918537425,1318761.1063659047,1471605.3670720884,1691646.4699875317 
 01/02  14:00:00,2148062.515100076,1655224.5856477516,1675555.3583293601,1744932.7106420463,1811258.5095246716,1887702.3540519248,2076975.812164377,2941507.02486034 
 01/02  15:00:00,2981271.222866465,2461733.529519326,2462265.0713464636,2516372.8236107333,2571929.002143868,2644451.1975025367,2878728.63643021,4509313.001526232 
 01/02  16:00:00,3706591.8844631147,3175396.121608524,3160319.696431878,3203016.618223356,3250145.183389301,3319396.5393531355,3594763.9743772056,5899772.047469952 
 01/02  17:00:00,4221904.428522911,3690227.1298197857,3666134.79709042,3701578.570114415,3743315.451346105,3811268.1892272322,4122998.3682546313,6988020.179416854 
 01/02  18:00:00,5402675.321965584,4897269.0196798565,4862132.518547787,4887625.577598387,4922385.90617851,4990887.259742474,5374147.479560619,9337376.400708599 
 01/02  19:00:00,5877328.2947453745,5395437.49706015,5360963.83050164,5384783.963326074,5418164.559163033,5487517.1026872005,5892526.692381499,10092704.92540904 
 01/02  20:00:00,6067981.736123167,5602155.930858392,5567674.271603409,5589577.790885203,5621305.72644048,5690693.648861863,6107879.448916372,10386814.010505166 
 01/02  21:00:00,6195616.9377799295,5744555.176161393,5710275.450206737,5730506.576331781,5760756.1234980365,5830080.758850502,6257092.742756136,10597189.509174572 
 01/02  22:00:00,6455154.661000671,6019577.988981716,5985877.575702653,6004730.150144375,6033734.538076717,6103210.732604834,6541234.235744233,10977677.152181195 
 01/02  23:00:00,6755198.912142914,6335866.622546928,6303064.379649163,6320809.402181664,6348789.88248522,6418649.545265976,6869187.89999586,11437107.763691397 
 01/02  24:00:00,7127695.272240348,6728408.499639941,6697001.412514893,6713907.778635635,6741096.514455358,6811914.3420361765,7281441.516009701,12094212.532061113 
 01/03  01:00:00,7540887.927911369,7164601.712808194,7135098.568551676,7151402.524889917,7177994.622352656,7250186.974813204,7742289.551114276,12862590.382639999 
 01/03  02:00:00,7691908.854647602,7328188.704534101,7301714.3797373995,7318365.1243215725,7344715.9246465005,7418359.768986464,7931634.744914217,13315645.791662052 
 01/03  03:00:00,7932733.8068688605,7584892.289171115,7560826.681429614,7577634.243635671,7603895.651558166,7679023.2353363335,8210122.754811371,13802832.53011866 
 01/03  04:00:00,8131821.145614926,7798437.468294306,7776291.60981819,7793094.7041700985,7819216.647293009,7895501.117593311,8440160.567034189,14183778.75646955 
 01/03  05:00:00,8265271.346267972,7944314.051659726,7923785.119173866,7940487.381158013,7966399.176889777,8043596.978010738,8599222.942791337,14450101.658058938 
 01/03  06:00:00,8327025.243786851,8014930.511036124,7995322.225151086,8011651.463230147,8037151.778903346,8114842.33736481,8678245.24931608,14598324.329848237 
 01/03  07:00:00,8392160.920175964,8087489.55604831,8068441.839414737,8084224.468880349,8109190.259131355,8187273.912295381,8758387.78612763,14750051.210792154 
 01/03  08:00:00,8448222.006088892,8150546.0926888045,8132223.370922856,8147709.691502202,8172354.280281572,8250855.7985828705,8828190.14476888,14875753.70999668 
 01/03  09:00:00,8509955.107008647,8219582.2674046345,8202430.478055653,8217986.627730548,8242603.662352022,8321674.146502897,8904249.91236993,14992415.509758566 
 01/03  10:00:00,8433254.00854256,8149461.509039317,8135316.835132129,8152385.547393088,8178067.337250924,8258028.418124588,8836638.28635936,14789962.755601875 
 01/03  11:00:00,8011697.355676368,7729223.211745439,7725113.498356443,7749776.913837392,7781225.367553083,7863319.617016344,8403525.238925256,13624149.607527595 
 01/03  12:00:00,7197147.058770798,6898278.24876894,6907421.280317647,6944015.743797636,6984791.121662803,7068234.561820271,7522756.189539996,11300448.791487385 
 01/03  13:00:00,6246940.605416361,5932584.989116341,5959885.484749203,6012568.0121390335,6065796.726245895,6152207.448787529,6519785.498525417,8972149.485492434 
 01/03  14:00:00,5503719.089047632,5188085.720119796,5236732.933610033,5306981.102457751,5373616.157018724,5466778.787281874,5798536.256522617,7801328.872163083 
 01/03  15:00:00,4718858.694092974,4372704.58706462,4427542.881627377,4505846.504627692,4578488.6862213295,4674005.223138407,4979261.219825426,6747071.708595166 
 01/03  16:00:00,3602256.8750292803,3187793.308136936,3247527.1622323855,3334278.007171053,3416443.6458866987,3518928.276155821,3826635.3024075585,5718395.560133973 
 01/03  17:00:00,3837109.341709559,3367530.2223760276,3396951.79021109,3466602.1161687807,3535920.481131683,3636869.9564140057,4028245.7686366476,7427257.3843141105 
 01/03  18:00:00,7154299.12638839,6732257.507032693,6708828.014683242,6731923.175978804,6763749.523189442,6844284.97490368,7381261.212144186,13376147.622847423 
 01/03  19:00:00,8152536.178633181,7762953.012062889,7738199.599187424,7758238.751903362,7787840.32072319,7870177.997747922,8460505.238549279,15206919.667332856 
 01/03  20:00:00,8438351.120846938,8070282.374880707,8044750.793870646,8062254.20615535,8089835.769463706,8173117.835347899,8790285.478782406,15811576.281995561 
 01/03  21:00:00,8860567.533985812,8512149.557860082,8483958.968129197,8497778.229956174,8522572.993385818,8606090.921146955,9249885.360537205,16570619.150291273 
 01/03  22:00:00,9353689.826659229,9031234.32807851,9003025.130845414,9014673.620484008,9037769.282589056,9122488.16737657,9795127.57517289,17479272.62330236 
 01/03  23:00:00,9550302.059690326,9247348.935114315,9218767.507422969,9228159.607730146,9249363.488527467,9334623.466329694,10030435.543543924,17993738.83978247 
 01/03  24:00:00,10038351.999213971,9762388.616069041,9734481.125472417,9742023.775741931,9761636.93432738,9848711.687690597,10584339.462838452,19130848.537447125 
 01/04  01:00:00,10640823.447691899,10398803.674676143,10376105.582831092,10384995.876593895,10405494.836680774,10496015.540443854,11264716.676661791,20240377.015715476 
 01/04  02:00:00,11048729.910044754,10834718.913676595,10817277.364333354,10827981.968198167,10849720.371468939,10942770.772964876,11728117.492644817,20830785.422068574 
 01/04  03:00:00,11228414.601281874,11035433.11742421,11024633.814337283,11038640.389999004,11062765.133578803,11157387.465346364,11926628.21003902,20545671.130539283 
 01/04  04:00:00,11310516.374027506,11125914.42674783,11116844.749850737,11131246.011207422,11155450.891444363,11248800.252695762,11998704.777931854,20210710.484800648 
 01/04  05:00:00,11456041.527664496,11282137.508198658,11272936.972178997,11285930.60213265,11308793.392504126,11401338.86303926,12154668.099558404,20427369.89540298 
 01/04  06:00:00,11634648.626276568,11477105.34574226,11471477.617750429,11485983.311284851,11509958.55429097,11603842.236001614,12363046.959671589,20714230.93321926 
 01/04  07:00:00,11809945.118860152,11667776.516381199,11665510.447831983,11681429.625314258,11706425.989623303,11801500.701790899,12566290.560427554,20997144.95385099 
 01/04  08:00:00,11826637.307387143,11692765.911393434,11691395.481382841,11707082.489177598,11731756.562104436,11826713.824190237,12592661.786841946,21017546.82985081 
 01/04  09:00:00,11822041.5448414,11694934.69505518,11695391.016374758,11711767.676541131,11736876.217408735,11832048.162607787,12595326.73298789,20962406.055819295 
 01/04  10:00:00,11660120.956256742,11537813.03098327,11543958.790821102,11564316.236342246,11592482.69815396,11688686.70005609,12428631.788405405,20333098.126522716 
 01/04  11:00:00,10608435.356455006,10466096.463372272,10485075.842372997,10516955.793892259,10554132.994214429,10651337.537302332,11299257.641607566,17538436.63346032 
 01/04  12:00:00,8998571.529615562,8793543.586459374,8815669.888821736,8854322.507432189,8896864.522778615,8988773.0405898,9500923.694372775,13592167.173857566 
 01/04  13:00:00,7004146.940169114,6695630.254116515,6706019.487386348,6742046.810918935,6782195.690243279,6858844.776577635,7197039.653341362,9005105.382520711 
 01/04  14:00:00,5685352.860604699,5314763.982924668,5317627.5713095395,5352385.342323577,5391445.474896044,5458810.917874296,5704696.347907271,6622706.752051981 
 01/04  15:00:00,4794874.53842589,4366604.380258679,4359805.390504692,4391281.436536188,4427614.059066329,4488303.3937565815,4697492.042710565,5465556.014327748 
 01/04  16:00:00,3878303.9596509924,3368187.4089004314,3348904.221381448,3376634.278494418,3410399.978233708,3468047.476583117,3680932.6422886373,4726379.111875286 
 01/04  17:00:00,3473434.0863969503,2930104.8819538197,2909441.1969093736,2939047.4124515885,2972087.5261195023,3043958.3672207575,3340802.0539633045,5638900.554370081 
 01/04  18:00:00,6536068.534223134,6086287.640982563,6060631.892206898,6082327.079861881,6112380.103346562,6180666.571516974,6627911.053652588,11319520.820804778 
 01/04  19:00:00,7082508.599289623,6665440.953635945,6635797.639641463,6652133.01116754,6678166.042941925,6748509.705418717,7222481.645053028,12280654.97289558 
 01/04  20:00:00,7423238.036443747,7025458.27457395,6997509.747963648,7013813.536718773,7039782.825801015,7112067.597242426,7609142.6845534565,12913082.675593365 
 01/04  21:00:00,7465400.3335438,7078865.867815864,7051156.810755948,7066627.140790105,7091848.883958729,7164767.354903011,7674025.137449582,13058138.07107489 
 01/04  22:00:00,7568972.797318121,7192254.860399805,7164307.918171851,7178637.3764127465,7202885.459688215,7276273.744999261,7798387.037456732,13295624.985514913 
 01/04  23:00:00,7576501.457768124,7209939.766020678,7182668.188721769,7196528.201886372,7220320.201057931,7294332.122614852,7825006.453616864,13357743.92662828 
 01/04  24:00:00,7518588.301615467,7157200.687095594,7130225.193435713,7143667.338741103,7167052.991129817,7241158.429419762,7773679.1109086685,13275670.038383713 
 01/05  01:00:00,7735675.953421636,7384777.451694798,7358300.558841074,7371198.814676862,7394080.945895529,7468782.624322142,8013476.81125816,13668505.684733067 
 01/05  02:00:00,7834616.4092429485,7492159.86107147,7465795.439572359,7477886.204379717,7500039.021826835,7575109.79516339,8129346.582761569,13883018.631295037 
 01/05  03:00:00,7810676.054021157,7471332.124066491,7444439.841200409,7455536.563898221,7476800.850248731,7551559.728484802,8108663.027488765,13880261.781557295 
 01/05  04:00:00,7869600.105273347,7534910.60722468,7507623.5242903065,7517765.21660176,7538178.391937023,7612850.697970195,8175771.672184971,14007400.23533297 
 01/05  05:00:00,7882651.622570092,7553108.536667824,7526282.255232788,7536193.863878567,7556366.595918206,7631293.569715342,8197673.548857239,14038611.037020233 
 01/05  06:00:00,7872401.225259453,7546509.976188701,7520259.323239164,7530165.239737982,7550286.087033531,7625396.246076502,8192678.126737236,14022267.069324449 
 01/05  07:00:00,7882932.361440544,7559903.334105948,7533715.88824317,7543252.319527525,7563014.010859958,7638058.7847979255,8206931.625392029,14043982.632955419 
 01/05  08:00:00,7923856.861583276,7602601.424955334,7575798.979336293,7584461.208136294,7603434.221221283,7678064.370106011,8249055.303438073,14117038.332964286 
 01/05  09:00:00,7848643.520303804,7528754.268865925,7501940.244024634,7510224.815988114,7528825.057307682,7603240.081275315,8172725.7727457145,13980500.589899786 
 01/05  10:00:00,7658430.431213454,7334912.222925969,7308255.555794459,7316689.741806507,7335357.275141446,7409153.6312983995,7966538.891703791,13558507.35324344 
 01/05  11:00:00,7287090.597775612,6950862.24300625,6923893.820869864,6932683.386206657,6951525.701474335,7023087.102227885,7544400.736516911,12542752.601306569 
 01/05  12:00:00,6616057.486415959,6257022.211671753,6229457.099792833,6239141.541905091,6258560.047517312,6326695.15439977,6794140.780552592,10960619.245698404 
 01/05  13:00:00,6068931.451610423,5698429.999568336,5675473.06053197,5689958.791957187,5713205.587115837,5781646.706836444,6214517.43786236,9883090.13672392 
 01/05  14:00:00,5384089.724686326,4996469.193843543,4979910.639623654,5001085.116435018,5029561.222535345,5097629.619042962,5473291.310045237,8325508.139601601 
 01/05  15:00:00,4940965.408617981,4540874.411023035,4527451.143239843,4552363.050253295,4583649.825891063,4651320.273346556,5003891.894798489,7634098.444442663 
 01/05  16:00:00,4808021.82566498,4398636.7542398805,4383426.44369749,4407708.290676181,4438455.717573977,4505841.790665529,4869992.4665116165,7821965.23551162 
 01/05  17:00:00,4394628.017339175,3972936.8079999015,3963955.7352534,3994559.166343838,4030613.8679620326,4102970.1233427385,4482426.26286318,7710684.961360934 
 01/05  18:00:00,5725758.723234459,5294881.152860292,5254521.616390703,5260925.665946968,5278484.164770606,5342234.082095308,5799877.556845667,10448480.113850236 
 01/05  19:00:00,6263723.368348435,5842069.414349401,5798614.017064724,5802306.875857728,5817958.707077151,5882120.442184141,6365289.403235385,11418219.523839165 
 01/05  20:00:00,6573549.415895856,6161799.145987717,6117491.818854431,6119903.607594448,6134663.386471862,6199990.16300701,6706074.652474685,12062978.891488578 
 01/05  21:00:00,6801950.003839354,6400179.297742284,6356251.875532611,6358272.763535899,6372795.900270589,6439465.760905757,6962040.460200755,12501419.361854289 
 01/05  22:00:00,6841979.935732039,6449776.980016043,6408199.6560052335,6411295.252546901,6426623.6974264495,6494572.229855774,7021540.276722085,12519852.32524195 
 01/05  23:00:00,6811847.9166199155,6426484.017204742,6387911.616038307,6392761.665193855,6409384.834447041,6478401.6164991055,7002150.627805129,12354107.126488939 
 01/05  24:00:00,6757080.451146048,6379620.84062336,6345862.149618212,6353816.477629201,6372725.529459039,6442948.053967219,6955089.069614532,12037918.049239248 
 01/06  01:00:00,6749625.714860357,6376432.373970986,6345460.719572036,6355281.097521017,6375544.064382876,6446179.915062267,6950519.719744978,11889475.149833018 
 01/06  02:00:00,6855478.085318761,6487352.443336898,6457402.284902065,6467649.73861075,6488207.63524069,6559246.26976422,7066750.749487961,12060010.600958798 
 01/06  03:00:00,6990665.736568541,6628561.477110393,6599744.910830732,6610444.508037482,6631328.126679631,6702988.019974931,7215770.009455355,12291196.146188423 
 01/06  04:00:00,7086628.664682819,6726627.379673434,6695933.730756489,6704930.030224906,6724501.869373126,6795857.163536647,7320379.8980644345,12612054.372548511 
 01/06  05:00:00,7098189.0150914695,6742579.725574367,6712713.824979188,6721901.023726406,6741599.613565875,6813595.338098229,7341002.269237737,12622572.862235213 
 01/06  06:00:00,7115986.694682851,6764089.230293835,6736564.328114432,6747273.46695657,6768067.2693010885,6840431.779331418,7361872.61266578,12539551.725061603 
 01/06  07:00:00,7078381.605632873,6727756.932876761,6700287.5350973755,6710804.6096064355,6731384.060330993,6803605.367326171,7325299.90377477,12491457.180687837 
 01/06  08:00:00,7094008.3424575,6742993.611332495,6715207.9379769135,6725404.818091947,6745692.038300889,6817686.953753615,7339721.83353599,12523544.057602422 
 01/06  09:00:00,7074082.656546381,6725017.6835590275,6697729.734750151,6708079.834056495,6728447.903482068,6800567.483129295,7322375.769249401,12481152.177177161 
 01/06  10:00:00,6950345.58686856,6600074.381216903,6575272.227625293,6587611.432025993,6609500.364086323,6681865.919366837,7188526.535901186,12080493.002241177 
 01/06  11:00:00,6437963.483747117,6075640.118903848,6057829.539861546,6076702.438777813,6103675.754313891,6175743.619191155,6620535.319567074,10487542.191812493 
 01/06  12:00:00,5632430.6572705945,5246398.744528186,5237629.90640989,5265879.1000362225,5300179.40708332,5370972.866897439,5722793.70442309,8192800.197355598 
 01/06  13:00:00,4957306.547115895,4555431.139604375,4559055.139537915,4599163.139428511,4642692.664048417,4714088.81676285,4986892.308380576,6421566.836418856 
 01/06  14:00:00,4296536.230108558,3866356.4301487105,3873387.1409238973,3919034.1869629784,3966898.8591048857,4035721.815356595,4245048.202759164,5025180.189462445 
 01/06  15:00:00,3952322.4212294915,3492983.056280439,3495243.389509362,3539893.7184823053,3587094.1447021067,3652690.2015242637,3843626.8095575836,4591065.877781453 
 01/06  16:00:00,4060039.0582479364,3583676.2202921496,3580899.5025757155,3623500.2073097406,3669351.6298672864,3735554.2259813086,3960191.72697718,5302194.423991677 
 01/06  17:00:00,4427801.600027201,3946673.3281934527,3938986.898261323,3978579.163179745,4022577.974168216,4092728.1862193113,4392922.339726988,6920017.501153824 
 01/06  18:00:00,6070503.1699257195,5613031.244799852,5585828.349141572,5607162.643085619,5636399.660862278,5702708.843808954,6108821.26387622,10370731.361948486 
 01/06  19:00:00,6642506.13982445,6205235.881650854,6172589.630066188,6188849.908754511,6214417.655709347,6280962.777726641,6727274.896546233,11573514.082468662 
 01/06  20:00:00,7268630.509460276,6854983.738731352,6822380.149464219,6837004.832465098,6861423.239128099,6930663.181881731,7420460.517008217,12842158.48857192 
 01/06  21:00:00,7694981.140494215,7304373.480548031,7273609.369670982,7287896.326056187,7312075.695463313,7383704.630382586,7902397.077211036,13639585.578984007 
 01/06  22:00:00,8070794.946043836,7698370.121751431,7665735.949289627,7676953.202594902,7698766.695341322,7771787.141199437,8331036.010263953,14625823.372679248 
 01/06  23:00:00,8494749.537508195,8143357.788550328,8110103.084691042,8119034.687912084,8139133.7296417495,8214183.967492376,8811516.065053973,15610569.682394614 
 01/06  24:00:00,8614636.712868776,8277416.313599825,8243514.561266889,8250534.964295777,8269172.178630047,8345014.561891785,8961249.465507511,15942576.694326054 
 01/07  01:00:00,8321782.021832574,7985927.253337175,7948525.635274293,7952009.128660933,7967900.940545676,8042831.251346112,8665813.992879516,15621723.172185488 
 01/07  02:00:00,8318358.90658747,7987193.344804611,7948538.016564129,7950298.091907568,7964862.065347102,8039843.136386897,8671399.973659942,15675489.294002278 
 01/07  03:00:00,8426126.338362044,8105357.784644932,8067208.011382819,8068330.547347663,8082390.982407568,8158200.907414121,8800621.521503076,15894754.086826682 
 01/07  04:00:00,8410271.528305477,8092504.983967863,8053099.446933838,8052753.494680768,8065758.24010252,8141453.632835231,8786006.443754366,15817548.90257843 
 01/07  05:00:00,8459116.180192031,8145251.641692067,8105459.60634008,8104417.352378413,8116987.53775369,8192682.452646618,8835582.938457176,15775170.769479986 
 01/07  06:00:00,8552791.164780607,8243411.948910906,8202908.029787562,8200881.060276357,8212765.28457634,8288276.918605834,8932325.92330747,15871715.280809244 
 01/07  07:00:00,8482498.612111364,8176435.698660843,8136121.322166591,8133786.004597055,8145450.379950873,8220867.668870927,8860582.982298449,15668358.556167513 
 01/07  08:00:00,8312931.312052813,8005275.57675685,7965333.550455158,7963211.336474582,7975037.026367934,8049901.843472636,8677053.868482118,15247280.336941736 
 01/07  09:00:00,8282427.376501099,7979445.335487288,7942330.067856628,7941983.903520279,7955116.461862907,8030473.298445804,8648892.417422185,15047994.799500868 
 01/07  10:00:00,7894947.903303135,7612457.0015874095,7592823.236825621,7603983.121126467,7625322.46574294,7705028.755084229,8298258.8972791545,14222975.720809987 
 01/07  11:00:00,6204988.3318845695,5990773.481842009,6043127.60582075,6104144.703861763,6161653.817215126,6262851.215917092,6782468.11785276,11208214.74603941 
 01/07  12:00:00,4077466.4225886697,3879314.8518948145,4001692.8963526255,4111773.2690501655,4207624.112933027,4327140.678301953,4722301.47652227,7096835.947089483 
 01/07  13:00:00,2704413.8365007546,2507987.8149019806,2666060.015775057,2810716.9961375156,2930348.9029370905,3059848.3019940383,3357245.8504624753,4416400.57854859 
 01/07  14:00:00,946967.5756273151,845427.8442185067,1077858.2282233199,1277417.5182316483,1441254.7058893428,1595280.870956728,1828167.5739342961,2204551.160129985 
 01/07  15:00:00,7302.8154620784335,5588.7867228811965,72547.64480592858,213949.80417604238,410535.4061841761,584816.2370530277,811387.8815497985,1181141.3136365782 
 01/07  16:00:00,0.0,0.0,0.0,43629.19467877073,239314.41034711024,424637.3658765515,687836.429144362,1628795.0583995697 
 01/07  17:00:00,879719.7034777798,684789.8959556057,891396.6889794203,1136548.8065339946,1305055.659511153,1464638.9438124285,1790200.4817670663,3827674.32551674 
 01/07  18:00:00,4058929.352170286,3528569.054392506,3577419.933237086,3666903.650919513,3735782.8204019866,3836529.2225353234,4226073.036975863,7776858.40712536 
 01/07  19:00:00,4655594.888748754,4123645.640019601,4156168.536653252,4236391.393389371,4303692.537972195,4397893.168171745,4809059.1884031,8760689.904058218 
 01/07  20:00:00,4932044.940577984,4414431.329538445,4439166.546280321,4511953.667525021,4574715.421568607,4667052.972326174,5088781.645562505,9089309.9124768 
 01/07  21:00:00,4987433.276477947,4466438.3120345585,4475228.465980295,4535379.146593661,4589724.38144079,4676560.133495338,5104417.41540299,9197596.466282992 
 01/07  22:00:00,5020772.754030127,4488609.44139429,4478465.979774079,4524309.436643397,4568989.783787327,4649969.073792591,5088050.094933547,9346365.498421844 
 01/07  23:00:00,5117252.627355956,4588387.796052374,4567663.968994225,4604600.647887187,4643422.153892096,4720840.709041263,5163153.7444476085,9460514.740302937 
 01/07  24:00:00,5292324.18764306,4782164.892606884,4759593.66244308,4793273.847011274,4830165.082249342,4906856.950642692,5352870.29156502,9630610.472364608 
 01/08  01:00:00,5259689.873440893,4769723.648269521,4749241.693357826,4782269.950054089,4818942.84756782,4895188.377463726,5331692.903513726,9398970.18303946 
 01/08  02:00:00,5232619.630834786,4749299.296523889,4726179.359769574,4756156.074378896,4790851.890055193,4865184.854211718,5294681.29029317,9257290.924549859 
 01/08  03:00:00,5265825.551459188,4788448.882859893,4761782.835569237,4788086.831930598,4820312.457263703,4892929.383848467,5322075.77730942,9281982.395714693 
 01/08  04:00:00,5302364.198087447,4830054.147587821,4800559.028377347,4823801.565251388,4853945.91429964,4925011.056336285,5352741.089311754,9308816.37621834 
 01/08  05:00:00,5388688.403259191,4923127.368183006,4891823.309508374,4912751.064644979,4941333.46651293,5011359.180875132,5439981.952866834,9422271.711160634 
 01/08  06:00:00,5589046.4108910225,5128366.536996422,5093128.237747494,5110273.902701352,5136187.5544292675,5204836.144908946,5642468.3896251395,9795497.610443888 
 01/08  07:00:00,5791766.889653939,5342293.036356149,5306915.178035092,5322844.347069166,5347970.746183423,5416813.999855935,5862538.794042311,10119266.854017435 
 01/08  08:00:00,5862056.325822831,5424472.71159286,5391444.120091192,5407905.5955182575,5433406.838454269,5502566.989199259,5948011.269487182,10185315.672360867 
 01/08  09:00:00,6046020.756429212,5622325.814874192,5589941.084305817,5605762.475907512,5630906.4036375005,5700481.855418545,6154342.716416075,10519000.294399073 
 01/08  10:00:00,6225451.951809248,5821447.50915626,5794217.132268786,5812327.650724506,5839149.130878704,5910284.967288125,6368443.30118916,10782661.565096281 
 01/08  11:00:00,5594699.4641264025,5207598.560405832,5201037.683327084,5233024.552062959,5269750.451763913,5345296.045800702,5759670.932010308,9354459.754992649 
 01/08  12:00:00,4671143.593091088,4299627.84412012,4321048.072118039,4373644.05536524,4425607.225597133,4507182.488161007,4849873.8461695835,7263554.077496747 
 01/08  13:00:00,4092709.905408787,3729532.2286252617,3768007.6854088143,3833296.588857062,3894500.562847777,3979345.598731936,4281963.427054045,6150239.053462297 
 01/08  14:00:00,3541392.089986135,3188133.4029241935,3247285.6168747223,3328410.8423638274,3401442.4834185992,3491761.060823404,3758305.7334372685,5173457.12899926 
 01/08  15:00:00,2888158.39580645,2502440.9277968463,2564665.7932994585,2650905.4412954645,2728956.582920383,2819847.254195447,3039561.1345016616,3925547.210758876 
 01/08  16:00:00,3748642.405347919,3315480.1114554955,3340094.9808302936,3401649.7376857153,3460829.0295192986,3540118.8141945805,3815334.0342810582,5731373.246591093 
 01/08  17:00:00,3244190.6113947784,2820214.512657887,2863431.356557732,2938107.1588922036,3008550.4489607094,3098471.487221276,3397617.7882875213,5686387.951226738 
 01/08  18:00:00,4754970.579480518,4269933.929042032,4247905.4864356695,4276472.582660388,4311069.726564666,4378254.733997662,4739655.038336156,8249333.932921183 
 01/08  19:00:00,4963536.300074215,4480400.38491616,4453211.359499194,4477936.096819653,4509918.799113718,4576300.09863346,4951516.593797511,8585938.266201148 
 01/08  20:00:00,5183749.62130573,4711654.723858012,4684517.656561976,4708404.24518467,4739750.590508742,4806463.244324724,5190701.607613583,8901320.363615114 
 01/08  21:00:00,5491273.15640651,5030546.904902216,5002315.681926221,5024439.3500571735,5054489.663531466,5121620.5350848865,5522096.093853702,9434093.145791067 
 01/08  22:00:00,5776111.598239769,5318613.452549365,5284204.657951364,5301179.899568623,5327494.2330982275,5393693.892401325,5816934.943754215,10062436.866444685 
 01/08  23:00:00,6002596.452942873,5548337.206370781,5508378.053212174,5520608.042132223,5543465.057362979,5608883.048271536,6052084.906703761,10579302.205221493 
 01/08  24:00:00,6219642.685165208,5776751.178397376,5736202.440049806,5746947.666459464,5768703.34147015,5834648.529061366,6291973.235905338,10969867.185399273 
 01/09  01:00:00,6445893.047685078,6006066.193132788,5959474.50373363,5965070.722366551,5983034.670072124,6047990.709280574,6528228.363648113,11547708.237252727 
 01/09  02:00:00,6764174.829635928,6331233.165593879,6278439.254477026,6278318.987751314,6291984.503454657,6356505.183805884,6872278.482586803,12446514.64110097 
 01/09  03:00:00,7483406.898332108,7080201.368881594,7030226.568995018,7030005.357491836,7043541.602174825,7111421.830229774,7670598.716901688,13861065.995176027 
 01/09  04:00:00,8170108.286667103,7798898.358755488,7753313.09396451,7754081.052261213,7768326.791305404,7839759.168674465,8436765.046809198,15145154.3931523 
 01/09  05:00:00,8789054.952217335,8444977.307919962,8399687.5228603,8398447.843904782,8411106.704802746,8484969.45061938,9129487.427060844,16546725.338285703 
 01/09  06:00:00,9561027.373783331,9251753.479761314,9209233.067208784,9207425.91502978,9219581.897966605,9297094.436668009,9994583.48079064,18212519.82443056 
 01/09  07:00:00,10148992.30020105,9873862.238422526,9836087.944913471,9835256.958684413,9848080.75210225,9929369.46815911,10666032.76673269,19397866.57761628 
 01/09  08:00:00,10352032.245395413,10100739.112648197,10067924.125350185,10068917.303094156,10083081.58009598,10167144.798190873,10918056.168537986,19677891.72820011 
 01/09  09:00:00,10316170.30655614,10085065.124457965,10061082.16285642,10067218.857916862,10085271.893166635,10171919.159635682,10905218.95815144,19141936.40412367 
 01/09  10:00:00,9866356.259683812,9658022.809243353,9653003.779763585,9671790.801732853,9699105.832194015,9790139.645877318,10478529.900915697,17743386.504307132 
 01/09  11:00:00,8414891.855623875,8223061.878755562,8257677.182886475,8305869.960052723,8355146.745315742,8456823.879525168,9055811.36072117,14577035.876133341 
 01/09  12:00:00,6351654.226311061,6113579.784880169,6177933.820713465,6255368.256519014,6328387.676143631,6439467.258770315,6906766.183915771,10227044.533519672 
 01/09  13:00:00,4842903.022013994,4546255.900601611,4628583.101228306,4725080.412747006,4813250.810003852,4925073.587566957,5263871.763219649,6842234.605218066 
 01/09  14:00:00,4342410.841658333,4044628.0552376774,4140743.791152579,4248390.047373156,4343171.430688291,4456454.572458872,4770213.872428923,6227657.126254292 
 01/09  15:00:00,4628711.703160987,4333699.059072924,4425121.309774283,4546614.929704431,4659363.127671532,4786290.319490423,5144227.679394202,7410471.561808802 
 01/09  16:00:00,8573246.865944164,8282172.247037747,8296380.193299237,8337712.838935526,8382416.478381831,8475854.846687702,9047270.074499032,15335989.271606306 
 01/09  17:00:00,5219992.090529193,4985932.324345903,5116833.64971125,5242525.907367594,5357686.133324849,5499742.071250437,6016205.969264261,10694412.320675107 
 01/09  18:00:00,8057343.010162607,7699478.226314196,7716439.128061895,7754839.362918377,7796145.935268585,7889274.906408323,8488369.261150876,15019496.875554262 
 01/09  19:00:00,8575083.916187018,8248589.72441372,8237744.865691289,8263300.352412991,8296547.808780842,8385811.8960676575,9013941.878274448,16023899.989868969 
 01/09  20:00:00,8959475.016075794,8651841.642681854,8639024.54669689,8661360.725264406,8692111.745472893,8781322.472431863,9431863.309296597,16710875.414950468 
 01/09  21:00:00,9324334.470353333,9036746.887537869,9022960.901824305,9042743.289595926,9071466.208119072,9160992.103707606,9834134.358544819,17386480.086400177 
 01/09  22:00:00,9411609.049501415,9140349.146796986,9127213.095494553,9145782.446094308,9173418.177514499,9263282.43875033,9947795.498682551,17568231.19755243 
 01/09  23:00:00,9437484.125908837,9174435.067551408,9161078.063938178,9178530.691476136,9205293.670058437,9294755.986540394,9976895.835342474,17441441.05705417 
 01/09  24:00:00,9664493.829013383,9410947.290460149,9394995.017796569,9409585.371013612,9434213.955347652,9522506.508580435,10209466.797679238,17734068.035598762 
 01/10  01:00:00,9861618.372867709,9618525.872283854,9601503.906065248,9614335.336900119,9637648.019910522,9725627.622264996,10418400.810967136,17984972.69090888 
 01/10  02:00:00,10010088.833695922,9777857.961064223,9760804.863989927,9772557.949639665,9794975.208334869,9882565.782642871,10578739.57254867,18192507.9048342 
 01/10  03:00:00,10082104.191431789,9864086.043694805,9849847.441988718,9862414.330751995,9885283.443101346,9973594.976763163,10673006.08421919,18274530.154049728 
 01/10  04:00:00,10244444.047047231,10044757.852721062,10036776.349689787,10052557.27394276,10077603.088698057,10167629.42069738,10868791.352672085,18464688.100498516 
 01/10  05:00:00,10455457.934645768,10270855.279309032,10266360.211821346,10283529.027659018,10309458.697290905,10400661.811298054,11109778.994139332,18819436.54743049 
 01/10  06:00:00,10730345.446107868,10554094.276005447,10547300.912414016,10561904.885556439,10585837.77852836,10676793.720248219,11406357.96216725,19485437.039611842 
 01/10  07:00:00,11212017.00647809,11053817.234481184,11047954.836770214,11061880.268451067,11085231.658179577,11177717.335895553,11935372.61450809,20485045.278280117 
 01/10  08:00:00,11133427.742881078,10986362.181992948,10986174.03396528,11003309.420195922,11028947.996443665,11123010.485031823,11870520.368590306,20123219.52138702 
 01/10  09:00:00,11542354.097884906,11406011.337712126,11407971.666543346,11426249.000922993,11452745.080500415,11547340.558443066,12295754.90862678,20518385.65177919 
 01/10  10:00:00,11806850.786440933,11685888.343003053,11694321.425928162,11716620.418595858,11746279.694549112,11843544.231656801,12592090.327963868,20785531.42174241 
 01/10  11:00:00,9897907.620357059,9726698.94905472,9747840.227158744,9783625.725071415,9824147.357884094,9922472.498735374,10552446.094719037,16548067.37865584 
 01/10  12:00:00,7399771.4415617455,7131675.518152875,7153272.354823268,7196245.32782869,7242674.162893764,7333824.205434742,7794329.916392708,11161376.346124904 
 01/10  13:00:00,5323659.437372963,4957698.990874844,4987672.445650316,5045412.18382016,5103704.452788924,5189501.200573143,5463850.286547438,6442832.4452758385 
 01/10  14:00:00,3331975.594090122,2915838.897498186,2973184.245900856,3058735.2519848123,3140142.2981524765,3231389.775280806,3375052.2146134647,3382565.858706001 
 01/10  15:00:00,2229751.062931126,1795518.7846593182,1859728.1167357056,1955424.3845554972,2047384.157766681,2144016.782211406,2307532.400394014,2649790.0095156515 
 01/10  16:00:00,3702649.4191316273,3223307.578587896,3265355.7573486934,3348253.1557607725,3428581.97924228,3529810.2431433755,3838251.630263347,6069676.244891221 
 01/10  17:00:00,5265555.811682904,4814119.80804298,4837770.259615414,4904210.9539482985,4971343.471570773,5070049.149263302,5490730.938065046,9510548.51822934 
 01/10  18:00:00,7219204.090236667,6782033.034377094,6764954.724458141,6797078.955881743,6837005.302421004,6920654.040036209,7419996.251222296,12863219.559758913 
 01/10  19:00:00,7629608.36677227,7216712.097314559,7199942.042246244,7230231.156741508,7268500.691522578,7352527.898588992,7872391.025083429,13495624.85666017 
 01/10  20:00:00,7999910.704107789,7611620.886643645,7595199.857961078,7623524.335797322,7660077.791170135,7744805.461143883,8288663.99330611,14164077.497635266 
 01/10  21:00:00,8254161.008694267,7887368.431225655,7871276.594651394,7897765.316971883,7932690.055326347,8017763.756175908,8579846.730762433,14631657.704182 
 01/10  22:00:00,8509115.697621329,8163559.264411696,8148270.913280598,8173317.099563852,8206912.075520635,8292371.111102477,8870744.890540713,15084482.37468686 
 01/10  23:00:00,8725131.522846432,8399640.22556766,8385594.771361074,8409611.793178467,8442191.053939141,8528111.941623252,9120311.321272587,15469396.298915947 
 01/10  24:00:00,8725336.882155782,8412741.394270403,8398893.651725527,8421506.635633245,8452779.854266915,8538416.490289096,9137344.712793399,15507309.424344182 
 01/11  01:00:00,9165693.033327676,8871761.855197877,8856863.779588629,8876876.047939014,8905996.960478574,8991959.34103983,9618162.553252893,16405386.027405523 
 01/11  02:00:00,9553550.420034278,9284321.727370625,9272776.296082923,9293224.888387535,9322524.080640139,9410377.797878068,10055945.100252878,17069000.180847988 
 01/11  03:00:00,9775201.444862425,9525211.424507407,9517734.088938184,9539600.926785368,9569773.533875225,9658750.916042,10309901.17524758,17347136.231917955 
 01/11  04:00:00,9749570.904928915,9511568.786412366,9505301.803527795,9526664.115634074,9556250.885362606,9645366.048431117,10300624.23072826,17331870.790009946 
 01/11  05:00:00,9658513.111913288,9423293.017792203,9416377.544804718,9436486.458308406,9464945.255595183,9553229.652945563,10207357.93316113,17193671.982936688 
 01/11  06:00:00,10083525.095423102,9866677.283464456,9862077.451223908,9882568.036753744,9911225.515351657,10000819.424963247,10671690.996257484,17909627.639598228 
 01/11  07:00:00,10252227.801720757,10051517.232257111,10049705.86460342,10070878.645988766,10099922.020739216,10190643.690983543,10870381.91648966,18206655.745364748 
 01/11  08:00:00,10285824.715401325,10092081.832493342,10091327.382169321,10112499.465673963,10141417.038382431,10232201.415935472,10913735.96219226,18261717.346104514 
 01/11  09:00:00,10441987.275992543,10258864.956427963,10258427.072096433,10278824.763861928,10307046.533180363,10398135.613085527,11092092.430730702,18643477.49745029 
 01/11  10:00:00,9936237.64841844,9756195.404545056,9762905.294590207,9787993.469444929,9819579.734606642,9911959.0815702,10580800.673424223,17609519.18513967 
 01/11  11:00:00,8533896.84743785,8350830.875537203,8384049.391548126,8429792.075852977,8476841.052792061,8574705.93741284,9149321.857523674,14410260.020843294 
 01/11  12:00:00,7477166.208092086,7268234.230178304,7313305.237298429,7370621.089281021,7426649.653978325,7525536.662473154,8018172.318200931,11953787.877551442 
 01/11  13:00:00,7129159.2070396785,6877574.547275078,6909512.468929598,6959866.396274099,7010791.420551745,7102556.0125923585,7558076.815298323,11128821.967729298 
 01/11  14:00:00,7859579.22152538,7598224.7675098395,7606675.117729919,7639089.5209361315,7676218.656253161,7760617.656125202,8274019.378538292,13084438.32315427 
 01/11  15:00:00,8452220.970634205,8197845.655188987,8197437.892085858,8222453.648909755,8253915.271848761,8335609.4940069625,8878594.922524974,14359227.003225256 
 01/11  16:00:00,6911699.438349873,6595773.369238844,6599040.52054216,6630664.396173041,6667141.862751653,6744843.555470376,7170642.085985551,10658288.13246123 
 01/11  17:00:00,5697388.721635008,5321717.1474044705,5323216.6869894015,5358135.409466726,5397851.071085185,5476876.606428746,5891460.277863193,9338964.858525828 
 01/11  18:00:00,7711656.3641861295,7400569.998457506,7386836.439271269,7404745.421287015,7429150.247994219,7501132.7824329715,8042425.891738287,13496349.89705173 
 01/11  19:00:00,8471497.374961842,8169740.938567404,8151310.774007606,8165640.5644969465,8189075.901007859,8267478.744222162,8865278.218543727,15528338.572720023 
 01/11  20:00:00,9274687.463008907,8997325.73644116,8975234.77644877,8984938.916466061,9004915.381495351,9086017.609878799,9756667.933533914,17624378.163135804 
 01/11  21:00:00,9913986.764119696,9662270.38673393,9641157.340682214,9649853.742188893,9669128.072969642,9753138.90768804,10466549.166659081,18918694.078703836 
 01/11  22:00:00,10129815.722313957,9895680.812056636,9876603.4461873,9885496.434860306,9904913.484674234,9991032.223491715,10724773.816125154,19332012.23180978 
 01/11  23:00:00,10436776.191979708,10220263.332777364,10202942.402772382,10211853.696565332,10231280.251890898,10319340.440413889,11074131.645273946,19884989.11552933 
 01/11  24:00:00,11129193.645716835,10941580.90967516,10930825.404584197,10943153.29082108,10965330.772000726,11056976.905106286,11821261.663029224,20585138.555148367 
 01/12  01:00:00,11758426.641307518,11600650.303831844,11594906.244891902,11609250.84922556,11632955.370946694,11727109.522445543,12512080.064913917,21552498.67192138 
 01/12  02:00:00,11910881.291299734,11765931.745763404,11757594.093118962,11768632.77806852,11789766.135085598,11884264.512304265,12699435.584000763,22254694.11389384 
 01/12  03:00:00,12356322.854749884,12231050.091038192,12222599.827676507,12232114.221820803,12252159.832758904,12348231.099903021,13194500.863753702,23214049.381582513 
 01/12  04:00:00,12676781.298196968,12577007.303886367,12574530.966190174,12586819.250400698,12608906.40065977,12707871.314627092,13564510.865365103,23596286.603675406 
 01/12  05:00:00,12555188.03709359,12468275.143334601,12474007.856975451,12491626.320226846,12517705.775030013,12618391.597319704,13446949.644900482,22811496.520575903 
 01/12  06:00:00,12355123.613548495,12272942.459572077,12282864.545215597,12303273.863578651,12331398.215128724,12432224.219011322,13238732.362603601,22136413.712919697 
 01/12  07:00:00,12514766.116311597,12437727.517882405,12444130.23480121,12461201.98198381,12486656.2301016,12586582.91903083,13417084.812136738,22836591.739090566 
 01/12  08:00:00,12604575.735557068,12535727.65590749,12540512.507867323,12555432.882355094,12579226.977222973,12679315.568640787,13525313.451960938,23210538.06435787 
 01/12  09:00:00,12185588.478524778,12119674.706579754,12131832.483974295,12151922.68115757,12179504.047588436,12280494.686686067,13091426.964823697,22054973.85464587 
 01/12  10:00:00,11512038.477899948,11442486.701013567,11464118.177716885,11491477.976141747,11524368.162077677,11626171.518582532,12388861.104807638,20437475.70766628 
 01/12  11:00:00,10262466.256741533,10182368.908280835,10221783.09816074,10263300.763451511,10306688.244112654,10411684.174315417,11104910.225479998,17898287.36230527 
 01/12  12:00:00,8258223.03269347,8143270.1508845305,8207712.284069748,8271388.837572353,8331613.136330861,8440423.87605457,9004780.746755965,13616339.90230177 
 01/12  13:00:00,6701626.690110721,6534055.132871405,6605721.7450606255,6679255.49578275,6747053.090192016,6853223.23532489,7307600.312917445,10350856.756074395 
 01/12  14:00:00,5770370.00933991,5566376.0088973,5642261.726373175,5722019.375749037,5794364.751975396,5898347.127587967,6291431.358809301,8666959.380159484 
 01/12  15:00:00,5502021.4995811675,5264755.053805931,5331125.588266273,5405752.795261398,5473911.436776314,5572457.831820894,5952445.336950474,8427240.25296218 
 01/12  16:00:00,4959810.509387005,4681098.051755119,4745858.966264097,4823442.24517643,4894570.412800429,4993286.252084271,5353041.231683426,7702937.903830323 
 01/12  17:00:00,4565418.010395192,4238822.5931255,4297987.556240926,4376293.84721164,4448719.467879761,4551436.607095577,4946937.761686585,8001889.725029621 
 01/12  18:00:00,6788663.901435652,6454950.575599531,6442404.397593603,6492246.477171024,6532950.57175501,6616312.995197531,7102064.520837323,11910491.609584117 
 01/12  19:00:00,7398776.859259825,7072391.50739666,7072240.629562974,7100913.318581828,7135403.588422346,7215848.588995287,7726448.5398607,12989679.085030995 
 01/12  20:00:00,7750485.205739973,7434099.768601893,7431870.397381775,7458672.012231853,7491713.4826931665,7572566.948001258,8102666.936711751,13634118.669191884 
 01/12  21:00:00,8015103.391362264,7707723.981001844,7703524.0929352315,7728515.144297976,7760157.942812106,7841188.967746925,8387254.868412911,14119830.488689967 
 01/12  22:00:00,8327161.190351521,8031539.5876406,8026414.634154782,8050130.4936743295,8080779.116578485,8162455.119506303,8726217.617431559,14690027.550558042 
 01/12  23:00:00,8563929.563622035,8278796.329160049,8273063.458152481,8295730.725285912,8325553.1534227375,8407837.021526352,8986338.52395287,15136074.181416353 
 01/12  24:00:00,8776209.784747044,8502491.063011296,8497012.86613846,8519205.112637838,8548643.691432161,8631686.367596462,9222071.715957234,15500385.800551794 
 01/13  01:00:00,8870140.955781853,8606203.9537477,8601180.335041776,8623064.301467583,8652222.533336107,8735740.121024357,9333060.145575557,15659687.762999307 
 01/13  02:00:00,8921396.648188712,8663580.99072295,8658167.857197711,8679246.707013916,8707743.079443445,8791301.331580425,9393864.545455672,15764686.035123805 
 01/13  03:00:00,8914125.03741638,8661483.62609765,8655801.016356803,8676214.534048997,8704160.075044565,8787740.690528315,9393780.428902518,15766967.029139705 
 01/13  04:00:00,8814779.326282937,8563346.265046604,8556946.195973199,8576548.549104057,8603824.431822322,8686955.228531122,9291332.801191218,15602908.69141575 
 01/13  05:00:00,8703232.50409175,8451308.355588557,8444132.368447905,8462990.483099025,8489650.410113432,8572248.596819468,9173529.172643425,15411133.262930134 
 01/13  06:00:00,8846460.575333238,8602463.19393318,8594752.446001776,8612883.576905938,8639111.043343412,8721738.965890216,9326549.455169298,15620265.761339718 
 01/13  07:00:00,8911103.963276383,8673338.853290817,8666493.88599324,8684824.42395145,8711152.08421091,8793785.6589067,9398272.486691069,15688789.12784372 
 01/13  08:00:00,8642017.97195628,8399083.157180907,8392885.578661282,8411594.800187822,8438013.482806902,8520218.391209096,9115532.58317928,15215101.63079825 
 01/13  09:00:00,8437319.516134534,8189217.199985064,8182364.559712209,8200718.587226909,8226802.987175196,8308184.593906308,8894453.948959786,14845137.87215721 
 01/13  10:00:00,8297133.018235849,8049971.98731449,8046625.665758154,8067493.109522555,8095370.753680635,8177350.581449831,8752574.85065618,14506161.234551653 
 01/13  11:00:00,7919722.783526858,7681687.478249066,7692643.049845626,7723847.581062475,7759324.211228896,7844958.816087199,8389551.114097713,13572621.237212362 
 01/13  12:00:00,7084531.044881756,6837521.388847817,6863537.071306212,6907228.177970652,6952093.443810828,7040531.17471798,7525222.167628224,11704206.92587688 
 01/13  13:00:00,5210584.319443177,4910127.674126733,4954618.96022167,5017578.797307727,5078900.63086989,5169108.249763741,5502164.319572976,7423727.629919574 
 01/13  14:00:00,2860524.6239259494,2443692.978031182,2489385.957490961,2566014.409530112,2638666.7857257095,2723080.582277599,2884046.9912581355,3071003.633581202 
 01/13  15:00:00,2357718.744282691,1889307.749469405,1925740.1047411042,1999524.746251287,2070624.5223074267,2152467.3903814866,2315173.9294652916,2616057.763022729 
 01/13  16:00:00,1396925.8473995072,917592.7980432755,955176.3554447447,1035448.2177216155,1113114.8203182197,1198476.758503764,1369381.4019203202,1934079.6608700012 
 01/13  17:00:00,1346265.703591744,802996.420291903,808949.1033461746,873763.7767184045,940592.3798559613,1023743.3039849072,1253904.4073019542,2889958.826557679 
 01/13  18:00:00,5751515.02380407,5224306.5750674335,5186389.129728375,5210250.083717982,5244325.567661645,5317484.117999701,5748765.867661186,10510219.070736527 
 01/13  19:00:00,6969279.800695972,6475472.448216979,6437031.045930788,6457841.77049872,6489704.922987451,6567607.648370284,7082739.803156797,13022917.425138429 
 01/13  20:00:00,7458758.244071606,6999054.734909963,6966855.05114142,6989918.39452286,7023381.874528995,7104132.245158348,7629696.546432897,13421185.041869674 
 01/13  21:00:00,7983281.010978506,7555276.912051162,7524171.982294278,7545350.057944257,7577157.140620763,7659127.415252965,8217135.961217678,14389122.554310158 
 01/13  22:00:00,8667408.494777085,8269420.087236479,8234863.492246631,8250593.546320086,8278108.246498002,8361242.302291647,8976007.324806629,16003722.910409985 
 01/13  23:00:00,9062438.37432548,8696198.970640713,8664239.005690154,8678998.7316473,8705519.762124695,8790621.125365006,9435915.964404492,16793554.425096627 
 01/13  24:00:00,9206072.514138322,8864878.479590403,8836290.241392203,8851078.060707668,8877297.269030865,8963454.14562051,9620501.75185139,17000958.43568807 
 01/14  01:00:00,9340859.882355886,9019702.782735338,8991469.663758794,9004264.351416595,9028723.589222983,9115118.396482583,9789566.964273427,17354249.643794637 
 01/14  02:00:00,9431418.326554958,9127754.802993074,9100912.802418308,9112890.405316742,9136530.885866825,9223522.385641446,9908264.043441294,17503605.5832009 
 01/14  03:00:00,9544194.339684924,9257732.892292703,9232263.216556635,9243341.456276014,9266045.768917799,9353154.193277087,10046634.914284999,17731386.032221593 
 01/14  04:00:00,9665134.626378382,9399732.31576156,9380424.84812562,9394196.699701866,9418708.237634074,9507540.34656629,10196296.983507216,17650561.66430487 
 01/14  05:00:00,9951466.239826877,9707533.197127543,9694823.773204679,9711975.727919161,9738842.039818352,9828955.473008443,10511950.169802662,17804435.46538955 
 01/14  06:00:00,10340956.567485835,10118027.787504654,10106923.128729228,10123451.657642478,10149649.62048018,10240687.717719516,10946205.066483406,18632335.31423285 
 01/14  07:00:00,10677839.443034554,10473267.530042836,10464665.781223176,10481526.318505213,10507861.140636113,10600242.891079346,11319996.118531512,19197073.791413717 
 01/14  08:00:00,10924772.755556826,10741071.45321027,10737891.227259064,10757274.039973553,10785371.230213704,10879315.33999649,11601466.54845826,19473022.516689338 
 01/14  09:00:00,11127914.62614569,10966409.140571045,10969128.778211627,10991276.23525254,11021290.194432773,11117155.763504012,11845809.184861744,19775841.343908392 
 01/14  10:00:00,10987175.97508004,10845803.0296701,10861494.440346802,10891988.628362091,10928165.880751992,11027741.295021545,11737401.905967413,19232079.01066053 
 01/14  11:00:00,9809993.083166977,9673340.54371154,9717294.010810398,9769408.671278942,9821904.60522123,9928332.125118438,10554009.463501621,16441218.199555885 
 01/14  12:00:00,8092628.6588782575,7947933.34780059,8026722.48036146,8106923.0921019185,8180722.001957256,8296013.189809847,8819466.65330868,12933914.163729236 
 01/14  13:00:00,6092448.688141815,5923703.098802645,6040202.045263805,6152582.920508899,6252041.944253927,6378070.563384379,6784540.287390125,9106556.99418493 
 01/14  14:00:00,4445161.485465641,4256358.772836098,4404695.212727927,4543439.398280556,4658425.193050386,4787563.699762916,5108315.973501705,6430499.001280032 
 01/14  15:00:00,3752263.5283261174,3514744.491063272,3646086.4920745026,3774778.085257123,3884846.330814286,4007143.600717936,4313098.349143904,5720091.388338463 
 01/14  16:00:00,3947958.731172016,3678185.2497942178,3792296.3299956187,3911957.6098643695,4015249.4951773835,4135384.1697114613,4480872.729667587,6634907.600652689 
 01/14  17:00:00,4622232.367642039,4330002.359446815,4419148.417916261,4519187.9559809305,4607073.145076273,4718446.01520514,5114354.246219554,8274011.423022386 
 01/14  18:00:00,5975318.925410346,5601958.58622478,5616682.237391615,5664233.883420549,5713011.842731059,5798350.99998759,6240375.896273393,10504485.069101015 
 01/14  19:00:00,6282635.706388827,5903156.033393571,5906495.868752622,5945605.516616887,5988093.973961838,6069793.524651764,6526338.041481431,11046633.088136733 
 01/14  20:00:00,6514472.1404163055,6138863.428113677,6136866.726803743,6171508.228374311,6210638.4365189085,6290873.805984123,6760565.762058663,11452454.624710694 
 01/14  21:00:00,6796854.741659154,6429026.781854883,6423628.474094903,6455024.47105336,6491706.872030521,6571244.70630772,7055030.205597297,11932217.39274642 
 01/14  22:00:00,6957209.9131036615,6595708.57246696,6587612.012253893,6616343.211057523,6650995.04959313,6729834.758438443,7222528.522907349,12197403.01341297 
 01/14  23:00:00,7043629.203567263,6687105.056962957,6676471.128523612,6702697.922142155,6735450.604513133,6813462.795295144,7311815.808756783,12337157.070185682 
 01/14  24:00:00,6871367.523438754,6512852.884817379,6498474.199021224,6521545.783073289,6551875.322627782,6628180.749125704,7123653.39425526,12059813.418978918 
 01/15  01:00:00,6713193.3210987,6348916.301597556,6330808.141782755,6351162.358273711,6379418.154528292,6453882.194665467,6944423.433444329,11790919.098651236 
 01/15  02:00:00,6763924.547803804,6401346.144655214,6381531.559333764,6400311.898222314,6427368.236672353,6501162.568231112,6993605.242219543,11860737.100761821 
 01/15  03:00:00,6838729.375649892,6479428.389023406,6458644.157593975,6476310.056448402,6502502.267562573,6575911.219515589,7070907.166815589,11969572.057085564 
 01/15  04:00:00,6878019.89675924,6521218.339821815,6499539.308672465,6516198.201293087,6541597.596045206,6614615.131641664,7111474.638896001,12026004.388030747 
 01/15  05:00:00,6926724.989103276,6572457.982869996,6550056.053045435,6565857.825522067,6590606.125501069,6663329.484221442,7161757.298239337,12098791.515529383 
 01/15  06:00:00,7074558.203464077,6725816.748734903,6703362.178342006,6718654.265393498,6743000.690263729,6815847.182661436,7319917.379228801,12343124.138289955 
 01/15  07:00:00,7280011.583913072,6939371.919337146,6917482.196800877,6932603.797184274,6956810.9178734,7030174.350543579,7542419.000967643,12688046.004596379 
 01/15  08:00:00,7347395.939530389,7012573.230397174,6990966.278433374,7005785.815132627,7029742.652883711,7103315.871227106,7619638.819647016,12802749.040298764 
 01/15  09:00:00,7220410.461390759,6885995.9277256355,6864234.321798023,6878630.070516244,6902192.628605269,6975376.287808648,7488697.625116412,12602099.768215775 
 01/15  10:00:00,7653284.851698039,7339618.311260112,7321591.623604593,7337708.615089525,7362627.314874704,7438190.565901101,7971066.684732181,13386575.002391843 
 01/15  11:00:00,8937431.12116636,8663368.753490634,8646062.238250088,8660890.144027255,8685168.944787964,8763517.22222347,9345292.730602987,15608338.258075124 
 01/15  12:00:00,9592165.870456899,9344161.415918518,9329279.278484484,9344214.333156811,9368570.931778606,9448926.35627527,10057104.908390474,16710943.249963192 
 01/15  13:00:00,9300431.902956188,9074080.628492747,9076201.813370422,9102181.45154966,9134450.525886929,9219948.151977122,9813291.960292522,16048423.418190679 
 01/15  14:00:00,8262059.31641896,8041928.010833143,8073763.059560962,8122163.658677921,8171278.450338656,8265579.066641599,8792765.373050893,13651945.197166828 
 01/15  15:00:00,6622975.863272896,6352606.803528489,6406410.66488163,6477434.76153588,6545254.8626476815,6647765.51631101,7081305.661781874,10346623.49933929 
 01/15  16:00:00,4933632.89199643,4566361.959207277,4626033.70736421,4706402.535789736,4784612.95262752,4893423.37082202,5296073.895295755,8146892.880041353 
 01/15  17:00:00,4431358.447878535,3969669.008270825,3998280.874172952,4065574.2831436396,4133939.862826624,4241320.4252229165,4722454.149686887,9057444.090429595 
 01/15  18:00:00,8856816.32109772,8514326.855333066,8496543.21651835,8517593.134601496,8547900.969338425,8636984.872707415,9291645.193928871,16820657.87741484 
 01/15  19:00:00,9825584.353458606,9523693.227799311,9511009.010313062,9533515.550499,9565047.030590361,9657620.367291206,10339127.524751846,18111479.389924843 
 01/15  20:00:00,10302115.615162512,10039975.510186752,10036097.382590497,10062597.92831173,10096937.53478797,10192212.410473155,10880935.053231549,18580662.53735434 
 01/15  21:00:00,10725245.60039829,10485077.264845414,10478142.054729454,10500416.813471677,10531448.850024207,10626371.128513364,11345140.129760794,19502807.071441095 
 01/15  22:00:00,11141038.673952501,10919543.461476656,10907699.148609826,10924502.885597995,10951337.923783686,11045619.873395074,11797089.554041326,20470009.766353514 
 01/15  23:00:00,11564706.567303954,11368444.328291345,11356511.205989217,11371135.323629186,11396223.568445172,11491215.270042436,12268561.640650352,21298926.629724134 
 01/15  24:00:00,11979598.652663387,11809837.721414382,11799170.808124095,11812580.47208611,11836600.08868625,11932691.514505016,12735252.738414,22116198.35977406 
 01/16  01:00:00,12295355.13484392,12149753.415178977,12141310.733541384,12154398.3912526,12178034.784667673,12275392.756556453,13096270.033434384,22698805.738550577 
 01/16  02:00:00,12616643.338592943,12504307.880534288,12504808.996604985,12522269.09858961,12548989.265918214,12649402.897985823,13476020.717729742,23015862.405179888 
 01/16  03:00:00,12779512.960046535,12697480.623830963,12707547.567278298,12729960.542551821,12760146.13457495,12863239.496101694,13688620.520932646,23070177.97055256 
 01/16  04:00:00,12855131.794113742,12791143.888271637,12805364.027341727,12829281.725204771,12860353.836466834,12964020.354254466,13788089.566926524,23123641.307642464 
 01/16  05:00:00,12521325.946847543,12464860.270291314,12482084.920447975,12507067.954878854,12538664.185266156,12641869.707508966,13450114.82680607,22458084.36105968 
 01/16  06:00:00,11892732.27269844,11826654.34209374,11843658.426159568,11868431.092308166,11899637.15512043,12000730.070597138,12781781.436401173,21296880.39788614 
 01/16  07:00:00,11300959.759718908,11218188.17667306,11232213.283185324,11255231.978320193,11284971.057038158,11383211.625789713,12138463.982175656,20235908.525969878 
 01/16  08:00:00,10881157.15927377,10786029.28427083,10798428.046053985,10820649.713862572,10849668.217493087,10945802.468200197,11679370.35596738,19440730.58225901 
 01/16  09:00:00,10767808.524534715,10669144.613150733,10681890.07475318,10704425.290070716,10733570.890799161,10828800.275076011,11550816.86811307,19167095.713870853 
 01/16  10:00:00,10874752.613532566,10784717.017625526,10801797.798072457,10826955.458517414,10857899.96770307,10954095.64637535,11675150.194449792,19327687.658046972 
 01/16  11:00:00,10292850.017090473,10255706.107654354,10312603.88513607,10363676.833951602,10413038.132468803,10520760.154379558,11212935.322422734,18216830.710359804 
 01/16  12:00:00,8536153.392019907,8572508.661499556,8709848.005210103,8816600.208934728,8906215.872743156,9038063.83240725,9650812.847976455,14973164.795957 
 01/16  13:00:00,7061639.834617041,7083766.578619285,7261113.296396915,7400760.407167522,7515316.147396421,7659777.550158128,8188808.989812766,12058389.714203238 
 01/16  14:00:00,5813005.500548338,5789245.885053124,5988302.874738062,6149965.196183743,6281923.227950493,6434142.193572195,6894859.502119292,9769771.97252715 
 01/16  15:00:00,4934847.032735655,4866375.384984629,5062491.247246796,5232798.471252107,5372876.477075657,5528052.928589309,5951396.351657687,8425798.092645446 
 01/16  16:00:00,4578000.152007473,4442995.739019451,4644005.097013709,4815978.92460166,4955737.444802732,5111375.574885429,5556723.991052096,8542572.207855113 
 01/16  17:00:00,4222894.121450684,4053540.0717210695,4252828.896267111,4436432.6901163515,4589053.3625637675,4760508.550477383,5286161.871848818,9564518.607556367 
 01/16  18:00:00,7707883.729159869,7412338.335266078,7430599.348006892,7509730.141017946,7571574.016554002,7678684.738803733,8272626.804671602,14524512.475592049 
 01/16  19:00:00,8545315.876152992,8263762.29992753,8290101.959673832,8336746.070820915,8385159.070836258,8485786.738106435,9121449.066805799,16120164.162187796 
 01/16  20:00:00,9477656.118618418,9225805.260964775,9248064.996454237,9290126.342991492,9335076.687584512,9436382.693423755,10116192.536136182,17776595.058306612 
 01/16  21:00:00,10211565.987608552,9986008.239674268,10003848.515737832,10041079.385479061,10082390.109868484,10183893.033091456,10902692.53151311,19145103.736774094 
 01/16  22:00:00,10591855.464187179,10387002.717451397,10402330.288563078,10436341.477186233,10475190.837014329,10576861.016436543,11317534.611738116,19802592.52713099 
 01/16  23:00:00,11020169.454908893,10841358.233842265,10857560.88047897,10890606.194200143,10928657.098455444,11031102.100561434,11786924.759884274,20399943.161883816 
 01/16  24:00:00,11706981.80109992,11557084.304980077,11572113.268756578,11602466.348965999,11638458.307330783,11741717.711394405,12530415.864281079,21648480.633655973 
 01/17  01:00:00,12291658.442932868,12168881.824937101,12182500.538911864,12209890.305549359,12243612.249429079,12347692.672402853,13169220.66612539,22795869.79698249 
 01/17  02:00:00,12483820.546749093,12389116.052550849,12409677.884482486,12440387.574925251,12476512.68761265,12583032.383879548,13402447.086227316,22787930.89224595 
 01/17  03:00:00,12526264.728029897,12451653.099439135,12478631.950665787,12512912.134781575,12551605.470739704,12659425.294529563,13468592.216186965,22565271.509250443 
 01/17  04:00:00,12500349.144522853,12434595.097538533,12459647.291433843,12491432.152896471,12528067.704155043,12634619.056630569,13447809.827871285,22616517.736610357 
 01/17  05:00:00,12223323.571501983,12157206.645507101,12180626.8838546,12210657.505719762,12245849.862191336,12351085.184924264,13155729.222952347,22123822.66391355 
 01/17  06:00:00,11903041.153387187,11832300.263336908,11854887.663836082,11884267.555377077,11918877.155525362,12022717.008732032,12811674.74092385,21467007.867165487 
 01/17  07:00:00,11688352.948811393,11614911.17616734,11636455.996276809,11664875.350954898,11698644.851033371,11801192.642282864,12579978.98318595,21066624.959923077 
 01/17  08:00:00,11573423.785909846,11500054.84217315,11521603.26040717,11549786.955335688,11583278.246492546,11685095.858367871,12456542.980448607,20826214.224609204 
 01/17  09:00:00,11834952.445675308,11772817.683086433,11796895.030137632,11826286.528406516,11860601.565137027,11963047.262126626,12738192.877687423,21214632.711844034 
 01/17  10:00:00,12078871.290895632,12038941.554563778,12070916.324566284,12104791.367939088,12142321.038979506,12247494.823422506,13027647.605646063,21580582.32111692 
 01/17  11:00:00,11637964.69097336,11632992.448661387,11693475.233441422,11746569.146309217,11798093.491395663,11911523.229519157,12656379.668295432,20416002.47838661 
 01/17  12:00:00,10402695.267592892,10394655.848525856,10475626.411525846,10544135.968143638,10606836.071698789,10724252.27929512,11406630.930731881,18018597.6470203 
 01/17  13:00:00,8680100.298733441,8671419.518613061,8788226.50644526,8883945.25676947,8966578.818046961,9093037.82689055,9694230.58428191,14848144.984217662 
 01/17  14:00:00,6771626.112072583,6766756.865140502,6942133.647021274,7084126.165124809,7201773.772533246,7348562.062893331,7870884.180222209,11604256.500431865 
 01/17  15:00:00,5601018.556121875,5550066.626487363,5741796.358083161,5906562.45986094,6033185.918406957,6187305.830400358,6672966.912029895,9937453.260063544 
 01/17  16:00:00,3356655.626084709,3205911.8732545543,3429748.6782529084,3631409.8600588567,3796253.559113637,3976194.952038987,4429019.684530265,7040450.933225052 
 01/17  17:00:00,3865590.4157954575,3524814.0853141774,3645390.9563445332,3779785.48749064,3901489.952919564,4051101.586650778,4538227.4337969795,8281353.315127759 
 01/17  18:00:00,8384909.402185368,8100914.961699936,8139209.939990289,8199374.184578583,8259412.939369598,8367512.065165797,8969195.374474343,15214923.2782631 
 01/17  19:00:00,9469785.894928629,9217660.402523562,9251586.45370139,9306586.537451219,9362691.233638043,9471174.694544012,10121930.314781915,17160889.146323282 
 01/17  20:00:00,9830925.761462105,9598817.474064812,9629305.06940308,9680000.36327316,9732605.55763311,9839949.348712593,10509351.818632083,17783740.01076782 
 01/17  21:00:00,10028282.619764157,9805355.454458412,9828080.098216163,9871705.833933603,9918733.508175008,10023224.671429552,10711904.179576408,18275517.56680106 
 01/17  22:00:00,10401013.177439844,10193875.938535286,10211620.14282611,10249953.294737471,10292804.660843793,10396031.658311807,11109328.095899269,19050220.274461865 
 01/17  23:00:00,11038148.933473635,10860386.892226288,10879696.961147927,10917190.55942687,10959284.629420806,11063653.85182947,11798417.524524298,20007769.82263339 
 01/17  24:00:00,11529841.366383787,11380610.155494293,11402683.90059545,11440211.528327858,11482181.97958699,11587746.360992271,12338631.65612033,20740532.674035113 
 01/18  01:00:00,11727262.714708582,11597392.462632226,11620143.20080026,11656483.390607689,11697342.99591264,11802892.308377959,12563750.496727416,21074395.665394858 
 01/18  02:00:00,11939334.36413808,11824970.933142595,11845750.149837982,11879070.157880746,11917456.234234367,12022264.526743794,12799703.138066582,21572217.71824022 
 01/18  03:00:00,12133237.812612094,12032956.703177243,12053567.770434653,12085486.135069452,12122702.895333795,12227680.095502397,13016256.398759529,21895434.418447424 
 01/18  04:00:00,12122175.008573128,12029306.469586438,12047590.20130608,12076672.309566043,12111553.701505546,12215148.894902116,13009736.521549333,22010982.675589595 
 01/18  05:00:00,12133260.996586878,12042226.705315555,12054680.345864898,12078599.073080333,12109456.471225314,12211105.467526685,13020346.66151942,22287073.322171047 
 01/18  06:00:00,12270902.507952431,12186969.310472723,12196663.067605652,12217625.65856179,12246179.171374034,12347168.524875935,13170038.2708489,22651160.003776636 
 01/18  07:00:00,12412149.391849622,12338793.488320038,12348497.830067497,12368423.46581605,12396088.724343421,12497362.382295042,13331833.450965192,22967117.305558097 
 01/18  08:00:00,12522561.858374331,12459465.544636078,12471054.211299038,12491480.622704169,12519430.262226414,12621593.02857978,13462637.894514212,23129834.624924324 
 01/18  09:00:00,12691981.41218663,12638470.558452286,12652449.837530285,12673935.253371503,12702653.91891407,12805701.425313156,13646858.020410929,23235046.360911977 
 01/18  10:00:00,12564245.775749777,12522413.577000376,12545886.39558694,12573901.620679507,12607587.141504485,12713035.54350807,13526266.18901949,22499677.204371847 
 01/18  11:00:00,12241751.889290884,12218628.843696546,12260292.95104466,12301180.26617879,12344466.016945181,12454838.202909747,13232781.579928795,21467203.221500155 
 01/18  12:00:00,12812277.446168462,12795638.141355317,12826629.073326554,12859006.970264174,12895904.298225136,13002031.076288722,13795751.6022523,22486325.70319069 
 01/18  13:00:00,13353686.263797916,13334882.885206591,13351199.894054445,13372469.609817587,13401062.67241878,13501784.506765846,14314729.570666717,23542699.97330743 
 01/18  14:00:00,13567335.285275191,13559584.125073522,13576171.412657466,13596862.303136554,13624951.785735708,13725556.414505703,14544755.78191065,23898916.56116224 
 01/18  15:00:00,13005785.659040548,13053693.322719311,13111374.219826449,13159006.772062968,13206365.823386172,13319386.777106669,14111408.261012664,22742632.46322493 
 01/18  16:00:00,12077534.748834748,12170444.016096326,12275347.316172818,12355575.135884166,12426646.837336378,12554738.27938822,13307298.038253032,20944790.74531778 
 01/18  17:00:00,11956843.960037075,12043119.04571067,12153071.06015461,12237779.640760899,12312456.19583903,12444712.839914845,13224078.493434357,21412424.12561953 
 01/18  18:00:00,13117830.196910594,13139926.8047322,13186429.614451261,13226889.271251764,13268869.04703892,13378863.044548918,14194376.414241,23428983.91167645 
 01/18  19:00:00,13651641.76488031,13669551.415286507,13703883.75093276,13735357.57123979,13770713.020004207,13877599.231579185,14722909.667093676,24575754.0769651 
 01/18  20:00:00,14194279.572817933,14223668.1030154,14253511.987570103,14280923.563729063,14313338.937370785,14420235.060890604,15297712.19452317,25724040.971319728 
 01/18  21:00:00,14918852.946673177,14968312.720796498,14995973.65920028,15020614.320642065,15051037.428369202,15159135.519336129,16077235.358525075,27214997.492570017 
 01/18  22:00:00,15441128.297979955,15509166.304166064,15535350.630989144,15557657.130580906,15586389.080410931,15695709.087824086,16647834.608411213,28354178.083285913 
 01/18  23:00:00,15516288.69706235,15592777.156232454,15617329.76050386,15637626.869821372,15664823.305086497,15774561.786800655,16746208.903557299,28724223.495542977 
 01/18  24:00:00,15179183.207544804,15259543.853952175,15287335.931862298,15309413.264473813,15337919.094536407,15448879.587253757,16412448.020620566,28050448.384242117 
 01/19  01:00:00,14918996.206681214,14996454.174811393,15024722.186924126,15047184.854814192,15075938.867116649,15186461.977588866,16138727.15967166,27492407.98383022 
 01/19  02:00:00,15396971.745613402,15486915.927442156,15514028.538881999,15534926.581036719,15562555.186251355,15673866.064616987,16651329.750194198,28453607.014795415 
 01/19  03:00:00,15767597.961508626,15872192.881490303,15899778.569720432,15920057.0471246,15947241.154504448,16059818.068818303,17058409.01579199,29226045.160150837 
 01/19  04:00:00,15698544.750645762,15803523.381927306,15828790.868550971,15847001.372943934,15872607.531914353,15984739.510090284,16991975.066001672,29286289.492693093 
 01/19  05:00:00,15889235.992002275,15999262.577473853,16021992.263973191,16037721.903164892,16061418.351934768,16174043.335938836,17210710.81693955,30024089.961567856 
 01/19  06:00:00,16304520.637727246,16429629.285371374,16454024.382412938,16469999.303878337,16493881.932266165,16608731.686722418,17672052.17753069,30909478.751257345 
 01/19  07:00:00,16631088.832184473,16770228.68080717,16797932.202847853,16815682.56778448,16840990.13359312,16957754.57874612,18027884.166214082,31254422.918070152 
 01/19  08:00:00,16410257.751579268,16546727.376639074,16574533.457343638,16592118.448612379,16617209.570019323,16733137.258247476,17785531.627406288,30588147.93773581 
 01/19  09:00:00,16058895.401786238,16184013.909213437,16211420.84407043,16229177.550436055,16254344.730421722,16368463.86234685,17385991.21431967,29448344.931115985 
 01/19  10:00:00,15423859.96323245,15532272.059381308,15564433.524555884,15587002.387329243,15615974.3494346,15729025.392363058,16680176.739347178,27454533.598457277 
 01/19  11:00:00,14120802.467971053,14176587.107547268,14210633.787881166,14237902.315228118,14270531.332343955,14378627.873479977,15208728.259634525,23799081.394121192 
 01/19  12:00:00,12555176.795817174,12555251.846309466,12600513.571382737,12640793.859057844,12683860.208552869,12791609.326691952,13493927.853724867,19887537.258699015 
 01/19  13:00:00,11309677.461713117,11274114.551555539,11336469.458855076,11393679.05423444,11450297.843045425,11562766.199637227,12188184.73987851,17438659.7707254 
 01/19  14:00:00,9325116.170342892,9198655.886827964,9274044.145510668,9349098.06256131,9420430.823070887,9535543.249749878,10042368.13813159,13570547.697330344 
 01/19  15:00:00,8380288.591096649,8201178.210641639,8283067.209942886,8368053.652088874,8448492.354791276,8568573.724590002,9055796.08101056,12505237.746773496 
 01/19  16:00:00,7686186.075664137,7436247.149214542,7510213.48782494,7592696.508959323,7668992.280662861,7783773.988281392,8278797.767570898,12205454.450707797 
 01/19  17:00:00,7819279.881133266,7533879.259573657,7595546.452098248,7674308.299196616,7750513.865284571,7874854.251308676,8483778.209460175,14318814.519873282 
 01/19  18:00:00,11798308.245046373,11647331.60527641,11672481.689751927,11711020.499512833,11753271.954664312,11855292.761608535,12606439.460351756,21200070.414707676 
 01/19  19:00:00,12795524.615440905,12684389.743462957,12714587.921804398,12755498.663528835,12800389.076309955,12911534.82912443,13701618.736876331,22927798.19714291 
 01/19  20:00:00,13803112.83785599,13730279.912044497,13757721.431987116,13793969.522636002,13835158.05480287,13947318.244195879,14798850.303885035,25054776.741216816 
 01/19  21:00:00,14367286.296991913,14320169.77674347,14341197.66007569,14370289.941275077,14405892.526698962,14517667.777887994,15423917.53705144,26615234.928196494 
 01/19  22:00:00,14838706.302896246,14819222.832103137,14838634.041835686,14864427.06482373,14897426.777899709,15009608.66249321,15946926.964075852,27540658.782339603 
 01/19  23:00:00,15915414.46116733,15942535.37182799,15964395.558446234,15989057.80539149,16021101.84717756,16136058.266956106,17124784.523149513,29531459.598580755 
 01/19  24:00:00,16273254.837792344,16330016.938897349,16353054.97915386,16376287.173835175,16407107.702698547,16523398.674408447,17539025.98692287,30280603.172597673 
 01/20  01:00:00,16149450.144091966,16220477.702939557,16245459.521400236,16268775.580919277,16299517.24174308,16416130.594728963,17430787.236062497,29936823.935043037 
 01/20  02:00:00,16329462.32474505,16424273.333073549,16454438.548246179,16479836.185106046,16511956.602811048,16629963.102815585,17646263.93640156,30072116.31166979 
 01/20  03:00:00,16358984.47516245,16471284.213733057,16504434.353803646,16530559.95190008,16563043.466097852,16681609.971728375,17698760.36778777,30035592.120141387 
 01/20  04:00:00,16225162.892765203,16346918.701191872,16382417.534051124,16409266.859538784,16442115.459109876,16560688.749463895,17570799.20196742,29697641.285356432 
 01/20  05:00:00,15920978.150128393,16051441.88380355,16092925.320438191,16123240.089582741,16158445.420238312,16277623.673301501,17266525.58038246,28927719.30950371 
 01/20  06:00:00,15664564.721214378,15794455.00758357,15837180.48364355,15868123.757865014,15903626.182384843,16021930.26822019,16996050.79240512,28383333.548640147 
 01/20  07:00:00,15765596.283365387,15895648.782903066,15935645.185561262,15964280.184408844,15997973.25037845,16114952.479743969,17092335.727138866,28607178.09994278 
 01/20  08:00:00,16069363.284796242,16201256.6825193,16235589.945833383,16259713.266959747,16290030.588441078,16405440.538008435,17400955.768839523,29323428.239129808 
 01/20  09:00:00,16260023.59873357,16395663.462758295,16426670.516843906,16447853.715320643,16475973.052008977,16590846.98230954,17602222.872044776,29846044.326468177 
 01/20  10:00:00,15372882.988350293,15534850.05845382,15598370.618095392,15642175.148374796,15686985.911235834,15812503.187596414,16788104.12656503,28114630.475964162 
 01/20  11:00:00,12664094.305194547,12842435.196211044,12987133.658497736,13092902.743097661,13184768.509830099,13338946.527344476,14195661.057459623,22773103.68687025 
 01/20  12:00:00,10743632.389074406,10869601.214767097,11046691.600239623,11182833.095252957,11298437.859670516,11462169.086467097,12187757.995728966,18369789.79963577 
 01/20  13:00:00,9112528.92081626,9202735.133374892,9420247.90288953,9589253.773045002,9728937.36082986,9902966.707471283,10509747.664764032,14756524.355373101 
 01/20  14:00:00,8454300.012188599,8547713.33051645,8796778.497668605,8991790.854818733,9143987.633328427,9328336.463414928,9927658.693945404,14192968.986638548 
 01/20  15:00:00,7163328.120105581,7217249.219614247,7497027.9217893975,7719247.6980112465,7904223.410947418,8110782.580005851,8715570.707916902,12975021.41220421 
 01/20  16:00:00,7409398.9648324195,7405404.444947614,7660050.249280703,7861714.048947098,8029024.044671152,8228394.602041155,8879731.489867968,14305843.112089721 
 01/20  17:00:00,8246845.223672361,8207618.417446528,8424913.192033593,8611411.205851415,8774605.92323694,8973721.909215081,9720350.543243553,16871839.95327116 
 01/20  18:00:00,12119457.884505276,12003512.551352335,12112522.883036286,12200940.152567528,12280754.782466708,12419600.97639787,13236983.827358866,22468355.03451965 
 01/20  19:00:00,13253904.359842947,13186411.447918063,13252882.420803515,13320859.590975454,13385950.972056482,13517289.996330738,14384608.584011246,24595305.654382177 
 01/20  20:00:00,13951404.898454154,13912827.650946869,13972526.47100583,14032915.304128367,14092140.64289831,14221654.639846288,15125165.071526611,25906290.320678774 
 01/20  21:00:00,14578220.073089946,14568043.62815977,14622370.408180814,14676309.506372543,14730543.228921821,14858628.364462655,15793697.434853334,27050660.280441616 
 01/20  22:00:00,14774768.481154343,14784327.774916556,14834695.230918095,14883693.362551097,14934048.993317572,15060576.935365986,16010589.776566437,27410640.729298394 
 01/20  23:00:00,14577817.390008364,14594245.144172605,14640005.79804213,14684165.777170774,14730682.426714042,14854568.665297188,15801882.003744373,27040308.861706305 
 01/20  24:00:00,14612490.491298214,14638063.39523898,14680908.390383162,14721659.135183537,14765464.357332796,14887530.833343623,15835071.52093751,27017379.300343633 
 01/21  01:00:00,14961949.075633679,15008055.70303204,15051002.730928116,15090147.60613269,15132619.88491311,15254339.5037499,16210177.4798035,27494704.575530197 
 01/21  02:00:00,14772816.435449552,14823103.853702646,14862466.815632703,14897849.044718497,14937306.554906078,15056782.535799842,16009291.824244091,27200630.108675778 
 01/21  03:00:00,14470998.698770849,14513227.768445669,14546715.468157072,14577519.343189908,14613410.750415862,14729821.107899277,15675715.188820533,26748889.404632133 
 01/21  04:00:00,14620897.086803325,14668503.68758659,14698935.507226538,14726688.250079092,14760195.59328787,14875268.849208677,15828693.055158813,27056633.256922506 
 01/21  05:00:00,14727265.752279464,14781040.592377212,14809383.152821735,14834822.207381167,14866523.119091507,14980776.508109784,15940537.409943702,27276141.097747773 
 01/21  06:00:00,14581716.242801014,14640179.948804276,14670163.557272121,14696125.847036453,14728101.80404677,14842154.15320397,15791065.005308473,26868094.367726352 
 01/21  07:00:00,14372985.654564617,14435890.16300233,14470700.16287146,14499812.236189403,14534035.573845226,14648474.503617259,15575548.158223996,26193724.69467778 
 01/21  08:00:00,14331321.234330062,14398075.795072138,14435667.516086241,14466524.820336655,14501957.624047602,14616325.915977826,15531045.143188506,25937751.85678353 
 01/21  09:00:00,14385735.251835832,14456120.537351388,14493556.36307728,14523868.638478246,14558783.742868343,14672483.312952474,15586109.098772407,26028736.03099127 
 01/21  10:00:00,14117097.369349217,14196352.874821685,14242920.473526027,14279324.174752278,14318647.839804882,14434586.150427364,15330406.23189386,25412610.071808565 
 01/21  11:00:00,12762262.907653982,12874194.49364852,12969824.047603529,13041280.115588035,13106431.703959836,13236934.617880294,14059037.045844138,22555717.719087362 
 01/21  12:00:00,10332427.724382535,10480244.80339624,10668227.311949544,10809011.108948248,10926259.748846857,11088124.150118878,11791561.624319771,17782782.45511098 
 01/21  13:00:00,8660415.96603142,8779025.163656011,9009875.040898494,9186004.764931079,9326118.957934242,9498038.247332826,10079043.77688932,14098412.688334543 
 01/21  14:00:00,7037779.670267245,7175299.612531485,7474727.6994103035,7704158.162446603,7887959.422469286,8086346.41712976,8621990.702042535,11791161.259035712 
 01/21  15:00:00,6202691.101721984,6316978.562558645,6637767.901110467,6883381.335845739,7081939.834106239,7290688.2071591485,7830343.580690597,11221329.532680038 
 01/21  16:00:00,6076420.664824272,6137068.151379999,6445465.59773261,6688606.340099951,6882355.246373301,7089518.368293047,7676517.71496283,12057606.223451888 
 01/21  17:00:00,6919811.204157483,6910263.395009775,7175944.88505085,7389920.359435719,7562894.95712191,7761378.140014108,8431329.81973898,14457395.706252169 
 01/21  18:00:00,10339728.276157841,10253170.177778495,10375191.220416656,10487826.253807602,10586234.803828806,10736466.063670779,11497206.389936378,19784111.551385727 
 01/21  19:00:00,11877148.513424028,11736911.16079053,11801299.300265973,11871814.304397278,11938640.215219399,12065474.25897084,12855019.506688144,21893380.959136974 
 01/21  20:00:00,12467370.636427227,12349381.904892897,12403946.490193788,12465264.3427341,12525120.3294136,12648674.16475502,13463897.608415708,22880011.89014792 
 01/21  21:00:00,13051026.986069694,12957954.098152943,13004944.260030068,13058562.938366929,13112599.384050613,13233693.263029322,14074222.42102887,23871211.636015084 
 01/21  22:00:00,13560840.973457403,13495561.615736524,13538427.809369355,13586712.082018087,13636607.552804532,13756198.482131157,14618183.37755248,24720667.084501207 
 01/21  23:00:00,13963919.514586855,13924705.95420891,13965057.848702965,14009267.72519827,14055915.93427248,14174331.493249428,15052820.74327691,25375370.558645908 
 01/21  24:00:00,14213164.849005423,14194580.646912754,14232696.92689582,14273390.11173076,14317242.260992542,14434463.939901896,15323663.130950281,25770024.708980814 
 01/22  01:00:00,14390941.804504298,14389304.055303538,14425114.593777357,14462461.013387796,14503652.622939438,14619548.071391823,15516617.345772475,26050562.55679455 
 01/22  02:00:00,14583503.819608564,14599092.597895328,14633774.934057863,14668686.784963422,14707898.34571507,14822933.423541157,15727760.89227398,26356660.733054098 
 01/22  03:00:00,14804263.536699515,14835616.672782065,14869194.557213936,14901834.225626893,14939206.077437695,15053512.91992652,15967392.059111146,26734664.573437836 
 01/22  04:00:00,14932572.777684094,14977232.73539583,15010075.26802055,15040921.455813723,15076833.084335912,15190581.781467468,16110747.184549782,26946268.229784437 
 01/22  05:00:00,15025476.20707906,15082152.172270587,15114987.66986422,15144614.691104371,15179468.730964012,15292687.224680625,16215764.767311772,27078894.962191124 
 01/22  06:00:00,15090683.66356193,15158431.759546548,15191844.748243604,15220848.710238483,15255108.988253256,15368116.00035147,16293647.868732134,27164261.378680028 
 01/22  07:00:00,15119789.791333284,15196036.025842043,15230062.094429504,15258626.870825129,15292430.692905549,15405133.650015483,16330630.92621733,27184043.769562356 
 01/22  08:00:00,15106085.636077248,15194552.36707858,15231952.019273581,15261903.523252375,15296562.964228798,15409786.101456791,16332273.72847853,27083903.473852847 
 01/22  09:00:00,15060922.062768605,15156021.598261222,15195592.33150326,15226434.230794795,15261605.23228873,15374900.119304987,16293582.41768688,26973605.3977992 
 01/22  10:00:00,14867094.617464038,14977979.299457867,15027297.906668743,15064046.238002023,15103365.440649606,15219291.734204073,16129326.541255893,26585525.7172876 
 01/22  11:00:00,14208508.848685943,14382847.315009201,14479161.680591993,14546585.338830926,14607860.162511198,14737858.258431206,15614025.595113624,25203003.52541256 
 01/22  12:00:00,12928864.509408006,13182862.561884616,13353506.078335498,13471459.992002357,13569297.17161443,13722314.222400777,14537482.845595904,22673154.717351854 
 01/22  13:00:00,12031379.518658185,12295530.593136279,12497876.762281522,12639228.684275165,12754165.574866831,12915831.171252683,13673963.238229018,20730983.294569075 
 01/22  14:00:00,11503871.25131077,11765507.103569604,11983871.892212806,12137544.996654522,12261348.242915384,12427261.287058048,13161602.34133296,19882615.09660581 
 01/22  15:00:00,11835350.625521906,12063424.199385287,12258367.17832649,12396117.360213751,12507929.631273368,12664978.073066652,13411617.722050998,20653125.897366524 
 01/22  16:00:00,10630376.975334164,10898791.663972428,11157432.900845565,11341673.878985142,11488316.297667542,11670784.404225228,12409904.391111843,19259738.18893464 
 01/22  17:00:00,10121740.880533464,10337992.126953663,10605568.59362652,10802552.734508676,10960727.83546726,11155252.714549651,11937282.050480146,19509537.949416555 
 01/22  18:00:00,12256772.518744413,12360535.661784353,12502759.140694182,12611277.288797917,12703521.273683582,12851682.514195384,13682958.785041822,22862570.293455202 
 01/22  19:00:00,13438741.973781718,13460686.131719567,13528264.831069225,13584557.234946609,13637976.138803948,13757592.516318131,14599010.653156754,24352138.9861907 
 01/22  20:00:00,13688137.034256563,13706855.483670142,13762226.814564344,13809627.488622367,13856633.548994586,13972808.14030746,14830206.41937134,24851904.403616216 
 01/22  21:00:00,13919699.46571716,13943880.80241215,13993033.932479272,14035467.1869118,14078879.3123452,14193360.471528158,15062058.519458158,25239907.105350904 
 01/22  22:00:00,14040021.700220224,14066192.71000206,14108806.52032862,14146147.477805955,14185857.205539579,14298382.49740076,15176113.716961844,25481863.276699625 
 01/22  23:00:00,14099090.391153846,14124641.226431876,14161018.331627177,14193644.60241524,14229933.758470869,14340577.700339627,15225068.247936476,25620431.852606192 
 01/22  24:00:00,14188946.875486413,14223325.435597211,14258979.94221974,14290447.01484281,14325885.45430202,14436400.552721485,15324690.818126168,25709326.353830576 
 01/23  01:00:00,14259528.252570935,14311520.509833321,14352526.688634554,14386789.688700458,14424210.786054637,14536249.391131472,15421461.911102515,25658637.83158907 
 01/23  02:00:00,14323296.650062962,14390744.425614674,14437489.597781938,14475032.807348635,14514787.499590008,14628358.036096761,15509376.77669704,25605633.707989916 
 01/23  03:00:00,14327957.342053007,14402636.230101984,14451280.112338096,14489675.240088735,14529997.821338119,14643831.409399208,15522014.800954433,25552997.181419186 
 01/23  04:00:00,14398912.085573906,14472084.947555432,14517245.832695993,14553008.29202805,14591375.36008837,14703855.680118429,15585051.231336046,25719527.399325643 
 01/23  05:00:00,14560474.248481188,14628394.004975019,14665932.885827364,14696227.77519449,14730614.577634875,14840803.42932712,15733077.282280069,26131551.659136202 
 01/23  06:00:00,14655792.512249652,14720534.492600443,14752283.926171266,14778367.999903508,14809710.478978362,14918299.856514059,15819229.728842298,26390862.027751382 
 01/23  07:00:00,14634382.13038746,14696885.804938734,14725133.715669695,14748607.841830894,14778050.984270599,14885532.479717491,15789364.278424976,26399528.913643107 
 01/23  08:00:00,14592118.956137268,14654655.402145736,14681490.014996056,14703797.982334018,14732391.093120351,14839373.424007708,15742969.95458652,26313256.443645827 
 01/23  09:00:00,14494127.363529552,14563974.047630966,14594798.806864139,14619472.249579998,14649735.708108034,14757734.320484435,15655268.525321629,26067622.446684316 
 01/23  10:00:00,14137159.663179114,14225680.86034666,14272645.93665557,14308010.94739845,14345957.939028043,14458511.133724436,15336518.712709708,25289703.320403893 
 01/23  11:00:00,13141626.442976464,13281808.24026388,13380692.05224327,13451766.946652556,13515750.883400485,13644535.39748629,14472981.36383352,23247192.312126692 
 01/23  12:00:00,11362153.469595052,11550583.601800015,11726678.658058722,11853954.014530832,11959657.413352586,12113970.704646867,12854313.971100809,19674743.695924588 
 01/23  13:00:00,10920137.373169601,11091791.414171088,11274547.08675551,11408109.491300028,11518293.187110739,11671878.203628676,12358752.643450124,18369025.47875169 
 01/23  14:00:00,10337820.19482744,10519517.006798327,10729869.73470654,10884223.844095469,11009615.712893222,11171537.22281938,11827626.295968264,17366460.575990506 
 01/23  15:00:00,11144541.820496857,11274461.214818569,11436012.113006467,11555916.840926198,11655368.002536986,11799353.66849375,12491229.302962098,19103137.266323477 
 01/23  16:00:00,10746728.006736292,10880567.842637625,11058175.121668736,11190224.223038804,11298743.398637693,11449002.551160198,12138687.161179604,18726538.976467054 
 01/23  17:00:00,10392587.815813215,10506774.740685131,10691334.415412772,10831147.291272717,10946322.443861019,11103365.527406957,11820027.660683872,18887402.075717095 
 01/23  18:00:00,11637445.996427542,11659500.012394324,11765195.538161092,11851254.668804243,11927067.067377545,12057860.190923026,12820142.369872581,21117219.462242216 
 01/23  19:00:00,12507740.40722858,12494865.668475175,12556340.812612597,12610321.823083133,12661934.587047491,12775270.512214348,13551006.523847327,22320787.886202063 
 01/23  20:00:00,12729054.142030705,12720685.005072674,12777053.960710073,12826987.926409613,12875672.818451855,12987758.67521067,13775167.48175392,22705280.534429986 
 01/23  21:00:00,12914011.344582492,12910998.106590398,12963645.314004993,13010469.44219481,13056905.583691645,13168202.958805583,13966093.740362331,23034511.408507243 
 01/23  22:00:00,13069340.336176328,13070836.642784324,13120329.563835856,13164506.507286156,13209036.417807413,13319683.573066903,14126536.049900785,23310978.404307824 
 01/23  23:00:00,13476119.571476985,13490884.044164374,13539226.888373425,13581852.293842066,13625310.589884205,13736457.802516336,14561121.219414901,24015007.841203026 
 01/23  24:00:00,13698409.306092061,13720773.354218863,13767542.909394551,13808528.607002284,13850851.64014245,13962194.91140166,14799203.230467815,24429107.432670698 
 01/24  01:00:00,13643930.436539993,13660084.440957448,13700491.636217892,13736867.394678015,13775810.108066076,13885318.335868377,14730265.405668695,24492875.754830964 
 01/24  02:00:00,13709241.342166057,13732292.719683938,13772454.573912721,13808142.199005535,13846605.036758877,13956452.09641551,14806411.229262713,24559896.9997915 
 01/24  03:00:00,14062185.240890319,14103487.066936107,14147581.284948561,14185214.482001059,14225125.556959266,14336482.99233919,15193308.30142663,25047782.375258364 
 01/24  04:00:00,14405454.761797175,14460761.491182106,14506094.567746773,14543832.080277935,14583857.364191508,14696343.44836706,15566939.034338178,25642986.879627593 
 01/24  05:00:00,14662403.306948358,14717303.992726665,14754583.113157256,14786101.274539031,14821524.790477978,14932316.756947653,15831473.49314215,26461073.422597453 
 01/24  06:00:00,15287966.60297804,15353660.137824938,15383850.206112258,15409207.587875798,15440084.505199626,15550747.418628797,16498872.15360162,28052521.928709477 
 01/24  07:00:00,15713897.573299449,15795867.630697977,15824900.95501244,15848216.376592508,15877596.623393878,15989552.739285719,16969518.9056537,29055284.684134282 
 01/24  08:00:00,15639417.408078866,15726145.091569206,15753603.594494846,15775136.537420437,15803174.113710223,15915248.587990317,16906339.94706377,29072562.83141259 
 01/24  09:00:00,15369665.110955816,15455954.102430712,15484398.129233103,15506380.39346986,15534789.765462732,15647401.858224943,16632207.138578225,28542010.02635134 
 01/24  10:00:00,14454583.39745029,14519039.392120028,14557943.996661013,14589539.175732687,14625644.055732056,14740580.22169982,15657425.524748905,26107509.4587167 
 01/24  11:00:00,11532986.470028322,11471618.363400675,11519494.607470743,11566623.730465874,11615577.862491269,11727699.250436008,12436689.235267958,19061930.77147894 
 01/24  12:00:00,8639802.987196703,8439351.292025812,8501684.691432236,8571066.616213026,8638692.937074414,8742878.649056349,9171830.684481222,11513417.300894335 
 01/24  13:00:00,7037694.120572838,6763909.324400365,6841578.934533875,6930238.239066511,7012040.543380074,7112592.824757318,7323593.208065769,7451772.851709447 
 01/24  14:00:00,5480643.788665314,5152513.630514728,5249601.55735015,5361023.074385511,5459737.158420788,5562225.551452981,5674117.824870554,5276761.330091078 
 01/24  15:00:00,4699501.614857963,4379296.119783281,4516475.5574458055,4662793.0742103215,4791283.25676045,4918281.2061783215,5082762.92830431,5093921.491245546 
 01/24  16:00:00,4394430.572767913,4094328.887140407,4264290.4177279845,4439231.824159612,4591605.307879524,4744816.534311798,5021123.100783317,6192123.1591210505 
 01/24  17:00:00,5190245.086016322,4876116.921885463,5037724.047830356,5207236.353681112,5352038.156417418,5517670.36130956,5939551.714107206,9320632.480808916 
 01/24  18:00:00,9084211.60767282,8758704.516242117,8818634.04078677,8906253.615002416,8989943.493252425,9110024.952972852,9685275.305076776,16257135.351366675 
 01/24  19:00:00,11573316.248106405,11292876.249563575,11314707.471106078,11368262.354526028,11424819.02806837,11533074.663347293,12226847.95847065,20903520.127571553 
 01/24  20:00:00,12761169.46911041,12536054.439648807,12555719.475139912,12603278.194957398,12655067.649834456,12765460.097359246,13532624.552491928,23226761.99710173 
 01/24  21:00:00,13470629.943912044,13294483.433999881,13314608.778224653,13358401.822048627,13407011.909085156,13518998.922688125,14333266.734217487,24546187.188574757 
 01/24  22:00:00,13618636.54464166,13489356.46373247,13518407.375030976,13564811.354960559,13614938.759035047,13729888.74529716,14552736.98304958,24516118.83136586 
 01/24  23:00:00,13570274.855960984,13469400.125807751,13503397.67284224,13550814.126417188,13601311.933692332,13716863.23064547,14537217.024701945,24192254.825153995 
 01/24  24:00:00,13759277.591538122,13680099.59789956,13709786.518525796,13751325.150887053,13797015.299963787,13910900.069587553,14755804.71277687,24752634.790570784 
 01/25  01:00:00,13835333.024163675,13768489.16483087,13791231.339916814,13825466.194320198,13865343.995470608,13976907.996315138,14846895.87269486,25242062.418644734 
 01/25  02:00:00,13849696.097121574,13797766.14942328,13819480.254837617,13851086.026541494,13888751.11283516,14000027.948944086,14881668.385282908,25313800.611019053 
 01/25  03:00:00,13804908.447187912,13768541.569865141,13792050.057043139,13823209.72425712,13860286.47122455,13971478.3277742,14851642.988851791,25144011.01319265 
 01/25  04:00:00,13740119.819968214,13711467.219995346,13733119.071925454,13761474.980204113,13796181.50403569,13906001.639371201,14788741.995689122,25095198.72385167 
 01/25  05:00:00,13894169.772101128,13875447.374740798,13894782.49852731,13920049.86697686,13952237.746110778,14061257.453957165,14958861.90349495,25513553.829423584 
 01/25  06:00:00,14039196.217535745,14031539.36070218,14050210.836926572,14073703.61809951,14104402.145956319,14213463.102799801,15124381.48361823,25877401.4990116 
 01/25  07:00:00,14056886.762658644,14059368.301328763,14079307.586348187,14102620.76772305,14133058.895154871,14242383.875777267,15154627.235847287,25834156.877333142 
 01/25  08:00:00,14070237.75719426,14081212.303926416,14102728.051175509,14126319.576188698,14156848.717637338,14266210.330391616,15175058.049052898,25749326.320781074 
 01/25  09:00:00,13946258.306002099,13968841.322328247,13996655.635639481,14023880.888548933,14056983.281232199,14167624.511276834,15060789.937828138,25271616.5471512 
 01/25  10:00:00,13337806.870428717,13376196.893713169,13425887.950468991,13468637.60620912,13513222.225872966,13629261.144742284,14469400.41082074,23569549.869166996 
 01/25  11:00:00,12064783.162706515,12126056.535508083,12222873.791444011,12300623.515493512,12371441.383566104,12501345.39089688,13251154.574222531,20510919.869029332 
 01/25  12:00:00,10611874.459497109,10665721.948782327,10807274.7636424,10921366.373134524,11020181.645325303,11164149.058703067,11805219.530700736,17062771.469923615 
 01/25  13:00:00,9751649.825449118,9771629.829276199,9931963.678078432,10064372.185896073,10177682.948425326,10326108.191425975,10878115.059433687,14789103.575154852 
 01/25  14:00:00,8679657.742286725,8643939.849501096,8818114.44220832,8967680.230214478,9095283.342740273,9248535.01832383,9720658.459061408,12551392.22591261 
 01/25  15:00:00,7832513.931401486,7747841.4894850515,7928178.563025759,8084232.331888804,8217495.607634702,8373749.084155458,8816642.324962817,11424517.961600825 
 01/25  16:00:00,7773747.69767847,7665976.401702712,7849217.991406415,8017321.28509838,8161248.053317982,8327348.005568726,8829205.650576582,12473667.094690993 
 01/25  17:00:00,7961521.760316745,7870028.055938103,8062848.868613585,8230935.040199223,8376070.57651594,8546814.8964988,9134842.469119892,14418533.328270994 
 01/25  18:00:00,10221729.995237438,10093927.58998009,10202774.154287456,10306509.826925805,10397282.561454918,10534989.540306749,11212428.143324986,18690958.12745697 
 01/25  19:00:00,11551143.295043096,11422266.65430899,11484970.946145825,11553648.428348629,11618906.974249035,11738647.854426404,12461846.866048785,20633349.65777615 
 01/25  20:00:00,11905850.584946172,11786821.607334275,11838021.84483265,11896708.766659072,11954315.622124357,12070508.491683032,12824428.42613504,21470422.86325621 
 01/25  21:00:00,12159686.069771506,12050884.136567418,12092971.406906538,12143413.6617823,12194701.063777052,12308074.01837463,13085149.189202206,22065101.255066734 
 01/25  22:00:00,12441719.788452877,12349317.669138763,12387245.936091712,12432965.531426376,12480565.685617233,12592496.309797967,13385293.658126913,22539421.770853065 
 01/25  23:00:00,12701402.57450334,12628856.772274343,12666249.775026793,12709816.363729514,12755643.049063519,12867388.556880683,13672007.890064282,22921071.75801402 
 01/25  24:00:00,12628479.709754173,12565941.424010849,12601878.47019343,12643071.17536618,12686930.842628302,12797536.495170746,13602379.261239303,22754306.19590743 
 01/26  01:00:00,12662598.225810084,12605845.366116893,12639103.8190383,12677405.788878309,12718963.737874702,12828142.604229048,13635439.573071687,22795813.912693854 
 01/26  02:00:00,12837805.001992177,12792793.684534637,12824935.746710906,12861240.720948232,12901181.278037678,13009876.069510354,13826020.302419277,23105739.09135057 
 01/26  03:00:00,12987074.44491655,12951732.989365727,12982831.693731109,13017363.724025419,13055877.305778403,13164170.395822965,13988193.785669826,23373838.45051364 
 01/26  04:00:00,13111808.752785364,13090558.855058908,13124088.852234669,13159306.234008776,13198235.193080712,13307269.291031204,14134308.100803915,23484122.798928525 
 01/26  05:00:00,13243614.995934932,13235653.979240503,13272061.398946939,13308332.137305338,13347911.774808373,13457450.905416898,14284281.858504232,23617714.910590958 
 01/26  06:00:00,13372828.503619455,13374810.029296191,13411896.861431772,13447788.427066071,13486975.910841001,13596545.153751148,14427936.099894078,23832065.769495998 
 01/26  07:00:00,13480427.899522234,13486495.678377975,13521120.25610847,13554582.42890199,13591871.87269657,13700486.571685158,14539763.979328709,24107309.95907647 
 01/26  08:00:00,13665291.358036188,13678294.941145206,13711128.983001526,13742569.291208783,13778299.871778218,13886540.946114521,14736823.68255658,24496272.827850327 
 01/26  09:00:00,13729665.68716831,13752980.44741395,13787474.250457918,13819293.749665957,13855227.342666464,13964003.635580081,14817868.37473283,24589191.31797283 
 01/26  10:00:00,13560580.822482612,13600294.761534432,13645235.475724144,13683623.931318983,13724286.696896195,13836041.860254731,14678012.171456832,24140540.33064665 
 01/26  11:00:00,13062216.838184621,13143745.088646535,13222567.023408256,13283643.548575427,13340766.045688026,13462554.418411486,14268653.408236723,22889959.067986663 
 01/26  12:00:00,12152652.444466636,12274310.933840541,12400240.267172879,12494649.367701814,12576222.697696013,12712043.142887257,13456864.364870798,20765316.83500442 
 01/26  13:00:00,12185204.228246404,12297829.029740535,12420469.455597917,12512893.112342507,12592838.309342774,12726454.494147943,13464453.156544844,20789776.13061669 
 01/26  14:00:00,11757287.04434834,11886887.02813677,12032599.601299226,12141442.506854171,12233376.843714515,12373657.530098185,13081325.103973757,19853598.315288685 
 01/26  15:00:00,11651326.151113324,11772715.464587571,11919965.59792203,12030627.4080348,12123896.570848903,12264294.710935164,12965312.072640337,19723862.456515025 
 01/26  16:00:00,11145251.079053815,11275445.932505408,11446393.389485653,11575144.7619194,11682123.412634572,11832200.08789206,12528770.628126774,19159412.039728295 
 01/26  17:00:00,11163688.177143583,11281248.50915114,11449830.892085273,11577917.576876279,11684680.221398527,11836613.874368561,12569578.985564258,19942317.527545266 
 01/26  18:00:00,12144303.495427411,12201631.846977921,12314559.621035963,12404231.592228927,12482784.191884913,12617342.41326566,13405869.698112333,22089217.226619896 
 01/26  19:00:00,13224900.513077114,13233162.221695356,13289310.447455114,13338281.199373418,13386368.965177309,13499222.403461654,14306381.851394009,23629233.58310686 
 01/26  20:00:00,13448047.10366481,13463397.400017904,13515390.470304957,13560772.881193157,13606233.308803178,13718152.460059576,14537937.31825158,24027577.152584054 
 01/26  21:00:00,13731933.125399988,13753977.274162475,13800748.10652146,13841770.639601111,13884057.96878462,13994856.005900454,14831455.680057507,24579890.619406052 
 01/26  22:00:00,13992066.767397296,14021626.14763584,14064358.803666191,14101819.924982024,14141520.665563632,14251658.147291444,15103573.973783523,25083234.97252486 
 01/26  23:00:00,14293888.241019601,14333350.4981111,14373008.713948732,14407515.09376249,14445069.8357898,14554820.599269472,15423034.13655761,25650585.14171021 
 01/26  24:00:00,14476656.749382243,14530650.594895791,14571393.4762322,14605728.383180248,14643147.045533717,14753777.489631433,15631935.134880451,25935595.850745518 
 01/27  01:00:00,14584430.054594608,14650996.931721117,14694223.78740599,14729478.793288318,14767512.582815284,14878989.213387739,15760911.276991785,26085043.05120513 
 01/27  02:00:00,14833690.309481636,14908792.51411642,14950083.743890628,14983292.683493663,15019827.920900412,15131134.38242969,16026340.7625698,26567541.705819875 
 01/27  03:00:00,15065039.82666249,15149366.234912563,15189368.020121092,15220942.077075759,15256278.693716988,15367682.459994454,16275427.572728723,27018974.477026172 
 01/27  04:00:00,15126001.381386217,15221465.88018856,15263600.895440936,15295956.810749922,15331837.671312792,15444221.88933541,16357307.476428676,27110390.776995763 
 01/27  05:00:00,15202125.587472824,15306826.250801474,15351175.263456436,15384479.389431639,15421011.348863276,15534134.970758189,16449561.294472404,27215415.973553248 
 01/27  06:00:00,15284681.741259394,15396528.185558053,15441466.860297494,15474665.561587662,15511093.673756527,15624556.535332985,16544773.64224733,27365705.692215297 
 01/27  07:00:00,15344218.761431955,15461400.66594626,15506734.50185126,15539783.194280501,15576074.456097718,15689719.725231394,16613042.296046812,27472402.65082725 
 01/27  08:00:00,15461337.906792415,15582031.212458897,15626023.201370155,15657749.674357792,15693059.542688362,15806485.377869826,16737310.307138208,27733488.690377556 
 01/27  09:00:00,15555666.401119847,15678050.345636271,15719362.441909457,15748871.687363923,15782565.848161083,15895533.39351169,16836308.070385102,28009743.588569924 
 01/27  10:00:00,15130228.900031716,15275968.334484065,15337037.773927305,15379658.297628362,15422914.738649948,15542455.416367516,16469229.377638672,27220974.592682533 
 01/27  11:00:00,13614952.94494838,13821700.37255714,13952762.833565973,14044481.936812397,14123912.897802735,14266486.26986624,15125125.96414707,24174540.728278372 
 01/27  12:00:00,12139629.402523179,12368324.31328785,12553784.01158978,12685898.184204997,12795332.165846042,12954259.828546023,13719166.454624364,20852322.43234879 
 01/27  13:00:00,10437970.608054366,10651112.409683578,10887881.637538629,11061937.560607158,11203390.508746197,11378337.328477914,12023411.842171818,16960667.747484393 
 01/27  14:00:00,9302554.727997623,9467091.61598592,9729884.98884713,9929162.037183546,10090681.914951215,10276459.174128642,10864783.723978411,14948776.905191632 
 01/27  15:00:00,8926812.828097949,9062899.107758122,9328033.436757164,9532578.11395846,9698484.528109847,9886609.441962726,10473619.630989302,14743462.66537133 
 01/27  16:00:00,9425981.599042434,9551051.463978823,9796829.618277393,9986471.18125309,10140413.531606933,10321592.590454753,10958768.670848137,16382693.07238947 
 01/27  17:00:00,9403634.874954104,9510252.711581234,9754169.114900773,9944019.253975777,10098573.583891483,10283889.588686047,10979695.38904898,17514299.925588023 
 01/27  18:00:00,11071713.675093148,11109581.348684775,11267638.212883804,11395299.544455487,11503069.325564684,11658047.441803526,12428697.583663113,20769142.220068716 
 01/27  19:00:00,12753379.573312826,12718863.786616612,12788899.923854925,12852825.152131898,12912604.368140906,13033157.261392105,13832062.922272531,23133608.47604208 
 01/27  20:00:00,13074888.126030726,13046176.278721709,13105298.096155271,13160507.576721914,13213886.976229876,13331359.27448223,14150144.964330606,23730284.59203765 
 01/27  21:00:00,13368973.905748183,13347464.56642537,13397703.827587603,13445648.058826199,13493676.685889194,13608558.961966623,14444656.17005567,24267196.268450588 
 01/27  22:00:00,13584411.730746215,13567047.213561002,13608385.349739986,13649164.89389715,13691940.262460051,13804292.946178028,14655838.507562904,24698956.030382883 
 01/27  23:00:00,13812128.549284253,13803744.573739083,13839328.119129892,13874999.112346161,13914000.57854098,14024775.481553521,14890677.782146994,25122150.858018685 
 01/27  24:00:00,13973965.32868124,13985797.485302193,14023847.103665758,14059865.50870933,14099035.165496236,14210792.628135791,15083338.850969598,25300985.754538596 
 01/28  01:00:00,14234083.185536548,14256005.37033527,14290870.46870677,14323666.918373004,14360405.992206862,14471285.612157227,15357979.942484073,25810764.374082353 
 01/28  02:00:00,14534163.228687845,14561858.365024028,14590529.551618971,14618118.821620155,14651053.93888696,14760636.72819103,15666502.704954334,26459755.976716496 
 01/28  03:00:00,14674409.628312442,14709447.967157604,14735124.00690895,14759767.59822875,14790519.198778875,14899359.563614413,15815253.131355122,26746683.13580185 
 01/28  04:00:00,14849126.66462559,14889150.079206292,14910592.71507177,14931532.217068411,14959556.154090729,15067396.729281921,15996334.4575047,27138470.600909077 
 01/28  05:00:00,15024400.013478015,15074990.247601341,15095972.219577635,15115764.477390451,15142933.799860287,15251046.099402217,16189947.84746994,27450420.034967612 
 01/28  06:00:00,15066458.908231817,15126341.265069,15148190.14837213,15167839.039639654,15194862.75595047,15303274.812062515,16244848.803344604,27486184.910663962 
 01/28  07:00:00,15149421.823361464,15215419.808097776,15236760.082599578,15255457.881030422,15281753.031165693,15389976.352180049,16334725.650784377,27607400.921720657 
 01/28  08:00:00,15239224.09178847,15312077.668290043,15333342.144014932,15351419.201105252,15377236.375753187,15485505.63482715,16434345.156724518,27750405.68177768 
 01/28  09:00:00,15210198.381009249,15293424.148409493,15318362.302216955,15338332.86871423,15365486.389029332,15474814.095862597,16421453.81671278,27629911.485361643 
 01/28  10:00:00,14776843.532299753,14892707.331737492,14942399.945573095,14978514.356008269,15017272.385067038,15133774.005795434,16053848.130420737,26605972.844801266 
 01/28  11:00:00,13262578.357441213,13432211.010712998,13543581.548387684,13622451.3399954,13692339.05178443,13827386.862373756,14674968.751486689,23560550.23302792 
 01/28  12:00:00,11479444.185640547,11691099.283333104,11872691.583221179,12002219.165857524,12109397.022335239,12266429.39804241,13026013.020996444,20040359.20694727 
 01/28  13:00:00,10176481.305334741,10360128.703317318,10570511.969289817,10724815.558231112,10850850.546157585,11015227.752979053,11675163.048925035,16978857.428864654 
 01/28  14:00:00,9735499.820485603,9884777.182494784,10095288.141060028,10252960.866947386,10381743.668747555,10544698.047666045,11165573.110320082,16031256.415224575 
 01/28  15:00:00,9713228.67846835,9847386.144692691,10056071.23209928,10213610.850581137,10342079.517286088,10503910.430562673,11129148.38297483,16316744.471884537 
 01/28  16:00:00,10227494.132410811,10310284.213936526,10478737.145263176,10608491.457527366,10716110.224477196,10863425.56742179,11516899.488481587,17567938.620097432 
 01/28  17:00:00,9564012.040661972,9629118.716379134,9814594.679583305,9959974.166870717,10080473.425814295,10239954.579707496,10927406.519291302,17524599.765188538 
 01/28  18:00:00,10705915.261093356,10697310.232406268,10815664.789250204,10914828.756986102,11001334.089205714,11139636.300896164,11890113.092229273,19965279.560558368 
 01/28  19:00:00,12067782.828136086,12007587.001069237,12057661.594916515,12106760.403012116,12155262.640797488,12265904.091333563,13036148.2528671,21842468.17361188 
 01/28  20:00:00,12315008.651227575,12255731.1444139,12296510.84305386,12338555.426522532,12381923.390259162,12490066.265697105,13276980.402310323,22332429.564902633 
 01/28  21:00:00,12608232.04809063,12549785.922245014,12580757.625648614,12615333.130315319,12653275.83863739,12758979.243120132,13566602.579948718,22960320.889363885 
 01/28  22:00:00,12889165.705052093,12833209.36184572,12855714.420478567,12883686.095045077,12916829.661156796,13020566.275422905,13848531.687756278,23570108.34168989 
 01/28  23:00:00,13299289.778560502,13253373.540544009,13270212.612935413,13293258.205006715,13322822.26168925,13425787.198596416,14278978.33654913,24402842.836380053 
 01/28  24:00:00,13697330.22105867,13671870.385409702,13689929.742653303,13712533.295267917,13741762.862136094,13846179.958811115,14720029.633271886,25126036.425999433 
 01/29  01:00:00,14051121.777078347,14043888.44752959,14062436.591625478,14084204.306636024,14112775.77870364,14218291.955593184,15112859.302110437,25808515.29072953 
 01/29  02:00:00,14325650.754574452,14326713.175739598,14341233.28832615,14359265.105758278,14385132.501730451,14490134.118019227,15403661.081670411,26404858.77738989 
 01/29  03:00:00,14473018.362832116,14482518.389057994,14494870.145864904,14510590.524833335,14534778.227853026,14639566.179320835,15563875.073808808,26683871.520360313 
 01/29  04:00:00,14713785.478387224,14738724.058021463,14753097.764243653,14769292.248831026,14793825.358833987,14899795.929272875,15834492.128024716,27064771.512626063 
 01/29  05:00:00,14921795.641755529,14962280.961889077,14978971.257444693,14995805.95864991,15020780.028352246,15127989.588817604,16073474.354726518,27431610.8932368 
 01/29  06:00:00,15031920.682551302,15081615.004821854,15098617.322687022,15114937.915494198,15139510.97015527,15247169.32355449,16200802.734233685,27651995.13052244 
 01/29  07:00:00,15174536.68806814,15233700.025159586,15251284.612287052,15267308.05691739,15291631.644378819,15399830.978006542,16362087.252130322,27931321.80401817 
 01/29  08:00:00,15230053.514577461,15296545.461629456,15314498.174583325,15330175.607403219,15354225.3336822,15462801.002619453,16431304.805058068,28060132.481100425 
 01/29  09:00:00,15087405.954993194,15160601.571087074,15182112.039624661,15199777.006991446,15225247.378796427,15334885.613397993,16298435.507920664,27759949.09722181 
 01/29  10:00:00,14203576.251633551,14292235.29992212,14346099.507302914,14387691.87203362,14431279.278545294,14551985.063711269,15467338.855061201,25778172.89232682 
 01/29  11:00:00,11328553.418609023,11374046.864012236,11492263.375061681,11588534.880821845,11675145.587490331,11819243.374138271,12573013.661874231,19533658.034386467 
 01/29  12:00:00,8798173.168900648,8761218.711992454,8924832.613120593,9063909.192408634,9183829.561300594,9337955.091319673,9870580.497524535,13070612.576362787 
 01/29  13:00:00,7834416.230819008,7768442.008668056,7954149.036800301,8114114.633587204,8249764.413050741,8404498.296345806,8794117.235237285,10216801.951273043 
 01/29  14:00:00,6706403.936701305,6558164.714907377,6739862.187616981,6906595.1119127935,7049257.419845224,7202718.242689607,7518483.04259854,8332320.154237743 
 01/29  15:00:00,5761336.54373457,5513349.5875899885,5678417.518867001,5840213.179533289,5979035.227857145,6125736.075473488,6399377.703717415,7060604.751629342 
 01/29  16:00:00,5229513.646773617,4931003.090412578,5094596.232094781,5262840.346966857,5410123.022613654,5566016.197714953,5899022.583320817,7485441.418110228 
 01/29  17:00:00,5414156.453904415,5084461.73716651,5238059.391072284,5402552.213432553,5548266.336005654,5712244.832222063,6166164.997025328,9723534.272482147 
 01/29  18:00:00,8820553.697963526,8506775.653522324,8580958.597804323,8684858.418036588,8780729.383391319,8917168.242090125,9531398.150748627,16093353.917902932 
 01/29  19:00:00,11843267.404472489,11605180.760009391,11649265.771112062,11716311.17221035,11783162.199767435,11903088.876741402,12616156.363235453,21087706.72519271 
 01/29  20:00:00,12926539.389423918,12743012.839424405,12787788.880571544,12851316.444168244,12915202.755780958,13036983.513016459,13805125.158233024,23015080.736359235 
 01/29  21:00:00,13482530.838926876,13340758.27951513,13384531.56004623,13443719.201032022,13503952.964367352,13625847.089956293,14429422.80714972,24035202.329333454 
 01/29  22:00:00,13978908.695779888,13874207.118587347,13915318.055202724,13969103.190934237,14024860.733466877,14146118.745897472,14986200.729663027,25072548.32589376 
 01/29  23:00:00,14580727.14398138,14508727.06498546,14542110.666482411,14586752.314083995,14635233.292968573,14754816.150774073,15648701.067251794,26612584.530328892 
 01/29  24:00:00,15149931.0795063,15112294.413587607,15141989.055164147,15180627.361516424,15224292.365340296,15343543.638084063,16279726.617028972,27880366.24053409 
 01/30  01:00:00,15464304.217130098,15457533.292799752,15487205.879417613,15522943.626236256,15564120.199953353,15683468.974786354,16643025.7902156,28498194.908394918 
 01/30  02:00:00,15616602.56374438,15632772.616706172,15661549.978103405,15694251.700725961,15732875.091603568,15851855.088039164,16827511.293563694,28823687.250623085 
 01/30  03:00:00,15872357.787226487,15912585.201492803,15941059.269555263,15971194.38920144,16007631.653485183,16126393.77792459,17119131.269842006,29313537.689370263 
 01/30  04:00:00,16425038.475570522,16496742.706647767,16526968.484774984,16555895.937325949,16591224.927243125,16711141.646292694,17730185.113127213,30310536.19335466 
 01/30  05:00:00,16808544.861328322,16909270.876975145,16943772.550192982,16973655.808080938,17009532.669512704,17131274.08929691,18166420.389773257,30912967.2529892 
 01/30  06:00:00,16569019.160848219,16686783.019193994,16728218.074641779,16761549.582685385,16799795.629101906,16922782.148320053,17939588.272909362,30174708.0488183 
 01/30  07:00:00,16520192.517129365,16646917.282545144,16690304.511104448,16724142.955322275,16762587.29737991,16885188.117163487,17895486.95233235,29961340.975891035 
 01/30  08:00:00,16490875.432405071,16620261.79930542,16659445.168722713,16689228.461496174,16724427.807790652,16845335.982771695,17867073.570125874,30194469.53913042 
 01/30  09:00:00,16959976.34307129,17106358.710753676,17145814.821947627,17174515.366023466,17208857.60351754,17330927.28603383,18378161.050318953,31138161.333017107 
 01/30  10:00:00,16038865.282623868,16210131.667251755,16287283.669347921,16343399.259268016,16398622.938041605,16533917.621534254,17529554.233428635,29020463.908863977 
 01/30  11:00:00,12327136.259117391,12446306.661006346,12595189.517766478,12711711.169238573,12814203.359226275,12975210.829136368,13790484.77545966,21427486.521745175 
 01/30  12:00:00,10493321.519794649,10564975.475907803,10741200.115474444,10882561.883473223,11003857.596784044,11169085.242178071,11836275.682400405,16944484.452078864 
 01/30  13:00:00,9518022.573276171,9571850.890494779,9759253.243660608,9912078.591310412,10042719.491336407,10207403.658931086,10781899.660994556,14630411.889649611 
 01/30  14:00:00,8773351.960489262,8791901.643295454,8993044.586112635,9158143.028937707,9296780.950025065,9463363.215747247,9996035.112023875,13429603.84499519 
 01/30  15:00:00,8089578.869230181,8056612.576705818,8250982.082098858,8416630.6708862,8556554.664557565,8721282.01087829,9225657.447709192,12483917.778613444 
 01/30  16:00:00,8893180.815422973,8865343.566877631,9038933.787063442,9186268.572428748,9310851.120450873,9466536.470830975,10034955.44188793,14696828.399709888 
 01/30  17:00:00,8740240.573489072,8685571.867893152,8854403.402359772,9000663.027330564,9125188.454701783,9283219.430762444,9891626.011037715,15364086.91852148 
 01/30  18:00:00,10113409.600192763,10002559.98290454,10103744.77534056,10200760.414254468,10288108.056499336,10423350.762095118,11110961.306552371,18337468.709920496 
 01/30  19:00:00,11801199.448203422,11699191.281617204,11758015.313789397,11819864.813158557,11879233.76684434,11995429.955610305,12728881.465701584,21017171.920900125 
 01/30  20:00:00,12361256.920991763,12284183.714085247,12340495.441091808,12398627.504782127,12455094.095934853,12571011.97750865,13330417.21669377,21982694.515119407 
 01/30  21:00:00,12540333.11821948,12477658.397691024,12530459.191939237,12584596.625788305,12637920.174363354,12752561.3552075,13524703.563023183,22307762.79817849 
 01/30  22:00:00,12481249.856551757,12423832.906222038,12472186.956079224,12522168.511180535,12572249.739433965,12684924.512048788,13460709.994632665,22217989.679183014 
 01/30  23:00:00,12446276.403182218,12393320.882630967,12437935.73046758,12484342.711470503,12531621.759057228,12642486.959776718,13419687.337599624,22148670.17565252 
 01/30  24:00:00,12579416.287463728,12531437.283600233,12570741.37099711,12612399.05483336,12656033.331453618,12764837.709082032,13551384.272812616,22434660.016317196 
 01/31  01:00:00,12746642.464063501,12705300.016951121,12740628.801883915,12778533.833313419,12819309.456398202,12926841.489497334,13723523.725213917,22762036.367410537 
 01/31  02:00:00,12786118.113912154,12751375.05830785,12785059.150903344,12820979.987272099,12860188.235327503,12966950.90986481,13767459.12135489,22829935.85509246 
 01/31  03:00:00,12668883.128196338,12640221.814091375,12674818.985629294,12710643.308832025,12749658.943283204,12856271.651447235,13652574.753519755,22564309.344397686 
 01/31  04:00:00,12669841.94104456,12645972.50574763,12681717.449822862,12717867.567110362,12757023.71766528,12863518.897906588,13656509.801107965,22497550.40549569 
 01/31  05:00:00,12674752.861110935,12654881.758417793,12690075.659105636,12725316.391632004,12763724.100332908,12869815.372044578,13663885.537775755,22499856.34625252 
 01/31  06:00:00,12627434.01845307,12607186.804575663,12641450.453763891,12675801.40278876,12713494.726438072,12818952.684302153,13610776.727492701,22409667.695233017 
 01/31  07:00:00,12646081.50808974,12622589.19117005,12653127.400833767,12684639.872366728,12720183.391412698,12824241.208812073,13620069.507933993,22527639.033198513 
 01/31  08:00:00,12668085.499122595,12642657.79396999,12670050.83985868,12699154.285165865,12732895.671535283,12836001.032027043,13636974.244796606,22638740.962466788 
 01/31  09:00:00,12723945.17044623,12703909.232337166,12732505.544604503,12762052.825708749,12796102.22878284,12899731.490724022,13702911.612260437,22710906.302180003 
 01/31  10:00:00,12448014.47713666,12438912.444008544,12480216.909914672,12518674.068671659,12559362.544531962,12666929.031918662,13449205.921492182,21979071.36128855 
 01/31  11:00:00,11324854.537285272,11324562.354875822,11397922.558506308,11460629.061755516,11519538.061106183,11636115.94360401,12343017.887975853,19346472.292552765 
 01/31  12:00:00,9117038.222491793,9083202.301502936,9197344.313708287,9295245.818896633,9381406.716860231,9508964.151044838,10071015.763141582,14483556.438482594 
 01/31  13:00:00,7347320.8716228865,7241971.112286984,7367448.663846487,7480701.557529566,7579258.46434288,7706306.911481009,8131945.633813055,10565219.110398348 
 01/31  14:00:00,6133098.88354229,5972410.055813738,6107972.007273622,6235110.076937005,6345194.59535429,6473846.610291965,6827727.662779024,8481366.35161243 
 01/31  15:00:00,4368164.710001754,4164896.35209971,4337553.698707292,4498279.998813812,4635484.487859657,4778964.3488132255,5070669.932350294,6008010.247295576 
 01/31  16:00:00,3749463.6448279726,3524702.4205554267,3714871.7433383316,3894728.8636766025,4046905.311523472,4205389.175456995,4551047.193690435,6268788.059572017 
 01/31  17:00:00,3539832.1100793127,3254219.486175997,3430121.714639514,3606848.3732413664,3759570.555220753,3926147.4300167374,4362908.11658054,7554512.5451656515 
 01/31  18:00:00,6474606.383480488,6120453.636502579,6198134.73898936,6298210.75904801,6390924.258830818,6520008.49666195,7068919.346244592,12622878.323666334 
 01/31  19:00:00,8952680.10668188,8623954.579605725,8648131.303480657,8704014.27596995,8761369.06690214,8867297.903884042,9484578.310999557,16385477.179962305 
 01/31  20:00:00,9689176.491810892,9396712.022002207,9421696.259413304,9475427.116217641,9530948.961278228,9637961.82644958,10284699.740266573,17489529.288333107 
 01/31  21:00:00,10274294.213952236,10013103.64180154,10037318.656722656,10087939.271572065,10140920.808157355,10248023.995358279,10919559.365301944,18392542.96684031 
 01/31  22:00:00,10574976.942548804,10337210.87182732,10359226.662084453,10405920.763030365,10455708.503124433,10562022.478599556,11252134.249046113,18925645.844659396 
 01/31  23:00:00,10548342.581593173,10324356.914894875,10343314.557886947,10385972.439652523,10432464.544287367,10537062.38372882,11233777.900474302,18901531.333591968 
 01/31  24:00:00,10549984.684789166,10338319.904739609,10354776.375041444,10393855.321772868,10437388.79728812,10540249.218976438,11239973.534829166,18887357.33164675 
 02/01  01:00:00,10846336.370607993,10650253.73068537,10662939.822699055,10697414.602554772,10737255.455595102,10838737.077458793,11559019.33530117,19535574.99781754 
 02/01  02:00:00,11138930.948863285,10958081.706022158,10966672.748339318,10996295.223209392,11032300.563501032,11132762.32057144,11877981.427494539,20270649.57544288 
 02/01  03:00:00,11444918.538248552,11281487.194661014,11288605.83586434,11315414.586853353,11349159.05968871,11449388.37503179,12213077.497884734,20871830.392027088 
 02/01  04:00:00,11795854.568310538,11650277.991020614,11655435.147597145,11679044.728310162,11710246.386711262,11810325.432144515,12597796.90940953,21628891.758403115 
 02/01  05:00:00,12083364.285022685,11953277.799256917,11956756.873699607,11977555.800233614,12006532.84029691,12106602.405998006,12915116.750372428,22268852.143854234 
 02/01  06:00:00,12519581.414305987,12411203.035035748,12415329.063310169,12434848.432053974,12462758.466110421,12563790.747286387,13395857.865458075,23097257.457776092 
 02/01  07:00:00,12815317.001394285,12724161.054652132,12728266.646303654,12746230.063034715,12772877.014015663,12874515.718375428,13726195.584810633,23725332.80507356 
 02/01  08:00:00,12853851.430574244,12772595.853563216,12776224.946319286,12792731.686060488,12818194.783837363,12919848.636092883,13780412.505397433,23848235.271058638 
 02/01  09:00:00,12731245.87857875,12659879.302946452,12666532.631273296,12684185.071936721,12710391.666475832,12812762.983094905,13668820.59341972,23545837.114563625 
 02/01  10:00:00,11868952.360743543,11785609.185193595,11801091.961904515,11825829.818816258,11857358.612131193,11960430.502535066,12756911.778087383,21425098.861190226 
 02/01  11:00:00,10378008.562280037,10249053.198374012,10273628.218439998,10308597.014064442,10348191.978806017,10448938.926325118,11110450.083726622,17326577.437347542 
 02/01  12:00:00,9111517.942601653,8962744.198532594,9007480.047269924,9060169.72974533,9113415.263824943,9217290.304707699,9775994.581919877,14305445.225405257 
 02/01  13:00:00,7813009.272930337,7649668.829096854,7722453.955363406,7798777.814625095,7869937.397157648,7979748.203047547,8442267.98280442,11576617.018316178 
 02/01  14:00:00,5383544.617214071,5161079.704339631,5277732.58750652,5390589.177187222,5491523.495143846,5609426.078789499,5887138.925360715,6608648.476075256 
 02/01  15:00:00,4210625.723918973,3960166.951196178,4096840.928245607,4232680.230628774,4349442.311361025,4473288.977566378,4715115.3579243,5227234.79918564 
 02/01  16:00:00,4442586.2056335965,4156152.2618133333,4275442.660630533,4400545.785518574,4509781.323001489,4628960.117407627,4913442.414731365,6248841.937070988 
 02/01  17:00:00,4707877.157716577,4392120.517719947,4501578.23679347,4624286.716007279,4731754.7123197755,4855095.115126809,5232916.650848577,8008753.881326443 
 02/01  18:00:00,6215398.983320827,5863361.632206937,5927917.185047053,6017553.593828061,6101600.68206992,6220328.704372595,6729908.564012939,11802105.339396603 
 02/01  19:00:00,8489350.194913866,8153739.195621005,8165926.27059162,8211651.667915458,8260694.358496998,8356089.378855689,8924621.846471973,15245741.461412467 
 02/01  20:00:00,9034602.395719515,8720054.336566634,8726853.539430128,8766585.613715352,8810972.81986466,8905870.30235984,9513598.241275247,16364423.407749727 
 02/01  21:00:00,9457871.624638898,9163332.703213207,9165642.094420211,9200077.747160764,9240379.133642977,9334788.119986689,9973590.824804299,17210889.285931896 
 02/01  22:00:00,10005216.808969798,9737741.87895665,9739054.207334885,9770467.948063849,9808322.169000069,9903287.668268068,10571894.810213773,18175581.24640876 
 02/01  23:00:00,10282631.264326008,10036179.726261685,10036442.693821453,10065058.73409773,10100629.06051568,10195695.846019719,10884526.678236686,18704906.8994404 
 02/01  24:00:00,10263241.21476825,10030672.269570267,10030654.434124127,10057485.157508427,10091534.473536883,10186280.707843654,10879990.678414239,18620618.437393516 
 02/02  01:00:00,10446034.723389024,10228102.489456834,10226920.76977138,10251325.372110747,10283382.616710024,10377545.220216604,11081790.80955706,18940221.4921384 
 02/02  02:00:00,10709709.30440799,10506804.110156728,10504134.207886454,10525888.431230303,10555822.851816747,10649875.728112811,11372240.081143916,19492199.529437248 
 02/02  03:00:00,10892245.425891858,10706441.626950156,10705964.355544973,10727814.207621127,10757656.574610176,10852654.326840626,11585424.421043668,19782509.398207158 
 02/02  04:00:00,11065189.550862838,10895073.399685884,10896893.029810812,10919022.124578241,10948915.250317717,11044649.142847942,11784554.099294268,20038819.426132623 
 02/02  05:00:00,11167907.784561496,11009042.932558041,11011411.639464404,11032813.737990716,11062036.360761462,11157947.49291584,11905056.71537518,20230223.300421316 
 02/02  06:00:00,11397357.813872043,11252464.281799909,11256027.272083474,11277082.445304662,11305936.820216214,11402387.737796303,12159767.230349695,20620672.605678797 
 02/02  07:00:00,11728871.87032602,11601327.086665722,11606931.670653202,11628172.197238965,11657083.084143018,11754652.323158225,12526011.098318964,21190606.06363887 
 02/02  08:00:00,11892906.035660928,11775706.90840101,11780788.372015532,11800593.90854298,11828321.74306663,11925946.369606657,12710315.923196802,21593982.007076655 
 02/02  09:00:00,11769211.446689187,11658656.569785653,11665206.285775196,11685239.030704845,11713047.007245757,11811109.814953541,12595197.143474828,21392038.55490239 
 02/02  10:00:00,10928947.424978355,10821979.875679947,10847657.577843405,10882040.611708965,10920698.472490171,11024054.427134242,11757937.190117054,19498689.351218462 
 02/02  11:00:00,8628035.055576066,8492469.192429122,8561464.208936647,8632433.579912046,8699519.50979161,8815496.07526364,9408369.193567768,14491081.189973533 
 02/02  12:00:00,6312837.2435673345,6128620.265223762,6233295.440112399,6335426.527319884,6427056.785548951,6550311.753510141,6971683.428216468,9427062.181231875 
 02/02  13:00:00,4653319.405158243,4441481.507381804,4577047.932113148,4707330.880809691,4819009.06923224,4945095.8783326605,5239560.877552459,6101362.252000239 
 02/02  14:00:00,4254840.102595915,4036141.5046374956,4174492.2482806887,4306807.910526293,4418444.6554234205,4540573.147980296,4834047.366619731,5967621.955778385 
 02/02  15:00:00,4329611.532253239,4096671.684731179,4226763.478329389,4355382.45319657,4465615.625524089,4589679.06117465,4908567.2481601825,6581098.338862233 
 02/02  16:00:00,4585164.477871522,4344193.867948769,4473697.454134894,4602367.434625099,4711763.346003404,4836251.073717215,5189590.718225108,7510007.69798237 
 02/02  17:00:00,4844745.2560220305,4576203.689700047,4691021.260818213,4812215.53770591,4916865.253502891,5041644.299577766,5450179.323498204,8739802.740303703 
 02/02  18:00:00,5973582.954158554,5628970.34878495,5704607.844995556,5790984.3968674205,5866090.618329115,5974560.914047763,6463457.515402557,11314851.965853393 
 02/02  19:00:00,7661365.130752808,7299918.197079005,7303055.700715784,7342036.808632127,7385104.570768766,7473324.690671358,8017220.349111017,13996418.916145938 
 02/02  20:00:00,8254017.871315088,7912519.365187736,7911309.41708626,7945418.881684163,7984827.421445758,8073086.869207995,8650749.280982625,15064660.042484649 
 02/02  21:00:00,8934084.556673687,8616143.092510443,8611269.965639345,8640821.256077942,8676818.066174477,8765523.759873442,9380952.140445178,16314089.083559034 
 02/02  22:00:00,9569326.009389214,9276486.871239357,9268609.275928166,9293891.711138675,9326681.534102704,9416011.42310589,10068351.639725272,17510775.40049284 
 02/02  23:00:00,9895033.465876875,9622674.282923538,9613372.922774151,9635747.688438043,9666284.961118769,9756033.86103804,10431217.635494798,18131265.830434833 
 02/02  24:00:00,10266270.974466661,10015380.3602152,10004995.647040907,10024652.88177272,10053044.128941298,10143378.396290958,10845405.721190166,18887637.741363734 
 02/03  01:00:00,10582074.645008214,10353900.747196402,10344888.048474701,10363628.10782154,10391234.441580405,10482949.698952688,11205603.816694662,19470114.90718612 
 02/03  02:00:00,10918934.293866923,10715801.21062277,10710872.171931164,10730715.427416429,10759027.734843485,10852549.034360847,11588652.987708876,19956324.083494365 
 02/03  03:00:00,11424303.500038043,11247287.06182948,11244251.4520673,11263500.887902958,11291266.772682425,11386423.286793962,12149281.64728719,20899796.95712676 
 02/03  04:00:00,11644422.986432472,11482468.141067626,11478330.537354948,11495312.581518304,11521326.879873317,11616825.587383475,12398391.69798181,21408335.12133874 
 02/03  05:00:00,11602055.406583562,11448112.8478259,11442795.335042533,11457865.961354125,11482371.372509649,11577455.400604608,12363905.406453213,21364544.433800682 
 02/03  06:00:00,11712120.516084217,11569396.91675404,11564442.452370742,11578613.053276137,11602344.573750291,11697616.153488059,12491626.773381095,21571020.91835397 
 02/03  07:00:00,12164088.112487104,12042045.819397919,12038575.545408968,12052296.373427479,12075615.570742002,12172319.941959707,12990707.778940802,22453507.421772487 
 02/03  08:00:00,12924573.693809845,12829805.322569855,12827268.712296586,12839855.958179053,12862305.745900553,12961037.358974954,13818513.178413613,23951874.643531308 
 02/03  09:00:00,13356528.509352325,13291438.396532232,13295552.552210575,13311113.97703353,13335792.08246827,13437817.011049438,14310511.649089914,24584816.761860535 
 02/03  10:00:00,12093041.523305576,12049988.325897709,12091874.366600746,12134744.054432686,12179901.9387803,12293604.67589141,13099992.577422263,21852689.963201515 
 02/03  11:00:00,8561628.186383856,8464662.763913661,8564890.371063793,8658809.475928366,8743900.135995736,8876477.290815335,9498362.148152549,14688803.733507274 
 02/03  12:00:00,5670466.5415981,5503729.603000091,5641894.739502123,5770306.006171827,5881606.567410398,6019383.056933348,6439571.537750894,8588279.32637396 
 02/03  13:00:00,3800035.7025269857,3602105.5174568477,3767116.8103663744,3920667.164574749,4050647.4361624285,4189111.102146536,4455636.2790428065,4935226.414715495 
 02/03  14:00:00,2387827.367157165,2193016.048427889,2388364.675119741,2567951.5323358853,2719654.974965092,2863527.906727253,3061109.9783524508,3178633.5988275562 
 02/03  15:00:00,1177231.6524200707,1026677.4892723334,1256388.7753909351,1471627.2220172468,1645796.3890570975,1803419.5730428284,1992918.8845875207,2122390.711547111 
 02/03  16:00:00,772675.7254386437,579860.2901020392,828836.538773963,1071566.5734759911,1268805.152736408,1444700.8842552197,1682978.3032366296,2412141.790689531 
 02/03  17:00:00,1243804.4702652332,995117.149744618,1202241.2258841405,1415333.6067879004,1594799.1401893932,1765361.697945667,2088893.287168609,4112655.481317263 
 02/03  18:00:00,4436858.66963569,3997848.757835422,4090176.906435812,4214460.409226048,4326709.288156278,4459533.475769035,4899857.757854907,8958458.23230901 
 02/03  19:00:00,7158553.883212108,6692991.292142002,6714060.3274472635,6784440.905958525,6855613.209707722,6964703.024876682,7484232.379908055,13091578.92243707 
 02/03  20:00:00,8254724.433689813,7832920.400547218,7852961.195418328,7919021.117706781,7986572.510616712,8096715.933191227,8666802.710658163,14922509.78066724 
 02/03  21:00:00,8980604.312321102,8598563.584941437,8616784.740250852,8677712.477769908,8740979.61791292,8850918.170187026,9457643.235316135,16152125.849659532 
 02/03  22:00:00,9405213.809924236,9054179.709437246,9068601.3281907,9123292.701346697,9181392.38246243,9289510.466914164,9922621.178020947,16916338.15007271 
 02/03  23:00:00,9912837.925737692,9586598.55577183,9592666.728968889,9638057.503339596,9688814.78600805,9794184.677950758,10463636.787619371,17993175.232769303 
 02/03  24:00:00,10328994.694808088,10027236.887523072,10026406.44949689,10063602.53647093,10107874.783249252,10210868.136847515,10910543.53675506,18864921.86569701 
 02/04  01:00:00,10592957.583682917,10313785.163147114,10308585.212238956,10339722.781076442,10379106.355388029,10480082.961685615,11198394.000948874,19367745.01195019 
 02/04  02:00:00,10662287.551445758,10404428.969676035,10398269.148338418,10426158.692900889,10462760.192806076,10562588.771296216,11288454.178991798,19440074.24181232 
 02/04  03:00:00,10635087.725259475,10395842.900695106,10390388.618749646,10416416.89317907,10451223.612540077,10549936.268624535,11274718.810407724,19315981.553766288 
 02/04  04:00:00,10575875.084590659,10353686.908840476,10349553.838945094,10374290.721039044,10407709.356405225,10505468.312393034,11228077.375358656,19154780.92661748 
 02/04  05:00:00,10483767.17261895,10276474.110471964,10275005.512994053,10299728.981187336,10332730.252603242,10429894.875348784,11145769.859143741,18894474.359656975 
 02/04  06:00:00,10357187.79231932,10158966.196532326,10158770.779374532,10182957.845604185,10215218.998486545,10311314.861431617,11018649.775259312,18594215.934804898 
 02/04  07:00:00,10302684.852461584,10109488.774979314,10108886.314699437,10131737.998469304,10162757.240783535,10257561.34369429,10959612.670222264,18448175.752908386 
 02/04  08:00:00,10280415.889041556,10098967.548115784,10101590.140975744,10125453.234365992,10156937.01475463,10251652.96931779,10946706.494624266,18293052.60408346 
 02/04  09:00:00,10115564.773691485,9942299.92895016,9949350.288427321,9975370.17254497,10008147.516719885,10102845.97450994,10784268.702621015,17894773.55028922 
 02/04  10:00:00,9692995.865184264,9531083.14666412,9549755.585931985,9583198.480617428,9621117.39001215,9717805.958334872,10372514.18505393,16987958.93417855 
 02/04  11:00:00,8944519.66020863,8792288.540210782,8829457.825372834,8875767.095550025,8922833.197620448,9023050.659164896,9631829.845670309,15423715.356392864 
 02/04  12:00:00,7849041.980193824,7697380.272046133,7756584.474539322,7819303.42867083,7878192.642376667,7982440.309759498,8526549.503431246,13225385.149576984 
 02/04  13:00:00,6657773.599230368,6506860.7110934695,6592360.723313729,6674965.024997481,6748182.208270479,6857272.2131772805,7327129.849107442,10855291.85815385 
 02/04  14:00:00,5772983.8548630765,5615949.105658837,5717546.306452481,5812616.726553409,5894566.855182315,6005385.494577382,6420793.864951387,9227864.387631314 
 02/04  15:00:00,5091947.184655491,4928923.363591492,5045502.040738756,5152587.156869022,5243080.718252463,5356330.46590285,5732743.69970975,8088263.946242163 
 02/04  16:00:00,4925676.7173030125,4753126.196772396,4875278.354121143,4987682.304135735,5082001.534278388,5197264.448534185,5577805.982680879,8149657.612179126 
 02/04  17:00:00,5092416.59102268,4892831.985485256,5004244.627278577,5110686.028481147,5200823.4394526,5314184.515081664,5720195.4571993165,8848094.209336413 
 02/04  18:00:00,5927235.803432651,5656971.543230906,5718255.540654492,5791679.019706059,5858048.959314841,5957276.094639782,6414200.1726740785,10625256.689272191 
 02/04  19:00:00,7086178.619581449,6750213.704292795,6753414.110653382,6787017.926822852,6824338.797044228,6904605.315069932,7396760.305913155,12444600.538740542 
 02/04  20:00:00,7520110.50148532,7186941.850843494,7182237.88207553,7209820.922784362,7242875.070864785,7321990.215487817,7839787.473220784,13277751.578733547 
 02/04  21:00:00,7839322.543721923,7506219.888691027,7493034.973324317,7514253.008419381,7542775.807977222,7620362.422993386,8160936.521031778,13942569.942349147 
 02/04  22:00:00,8185169.42667726,7858091.856679873,7839270.501943547,7855860.125999217,7881106.339687012,7958148.317081388,8521055.640960682,14615105.86904773 
 02/04  23:00:00,8421143.117397446,8105746.036849061,8085729.766518456,8100555.2361895265,8124525.866768692,8202042.690964383,8780405.47685963,15050887.400563564 
 02/04  24:00:00,8466246.293164724,8152659.562515612,8128438.21412685,8139781.207040924,8161225.432302754,8237820.480509,8825368.500682956,15187950.75092107 
 02/05  01:00:00,8642243.142428452,8332339.719458652,8303938.923161853,8311781.041471936,8330723.852378769,8406682.750758126,9007879.62120876,15548756.066019498 
 02/05  02:00:00,8959356.195358768,8662176.078479223,8633031.305178514,8639371.84918421,8657231.02205782,8733926.865674466,9353812.744874153,16154282.391478542 
 02/05  03:00:00,9273638.466657674,8990187.07944444,8960972.37353805,8966261.459339155,8983376.186400354,9061034.961389238,9698501.594081026,16732002.73399181 
 02/05  04:00:00,9683922.346527258,9415605.014554042,9385781.95565367,9389579.809619185,9405643.47979331,9484257.39289625,10143623.783083368,17493782.51007705 
 02/05  05:00:00,10156117.663308155,9906798.340673432,9877332.330222433,9880061.86592501,9895354.674480397,9975423.643353127,10660878.935307875,18401634.555834245 
 02/05  06:00:00,10557108.123222768,10329832.051456537,10303406.496130042,10306843.590796104,10322621.248890754,10404809.416314408,11112433.993183192,19158767.90843485 
 02/05  07:00:00,11069867.242665568,10866373.821638757,10842334.777279843,10845937.836309223,10861809.958409749,10946184.953755418,11682374.81427379,20150418.288159944 
 02/05  08:00:00,11429504.889113413,11247343.941713594,11226150.631140247,11230353.340661615,11246656.762233097,11333101.42464041,12089375.627691608,20814786.464039065 
 02/05  09:00:00,11537478.740229972,11377405.436664982,11363485.121264158,11371507.350479294,11390569.718361108,11479767.544307895,12240274.386555476,20914258.777227893 
 02/05  10:00:00,10735379.680479733,10618444.735250177,10642320.213797413,10675769.35726359,10713366.750723269,10814051.848603876,11533219.935996434,19195416.110045765 
 02/05  11:00:00,8498375.702934751,8410684.126003431,8502648.403587872,8586651.77075079,8661937.396112235,8783575.90824889,9389084.191251606,14707084.174768047 
 02/05  12:00:00,7086789.465061566,6980614.261417154,7092627.714385559,7193247.951231386,7280618.452141904,7404265.166901673,7913731.470631308,11698181.15605393 
 02/05  13:00:00,6241133.2225766815,6130440.455471061,6261696.779267172,6377521.520141072,6475766.33077502,6602237.847974853,7050014.33759133,9994183.122048244 
 02/05  14:00:00,5415476.204662454,5299909.703443691,5454078.778962142,5588468.553384887,5700392.334718583,5832491.477669018,6231105.439828797,8562324.00288125 
 02/05  15:00:00,4676785.366446554,4514824.121311117,4666253.682620518,4805193.277089173,4921123.710554754,5053141.153929416,5421887.055336464,7513867.935498422 
 02/05  16:00:00,4881167.987812577,4696508.44155637,4839431.262754546,4971103.835845495,5081262.250107201,5209844.748730622,5604151.94468171,8288330.65319331 
 02/05  17:00:00,4652111.698663808,4436395.846344094,4580433.039488888,4715423.54171755,4827928.076199958,4960441.811573077,5389850.799975868,8770842.798178604 
 02/05  18:00:00,6348996.623726483,6097104.671771416,6184199.865862749,6279226.03792051,6362772.402182925,6479781.75145985,6992492.582607568,11975841.531538475 
 02/05  19:00:00,8087398.862309417,7777618.900163665,7801430.189922453,7851048.463194588,7901210.433725487,7996211.010859546,8548964.800761433,14378920.21515102 
 02/05  20:00:00,8643222.269130977,8354367.852689854,8375202.839813663,8421210.955318512,8468658.26936378,8563466.907937232,9140952.32816819,15301640.659199491 
 02/05  21:00:00,9165195.76035422,8888575.306865063,8901282.735859293,8940230.967478469,8982520.022228962,9075752.936637422,9682256.806110976,16282028.404734187 
 02/05  22:00:00,9663027.33240677,9402166.506942978,9409069.442037228,9442439.239770334,9480646.585504606,9573021.196460672,10206939.219093498,17207327.606829617 
 02/05  23:00:00,9953052.92067188,9708700.630162615,9713217.819877941,9743468.512946425,9779368.17841289,9871554.702915372,10522072.189390544,17715214.30583968 
 02/05  24:00:00,10242754.503434973,10009256.213597333,10008409.531673888,10033603.431216292,10065754.906786015,10156685.19556492,10826501.762021879,18291609.93971116 
 02/06  01:00:00,10584982.929959007,10358639.21253763,10350030.537796626,10368597.368033942,10395899.862356141,10485143.465680802,11178923.774363555,19026947.26558144 
 02/06  02:00:00,10802318.841003742,10591095.882788043,10581229.824494908,10597535.072254073,10623124.634372318,10712442.08065385,11420011.912431818,19416082.702633496 
 02/06  03:00:00,10861016.796621606,10663236.357273702,10654237.871272303,10669990.382962957,10695100.146452973,10784707.077535495,11497580.037748361,19498036.99566387 
 02/06  04:00:00,11011986.89804199,10825470.896003537,10815574.46104907,10829520.224146882,10853207.095155016,10942671.271191416,11666456.364556152,19808079.7665544 
 02/06  05:00:00,11311308.94255483,11136640.671683477,11124376.57269674,11135447.886605695,11156948.889596323,11246282.925898667,11990140.206931565,20454974.130726855 
 02/06  06:00:00,11584424.94393568,11419419.930406239,11403892.954341946,11411565.172146672,11430531.138317067,11519554.55930826,12283364.53646985,21067284.854534484 
 02/06  07:00:00,11835098.221346324,11682388.963319745,11665742.000076294,11671489.415212445,11688994.397749225,11778320.602969417,12559289.478365365,21594285.635104507 
 02/06  08:00:00,12132675.847717434,11996200.882912466,11980392.069004053,11985453.510979977,12002377.21862819,12092728.667262016,12892897.161384732,22212310.75514632 
 02/06  09:00:00,12335391.654920526,12225773.80624865,12218880.973932577,12228651.910831273,12248948.743480934,12342923.679404074,13152835.789909413,22518210.245845553 
 02/06  10:00:00,11244263.816840483,11187306.589802345,11232285.535040729,11277716.684254313,11324200.675513562,11434663.50190853,12191239.815459667,20237753.871217895 
 02/06  11:00:00,8739543.839864576,8714546.830123669,8845098.9859627,8955063.955031047,9050248.873587139,9189695.627663996,9823103.772589728,15244789.197235681 
 02/06  12:00:00,7479462.027011633,7403611.041230932,7549725.384909846,7677428.426517308,7786908.493701295,7927782.752308488,8425242.867057309,11702697.00214549 
 02/06  13:00:00,7089383.985291449,6946464.552287189,7073312.577595834,7192233.384789213,7295747.209852846,7424904.391408691,7828519.664426294,9995025.270622047 
 02/06  14:00:00,6300738.634003015,6122163.002692584,6257276.681838619,6386933.329116221,6499201.063817389,6629090.761298936,6965531.014686163,8407148.792327592 
 02/06  15:00:00,5878365.355552467,5668402.4195346655,5806891.494902997,5940543.745801605,6055899.93893291,6185768.802157883,6510205.815419192,8014167.8113019 
 02/06  16:00:00,6488316.828903126,6290630.105441355,6420201.864130835,6547106.856665937,6656438.454810089,6785053.901429159,7177567.426297586,9910422.912299313 
 02/06  17:00:00,6670241.43395449,6467210.646158885,6590523.75803327,6712521.261683613,6817980.634824612,6947023.524227414,7396702.012142472,11168656.872001706 
 02/06  18:00:00,7590262.697889339,7327164.086246847,7418513.779525668,7513629.465656048,7598408.514611518,7717913.89549539,8257222.865565793,13709481.489163578 
 02/06  19:00:00,9414326.603773972,9148538.530519415,9166520.183817342,9209666.813879164,9255386.511216583,9349757.207291745,9954056.645232582,16838150.987359684 
 02/06  20:00:00,10056909.55821805,9805759.905589847,9814205.39289001,9848892.65062667,9888386.281352088,9981472.670720788,10627742.366610987,18116880.45535645 
 02/06  21:00:00,10654405.097255437,10425297.562146146,10429022.439186161,10458403.743449898,10493951.451397203,10587029.160807364,11268977.568787707,19231138.141819127 
 02/06  22:00:00,11172693.993313119,10965920.328439888,10966059.806922082,10990899.757119693,11023028.871195002,11116308.51664329,11831866.507557519,20241420.24599738 
 02/06  23:00:00,11698709.862907076,11514911.159437332,11511995.020593343,11532653.894256938,11561632.431759916,11655335.196131537,12405079.690637326,21286099.45243906 
 02/06  24:00:00,12188571.631994948,12030084.116139725,12026270.019972496,12044221.991441399,12071134.256640904,12165819.681537934,12945383.854814835,22215787.287192646 
 02/07  01:00:00,12587164.980934005,12456750.482822701,12455931.51571229,12473972.397008047,12500854.954541592,12597398.829154659,13397616.22417278,22880201.60815235 
 02/07  02:00:00,13076185.21102093,12974871.957364649,12976751.851673655,12994638.170951832,13021278.358615963,13119576.320508244,13944818.446066745,23749016.064470183 
 02/07  03:00:00,13604911.158437766,13535756.82488713,13542109.720753903,13561037.16795022,13588358.521277726,13689279.443287171,14540301.629408443,24690272.68759261 
 02/07  04:00:00,14051490.943032548,14013097.822453242,14024453.280679937,14044817.267412744,14073063.275292847,14176540.75371673,15051164.616605237,25507900.948982548 
 02/07  05:00:00,14256183.509470176,14238173.495042045,14252098.551616166,14272654.809110817,14300915.290548505,14405935.98575251,15298275.908274382,25972842.399539154 
 02/07  06:00:00,14815693.64801414,14826710.136474641,14845628.19820097,14867964.258053595,14897483.485156389,15005473.124207629,15925322.82353554,26989169.119699795 
 02/07  07:00:00,15000386.52416121,15033989.169809682,15058045.624651022,15082458.10791005,15113452.247030769,15223826.152822416,16154214.381774038,27272764.03751439 
 02/07  08:00:00,14552199.87740754,14584077.850782149,14610887.145882176,14637002.737281725,14669206.14728867,14779478.704714278,15686171.304855838,26238929.401023008 
 02/07  09:00:00,14518175.715061419,14550607.969874373,14575775.395617036,14600276.118413912,14631199.759163626,14741059.445547465,15657061.956386194,26366592.08507492 
 02/07  10:00:00,13561684.771602439,13571892.16093672,13614062.297099872,13653597.29835677,13696732.297403805,13813260.646121472,14672525.930203054,24165538.453664377 
 02/07  11:00:00,10165055.197819607,10009913.80867858,10055558.827528972,10108878.272354856,10163674.715275045,10274265.654336158,10891506.901875108,16133227.921093363 
 02/07  12:00:00,7466707.1346166525,7142410.919730316,7166736.837232588,7213871.212210645,7263208.796118297,7349148.210029827,7695229.956406966,9290960.765450085 
 02/07  13:00:00,5291650.14685884,4844355.033796237,4850157.549216475,4891269.015599161,4934496.829430431,4990525.623358611,5053999.694131665,4443201.913197519 
 02/07  14:00:00,3347309.3350670873,2879682.300078748,2904480.7630023602,2965860.4862264665,3024172.1119023445,3081192.526321301,3085922.652357057,1569339.4598412635 
 02/07  15:00:00,1988966.709075596,1526411.5042706006,1577114.3551634306,1682689.222033616,1779377.102356362,1865961.0951625176,1897256.2785815261,620844.0196277836 
 02/07  16:00:00,1297356.772833415,784354.5812315556,859335.4261544883,992598.1696184375,1112129.5260796964,1220979.2479591677,1323183.5935258467,1111257.761386354 
 02/07  17:00:00,1713879.2659828484,1253016.4093179833,1331041.142427258,1463652.1665528505,1582610.3173298398,1699654.548405687,1908295.261483219,3363240.487068684 
 02/07  18:00:00,5300820.797892885,4778594.913905354,4795152.430002336,4861734.957594492,4927498.380603783,5023419.890844686,5425810.183289737,10103383.551842231 
 02/07  19:00:00,9007256.057584528,8501908.301507633,8461790.819593579,8485627.424533654,8520546.078930983,8601667.97785943,9177884.891538903,16797960.459408812 
 02/07  20:00:00,10394397.827689968,9954197.239506124,9918496.967935894,9941243.798409766,9975410.000501936,10062727.680821357,10718035.207418287,19257781.29051424 
 02/07  21:00:00,11441310.74439115,11063828.42018223,11032006.262674939,11052877.90909462,11085490.795871781,11177322.87299494,11897630.096232349,21156488.14809398 
 02/07  22:00:00,12375105.37779407,12061320.815993037,12034423.302602895,12053872.651541172,12085142.94895846,12181088.977717467,12960436.177139202,22894027.22535416 
 02/07  23:00:00,13324518.039469639,13074996.911442854,13053859.251113892,13072489.050444512,13102832.936588135,13202773.085694054,14037333.535688087,24626488.522423126 
 02/07  24:00:00,14293347.784654843,14109763.224459056,14095641.763329104,14114296.20253395,14144342.810521904,14248555.1976871,15138118.476890132,26429945.56295049 
 02/08  01:00:00,15148859.522110758,15026337.364774767,15019200.491741719,15038211.00422024,15068117.1847791,15176184.265983166,16114423.282772832,28033045.026086517 
 02/08  02:00:00,15725570.773683751,15655120.891755288,15653742.698673725,15672501.201940425,15701837.316784635,15812817.85815524,16790771.407271367,29198708.686124586 
 02/08  03:00:00,16104557.652391672,16076289.990876306,16079269.310699886,16097412.811988542,16125918.483296968,16239099.417012217,17249664.446267076,30044482.316950165 
 02/08  04:00:00,16731110.11206457,16748590.087357473,16757137.962249726,16775677.221329384,16804171.002346043,16920158.503329888,17965896.46965667,31227114.92654953 
 02/08  05:00:00,17468125.022095766,17533327.38650915,17548237.826333974,17567795.393737447,17596785.01076627,17716048.57226514,18799219.681524772,32597078.95509438 
 02/08  06:00:00,17979674.124498118,18083154.811707743,18102714.226976164,18122541.25918641,18151471.017019127,18273182.63929279,19388119.911399968,33637422.86817372 
 02/08  07:00:00,18243983.65393656,18375736.516076647,18398418.031208515,18417976.836171016,18446458.595523763,18569740.237859793,19706697.644568194,34229747.62741564 
 02/08  08:00:00,18644741.954545755,18806181.20874104,18832481.92221313,18852281.26735147,18880753.998439252,19005783.561657865,20164280.275184553,34964354.34850234 
 02/08  09:00:00,18844476.974342473,19029930.10333609,19062882.22851559,19085710.854512695,19116409.650328476,19243770.681025144,20401872.4879162,35036927.849934235 
 02/08  10:00:00,16447900.139795545,16552009.922452606,16591587.221479237,16623661.542414173,16661730.35824529,16785910.39406266,17786763.500461824,29180836.688519783 
 02/08  11:00:00,11420166.813263819,11259769.872872762,11273250.256226255,11298620.883812636,11330891.794422453,11428931.939947294,12095532.964190943,17808043.577281915 
 02/08  12:00:00,8363146.257567342,8063089.83595819,8083537.783684614,8125389.601291096,8171160.515351453,8260336.663673019,8654206.17938648,10484587.594331888 
 02/08  13:00:00,6767841.298500859,6431760.500896068,6480772.2633043565,6551727.554169841,6621132.249132091,6714104.868596539,6932942.925683544,7149845.478500592 
 02/08  14:00:00,4625798.011632517,4258157.323853774,4343593.143361511,4450591.333006088,4549314.583562381,4653543.621620877,4772312.508908224,4391082.5255113 
 02/08  15:00:00,3014002.819323563,2670104.2700497624,2785612.693146203,2923774.75743212,3047143.0897584944,3166296.635620456,3296048.414022591,3047507.509088608 
 02/08  16:00:00,2205823.7306096633,1794691.5185735093,1895208.7244607613,2042772.4096021352,2175921.1748790173,2306074.9377484843,2489995.917131462,2847309.5088556763 
 02/08  17:00:00,2497239.578119565,2020492.3532599963,2078850.2249553204,2194617.170172821,2303158.5088282283,2420568.7476230715,2682192.907341651,4578447.975994491 
 02/08  18:00:00,5953574.911294824,5433371.807773236,5455245.56558626,5520101.879343341,5587256.077045802,5697659.608424642,6183911.740118496,11517395.595428646 
 02/08  19:00:00,9273331.698658315,8810211.177286161,8778414.193623608,8806170.968322366,8845511.31273076,8937946.553075686,9569543.154575864,17500615.45684261 
 02/08  20:00:00,10956271.381016536,10564445.508164104,10537108.870500645,10563280.930005057,10601253.148302644,10699083.337308258,11412954.305601202,20409027.410036553 
 02/08  21:00:00,12736636.65090678,12431592.07043818,12412911.709441956,12439321.489983223,12477162.073809814,12581658.790057072,13385772.763770998,23657204.516243465 
 02/08  22:00:00,14164798.105815701,13940195.82612769,13929684.374053827,13956244.092551034,13993757.62583068,14103762.480593365,14984530.244830705,26313170.05867692 
 02/08  23:00:00,15298191.362826806,15147939.86423098,15144961.064507091,15171231.197643999,15207952.639383242,15322312.091816084,16267728.167418744,28460796.16581507 
 02/08  24:00:00,16086038.626520116,15997958.37133131,16001076.488917476,16026755.371740613,16062551.881459318,16179866.245135453,17169979.982146524,29885085.76211171 
 02/09  01:00:00,16803842.961992234,16773642.172333496,16782748.98669344,16808055.575210825,16843080.323785856,16962995.24636012,17994203.63735963,31215168.986596808 
 02/09  02:00:00,17394908.454701375,17416835.10744645,17431667.06793211,17456778.38672149,17491200.623416267,17613582.084538687,18680488.03582583,32337678.392673142 
 02/09  03:00:00,17849234.566308223,17915393.071037322,17935027.38193211,17959823.19012554,17993581.139540896,18117720.432046976,19212625.79756069,33197521.79987467 
 02/09  04:00:00,18197895.21642854,18301335.28461509,18325033.31650303,18349482.992623392,18382601.69936687,18508166.022254072,19626005.749475807,33876847.63273322 
 02/09  05:00:00,18504124.47641757,18640601.761070233,18668042.04317781,18692274.413820438,18724883.10082629,18851629.895375155,19988546.146691054,34458638.46396398 
 02/09  06:00:00,18820266.831010133,18986424.584632322,19017112.94007034,19041072.13737852,19073170.317917835,19201082.22468237,20357756.448880225,35089023.979608946 
 02/09  07:00:00,19080549.710604057,19270997.403583072,19303746.824531738,19326905.393447474,19358120.742731027,19486867.153280783,20663087.406268414,35673703.113953926 
 02/09  08:00:00,19101268.03123185,19306759.290900547,19340081.57943888,19361889.97256031,19391814.632780474,19520630.33155851,20708920.876482077,35864176.80976616 
 02/09  09:00:00,18991501.042104978,19207291.510566335,19244906.540430304,19268643.13457553,19299912.109009586,19429558.562985513,20605369.70908421,35384082.62174622 
 02/09  10:00:00,16687973.684247235,16829337.694440395,16876450.04939265,16911559.033909332,16951897.536925063,17079275.830863647,18092751.711155474,29539034.217657708 
 02/09  11:00:00,12056037.384626318,11967388.350553734,11994284.748864304,12025687.84282761,12062737.885466965,12167889.686800877,12875420.684289271,19068168.954404768 
 02/09  12:00:00,9341350.814283106,9088720.978644365,9088716.713329233,9108144.871315397,9134520.85642308,9210633.02341074,9641343.710427148,12062203.26806737 
 02/09  13:00:00,6958632.155533666,6571793.879227684,6558165.799999714,6575739.709595785,6599590.303127752,6652042.960245376,6824931.512441643,6940763.661704587 
 02/09  14:00:00,4977626.790093582,4501676.579920625,4484211.3320017615,4506668.212625808,4534317.675304553,4576741.0939470325,4636247.960390021,4176583.4679149673 
 02/09  15:00:00,3738224.105939025,3194664.3732812707,3172671.2455610223,3196887.4510873137,3226196.9542744765,3265102.829178258,3311617.9914728506,2898947.118609639 
 02/09  16:00:00,2656231.765884895,2080198.9306538585,2028955.3935692862,2042922.874289425,2065801.5626803143,2100580.0751254708,2187561.982769196,2256087.186683335 
 02/09  17:00:00,2992775.4676597286,2364782.3133065933,2322718.842637085,2335851.5046883724,2358386.6976997624,2401342.127657475,2608560.926641328,4596471.47593582 
 02/09  18:00:00,5988925.014047399,5428607.004841835,5376964.054649813,5389170.636317892,5414034.195058979,5482593.566768602,5936392.32610188,11572836.478872154 
 02/09  19:00:00,8999723.413112046,8540971.886214148,8485177.996815061,8487930.764624186,8505316.933619991,8579916.83167816,9206382.695097068,17311288.82506393 
 02/09  20:00:00,9959666.353373252,9549938.822690492,9496355.78631539,9497328.407882236,9513407.893890196,9592567.486924872,10285887.671599962,19151455.87241443 
 02/09  21:00:00,11248017.881466884,10901148.999087473,10853602.402692247,10854855.609797925,10871173.83624844,10956352.289772065,11722170.325065445,21515514.023682356 
 02/09  22:00:00,12530619.353633955,12249829.35701228,12209884.805836145,12212395.775773263,12229646.609249866,12320784.896784976,13151784.985742543,23760644.12022394 
 02/09  23:00:00,14262388.159327496,14064812.664351076,14036387.184715232,14042271.94396922,14062101.283345224,14161191.917862726,15071540.982986536,26799759.85738428 
 02/09  24:00:00,15341729.586756337,15217139.894382289,15202724.563950926,15214125.187082022,15237881.868234001,15343799.851422902,16298360.995680336,28476269.87780677 
 02/10  01:00:00,15815065.52507425,15744215.22227471,15740489.618641071,15755865.22714258,15782346.943625206,15892329.170697559,16868434.61075644,29134652.677887827 
 02/10  02:00:00,16430048.408156322,16406972.084385626,16408636.429367485,16424290.338796047,16450707.300727896,16563563.894988053,17578958.364386756,30388921.21419996 
 02/10  03:00:00,16899467.627296362,16917117.538246635,16922103.875683784,16936800.928927206,16962228.329692174,17077105.65943378,18128127.583527703,31452658.536905214 
 02/10  04:00:00,17339460.054593917,17396573.282625712,17407641.373664264,17423779.294729784,17450063.244948544,17567599.228849202,18642673.484228086,32236185.01320388 
 02/10  05:00:00,17678056.936876547,17769086.62217088,17784845.35216766,17801663.93922607,17828205.247826576,17947723.002960533,19046426.883633744,32952005.790064942 
 02/10  06:00:00,17817718.628111575,17932599.24159165,17950689.448515877,17966992.191974036,17992915.937404033,18113554.310424298,19230453.383642267,33355856.550586477 
 02/10  07:00:00,18031861.243202392,18171380.451306265,18193399.860692218,18210575.25930383,18236983.449795034,18358974.21306476,19485958.135535512,33678566.91052764 
 02/10  08:00:00,18245130.717407282,18408556.825138837,18434717.549421042,18453070.322936933,18480201.232290827,18603382.29461807,19736492.254823845,33943234.40145028 
 02/10  09:00:00,18514192.67456709,18709088.19017569,18747069.93750771,18772199.291196525,18804354.23133723,18931728.68869966,20065645.206374425,34155310.751492865 
 02/10  10:00:00,16036848.160250094,16213707.807799472,16300013.823136233,16363987.252507959,16426284.404391656,16569223.514589196,17569933.067504972,28678375.425350744 
 02/10  11:00:00,11105291.648692846,11114357.497865167,11238231.30725873,11342786.526946599,11435871.29196344,11584310.262596738,12279151.813242005,17754717.54780081 
 02/10  12:00:00,8227096.238719353,8158677.164956404,8317183.875223532,8455816.702656474,8576420.632032905,8726094.99506307,9163238.02844535,10916981.880044572 
 02/10  13:00:00,6610781.427432685,6509996.002557668,6691659.466840596,6851430.846743681,6986849.83205518,7130322.418322489,7368659.204297409,7373238.019625826 
 02/10  14:00:00,4684452.371504794,4536186.973524163,4743178.724954365,4928187.337872866,5084268.854318893,5229218.779953335,5346360.299176479,4677998.871049807 
 02/10  15:00:00,3218862.4035066506,3024887.8177557215,3239163.775248142,3440262.0635432014,3610107.845912867,3760680.2853184575,3845873.998694393,3017329.5801896714 
 02/10  16:00:00,2335975.530448195,2080378.3043588412,2259774.3245494305,2450233.1164764967,2610285.677534016,2750773.846127141,2861513.6432148856,2395319.881796562 
 02/10  17:00:00,2605886.739669008,2254548.3522745883,2392079.9024623097,2555918.540642495,2699295.5778434305,2833696.0876497803,3026549.4124487215,3702684.075685001 
 02/10  18:00:00,5276482.21317503,4826856.431459323,4897147.870762451,5007572.648441491,5113003.32209614,5235061.3330775555,5613280.259498144,9290135.91082669 
 02/10  19:00:00,10688378.5105458,10317919.125191431,10332449.341297157,10390729.813258868,10451779.901506666,10555992.995623805,11178703.419439886,19428053.96656585 
 02/10  20:00:00,12760294.152465139,12479506.739958962,12501604.027601909,12559423.402732778,12619854.752740659,12731013.3340403,13451286.393838163,22980099.175073184 
 02/10  21:00:00,14041838.251492435,13830735.401400095,13853896.191933334,13906877.935270794,13963301.2550868,14077861.650817757,14878882.268264107,25435935.690097705 
 02/10  22:00:00,14850902.882758833,14697632.264092386,14720374.17070203,14767820.745991612,14819675.646843819,14936045.58568019,15799289.62723091,27100531.630083166 
 02/10  23:00:00,15231858.780424763,15124529.32990849,15146843.389030736,15189359.882624796,15237059.010752873,15354232.435285188,16260016.588196874,27964220.609330066 
 02/10  24:00:00,15657021.15598782,15593430.20389107,15616137.840479974,15654644.22572097,15698912.709345233,15817018.282674441,16761591.800648255,28862897.20472754 
 02/11  01:00:00,16206298.784361972,16184979.06401259,16207412.241388462,16241618.309387458,16282265.755528536,16401414.740468796,17392480.2461767,30115229.083652295 
 02/11  02:00:00,16714721.039676106,16733485.625037745,16756513.847330218,16787318.87088912,16825077.53036547,16945596.559324093,17977544.10086768,31231912.465545118 
 02/11  03:00:00,17142614.773879282,17198076.993158087,17223135.69372522,17252053.851276476,17288104.577494208,17409905.680208452,18470169.72332384,32035308.74562488 
 02/11  04:00:00,17547023.362289138,17636405.294477463,17663535.715519976,17690852.194896497,17725421.50457522,17848533.787550174,18936589.55298541,32838806.45148008 
 02/11  05:00:00,17853886.98188338,17971858.96427061,18000678.25737354,18026507.28061566,18059708.03011548,18183940.649843246,19295927.938568998,33486035.458736934 
 02/11  06:00:00,18205657.383513294,18350903.16805996,18381767.311289825,18406652.01514685,18438940.99015947,18564338.23266164,19697223.02493242,34140863.42440021 
 02/11  07:00:00,18324637.6316838,18492449.003218308,18526494.854158226,18551652.729662575,18583982.03002409,18710520.348406985,19850215.003184363,34243875.25945873 
 02/11  08:00:00,18341902.949960012,18526845.40705703,18566478.42696684,18594305.468899917,18628556.450090893,18756310.487195387,19881655.07067721,33826509.8835789 
 02/11  09:00:00,18318124.007643074,18514279.231726065,18559987.51840389,18591405.292496063,18628362.13384054,18757260.817546874,19864602.203080468,33391516.043941442 
 02/11  10:00:00,15854395.037021816,15967284.893843332,16024548.265187902,16069773.569960367,16117900.768638767,16246376.96940197,17194676.22194212,27536274.547045 
 02/11  11:00:00,11215453.21936202,11098415.743992977,11145485.17144458,11196291.244650872,11248868.945716381,11358182.321199257,11959008.78531298,16471749.349702101 
 02/11  12:00:00,8153989.672820523,7858181.782526905,7884189.16952753,7929590.097689075,7976719.375721628,8054329.029879691,8298798.125809126,8807146.175903555 
 02/11  13:00:00,6207648.25729143,5805159.972714336,5816374.960916004,5857744.200176687,5899927.51044621,5946223.555370184,5895497.599510481,4231604.557453208 
 02/11  14:00:00,3889314.220286781,3388945.977555205,3387477.024988181,3422741.2836737717,3458844.956725082,3485622.395908267,3364797.1689205226,511530.4940654256 
 02/11  15:00:00,2102387.3371911254,1514935.74705362,1466933.138321189,1497095.1509915597,1531155.300001762,1544181.0528843403,1284245.8970175388,0.0 
 02/11  16:00:00,1116227.1447703633,384692.06116095884,318648.5607028735,348965.0356268801,383883.06347880716,390675.1315785965,112816.33612387232,0.0 
 02/11  17:00:00,1337202.2883537167,647872.5693614354,596007.1258645752,639205.3569012147,686109.9491855742,712828.2272136727,566304.8318852468,250502.10586156466 
 02/11  18:00:00,4057859.5215301015,3471282.201850095,3443563.3616291983,3484165.924384103,3529121.167316368,3577569.927604381,3720069.0463278517,6092048.066040188 
 02/11  19:00:00,8104135.864356491,7545851.772442059,7478604.435141407,7481813.7033794,7496938.588385471,7538716.323909139,7925211.044773036,14391809.657928126 
 02/11  20:00:00,9738171.194473036,9246271.384965539,9184377.8484004,9187812.217558512,9203691.906219205,9255868.02534396,9751654.337940402,17412528.203441076 
 02/11  21:00:00,11407745.508649075,10998460.548541032,10946614.616580097,10952234.15554576,10970076.914800946,11033396.296397062,11639502.747602513,20597032.77765974 
 02/11  22:00:00,12642668.846459145,12309365.933210932,12266555.003213871,12273536.182762187,12292528.104407048,12365268.201530568,13066946.268737283,23104992.555604063 
 02/11  23:00:00,13742346.135769498,13484786.220395178,13452812.372091133,13462411.401644286,13483462.755189504,13565310.17026702,14346949.045257332,25222143.84565045 
 02/11  24:00:00,14655556.319546863,14467722.32573451,14446033.835970135,14458092.802773833,14480980.689763257,14570520.945220353,15417577.898596914,26933722.240363576 
 02/12  01:00:00,15415503.248862416,15287907.481347194,15272794.598469198,15284892.444768019,15307708.449704016,15403322.504815368,16318071.021788016,28634001.61321277 
 02/12  02:00:00,15980866.99644877,15905119.636417706,15895727.667643044,15907728.334131628,15930366.320674527,16031129.821268057,17001291.975632813,29941193.403859794 
 02/12  03:00:00,16432614.555495398,16403573.833156325,16400402.032665588,16413125.900395108,16436209.773280852,16541407.840471327,17551356.114132714,30852667.55912549 
 02/12  04:00:00,16858298.66337039,16871385.348996133,16873796.34423793,16887110.138675388,16910519.689241365,17019596.586332697,18065700.104474027,31726354.267314732 
 02/12  05:00:00,17146373.00743377,17193661.04279573,17200357.24078813,17213755.896802034,17237068.693362173,17349137.861478288,18425949.545512076,32404079.372915443 
 02/12  06:00:00,17327825.96468352,17402935.021088947,17413204.490885675,17426636.13718106,17449832.725966357,17564323.163820032,18664062.502537273,32842054.56417493 
 02/12  07:00:00,17453632.818668492,17553023.67850935,17566906.97998483,17580786.142002836,17604227.31763909,17720790.38554249,18835645.94753135,33092194.29788712 
 02/12  08:00:00,17611948.549211062,17733375.756985206,17750791.973612454,17765336.071374066,17789207.83080712,17907591.308885932,19034087.194022704,33348672.09451978 
 02/12  09:00:00,17611830.166386586,17747779.20639333,17771466.907741185,17789329.528845962,17815747.812332444,17936193.761249594,19050658.120150197,32966976.277791183 
 02/12  10:00:00,15043552.623842036,15097927.23375982,15137436.565327274,15172548.417747935,15212954.39223458,15334215.904766388,16269044.788766956,26495645.986979242 
 02/12  11:00:00,10355220.748028854,10180052.855072591,10212332.242920423,10252473.383929929,10296379.012049476,10397310.536024839,10975117.540943403,15292895.982923394 
 02/12  12:00:00,7368295.966713598,7002411.690517033,6998670.8459143005,7024384.656932907,7055613.747187028,7117555.940544295,7329675.987984858,7696237.357122183 
 02/12  13:00:00,5520265.491204933,5062499.948378067,5050061.946778772,5075817.221698951,5105310.308282195,5138854.461862729,5070172.00354968,3280773.8506165026 
 02/12  14:00:00,3266759.037439029,2758438.237055768,2752210.6946861083,2787869.7542056907,2825040.346384987,2852379.5539444154,2729323.1176973702,167498.7980237289 
 02/12  15:00:00,1540073.0071806873,942396.284410554,908558.3578629609,953977.55997113,1000939.5057929637,1022662.2854703178,739898.3646221895,0.0 
 02/12  16:00:00,545952.7427412934,20645.133532247564,13869.096400900164,22069.82016284892,33339.02939372929,39054.6041967973,0.0,0.0 
 02/12  17:00:00,606622.7288222493,32273.635615305106,0.0,13920.676876454672,43022.506955348945,53127.80610146148,0.0,0.0 
 02/12  18:00:00,3118602.3295560535,2469717.564889773,2427480.5045989896,2465912.7253794433,2512282.97788136,2550156.447418859,2625459.3176597673,4232392.423241462 
 02/12  19:00:00,7532814.808688456,6920241.241418421,6841416.813436405,6846443.969276531,6864144.095452235,6898893.922592584,7227500.763525186,13237109.681087011 
 02/12  20:00:00,9370069.215076106,8828910.243481677,8757125.218278896,8763105.416671459,8782068.068382168,8828555.024361953,9276265.097304268,16622083.708486006 
 02/12  21:00:00,10992323.894986143,10538251.45925767,10478207.636030847,10486524.41172562,10507338.284563156,10566407.225296013,11140225.781443862,20005189.76882665 
 02/12  22:00:00,12644670.91325847,12280745.58390893,12232081.644224701,12242109.557620715,12264350.911439657,12335254.53823375,13029887.866140328,23366460.08659518 
 02/12  23:00:00,14076248.156158155,13797368.62897584,13759367.61172529,13770699.325107574,13793920.143916018,13874629.420366678,14664990.779758405,26068027.076601516 
 02/12  24:00:00,15048412.187536227,14844327.780435503,14816133.191882137,14828571.12906994,14852542.57352093,14941290.827570906,15805011.464238565,27918221.53100969 
 02/13  01:00:00,15910626.705587406,15776360.774103642,15757569.743278272,15771091.515861668,15795728.54718792,15891581.636801258,16821293.57241925,29601523.63679956 
 02/13  02:00:00,16632529.380595725,16559780.44306849,16549147.08831988,16563395.996028662,16588402.02234055,16690267.786766732,17677472.05832082,31056322.7761149 
 02/13  03:00:00,17088227.41864367,17066711.5652232,17062778.0859714,17077242.45428883,17102191.3520601,17208789.738152456,18240996.14761943,32042955.939476587 
 02/13  04:00:00,17166351.047883917,17181681.42580023,17182878.829638645,17197373.105469555,17222129.23600794,17331945.20393241,18390507.441241942,32315758.031936362 
 02/13  05:00:00,17157177.063838143,17201727.10387135,17207332.217629828,17221911.409241974,17246536.437759563,17358717.121434126,18433276.12005888,32355201.136600975 
 02/13  06:00:00,17358797.477948945,17433483.272759676,17443474.135654487,17458272.145218655,17482870.831066817,17597462.605289854,18692506.320368752,32772464.073728703 
 02/13  07:00:00,17538925.30010695,17639571.4995555,17653367.35989029,17668383.924221948,17692977.67445737,17809722.837754108,18922853.644186027,33155204.95329866 
 02/13  08:00:00,17697063.915812254,17820414.118849304,17837986.829349816,17853605.306411482,17878536.803530745,17997130.334735725,19121653.942050885,33400445.658289596 
 02/13  09:00:00,17593303.62206844,17733535.645720113,17760468.051846627,17781557.881436322,17810692.2808462,17932529.540492363,19041632.685995046,32836031.53035345 
 02/13  10:00:00,14494009.095627293,14548724.633295752,14598862.178285718,14643396.277390175,14691497.733253468,14817540.363802774,15736733.224982237,25610793.15824582 
 02/13  11:00:00,9440389.485528957,9261635.44295697,9307012.904560624,9362494.50692849,9419652.446097016,9529202.895543573,10086316.265920365,13972214.189969977 
 02/13  12:00:00,6211777.699453901,5886547.841627647,5929880.453626347,5994921.385245089,6059185.315964307,6147373.738361462,6359139.0687178485,6593553.044205226 
 02/13  13:00:00,4039806.809511444,3634726.0165053015,3678227.749296432,3750737.4904778474,3819671.9176597297,3885370.948037412,3837882.214250604,1922919.8029024117 
 02/13  14:00:00,1429227.9628422651,1003199.4824778681,1040192.9069096965,1123119.1726136778,1203888.9911423803,1263830.9210576918,1127683.0459824037,0.0 
 02/13  15:00:00,20055.969430718687,0.0,0.0,0.0,0.0,0.0,0.0,0.0 
 02/13  16:00:00,0.0,0.0,0.0,0.0,0.0,0.0,0.0,0.0 
 02/13  17:00:00,0.0,0.0,0.0,0.0,0.0,0.0,0.0,0.0 
 02/13  18:00:00,951355.8754560014,621433.3727446559,602984.7209597544,622107.2419515724,644722.4420952538,660865.6185301238,693090.8005667531,1491434.0996708227 
 02/13  19:00:00,6313965.4369321205,5660448.590434934,5580423.582433656,5592818.284067358,5618440.327158489,5649815.234852863,5906907.4899552455,10968373.373624114 
 02/13  20:00:00,8724047.406625438,8028645.16014595,7955722.638931118,7991469.157220017,8040230.031397954,8099590.457047138,8487514.357715962,15283373.461491225 
 02/13  21:00:00,10149326.285354586,9530818.07984074,9465158.762329983,9500911.530400256,9549508.216897596,9619353.055222264,10120243.622204872,18157229.50037351 
 02/13  22:00:00,11274895.54683041,10740093.025642822,10681760.304530159,10714790.436022192,10760710.336407896,10838760.12658137,11443499.244978774,20589414.051165834 
 02/13  23:00:00,12474369.590952214,12028200.082975961,11978566.24756208,12009215.440941129,12052667.118549524,12138259.432427334,12836597.72865728,22972203.44033896 
 02/13  24:00:00,13382003.975472711,13018114.051754404,12976871.717360942,13004987.964346202,13045804.362606911,13137281.047539644,13907008.226854775,24687871.31444583 
 02/14  01:00:00,14099815.672532963,13810567.407228366,13777222.540135043,13802959.946378138,13841208.225528996,13937475.88243202,14767269.843917135,26075285.72417965 
 02/14  02:00:00,14546360.214439124,14321164.83132227,14294838.231930373,14318269.670814225,14353994.768138364,14454020.055668676,15332017.347349629,27037572.672580186 
 02/14  03:00:00,14948256.368065016,14779497.112262927,14759463.556997858,14780877.974177968,14814352.34339624,14917476.16360596,15835183.70618169,27853231.83635788 
 02/14  04:00:00,15388240.631438028,15272801.62242771,15259310.81562417,15279477.033178438,15311367.95133983,15417469.801384035,16370592.123662857,28696279.5054993 
 02/14  05:00:00,15706634.292775854,15636003.91047331,15628158.85164775,15647256.896931723,15677780.709080044,15786249.53858702,16766503.603965221,29303151.601978593 
 02/14  06:00:00,16050144.89481757,16021092.98564507,16018851.638000678,16037371.378369903,16066920.933974946,16177546.986144168,17182399.57156354,29935748.16923999 
 02/14  07:00:00,16204209.450336797,16206908.783891588,16208724.593353124,16226426.27241655,16254916.63929819,16367015.428016469,17389059.651696432,30260542.524770904 
 02/14  08:00:00,16318670.143992366,16348193.694800055,16353649.935582798,16370603.713858735,16398064.677921135,16511251.646283232,17547138.963975195,30515601.83610803 
 02/14  09:00:00,16226367.351201806,16287492.73327348,16307670.784243401,16332425.435399264,16365468.906121382,16483576.981599316,17512997.495003294,30130094.367891 
 02/14  10:00:00,13122507.507405363,13142632.791654836,13210201.421211423,13274354.923989063,13338384.236847237,13471638.987152858,14338668.242925936,23446899.129774243 
 02/14  11:00:00,8166767.896809714,7985291.661695901,8065758.800305513,8154591.493275173,8239437.393919527,8367965.065360398,8903866.161093762,12444354.921652943 
 02/14  12:00:00,4839409.143986614,4538345.841693289,4628254.634743895,4735127.432463722,4834340.001424144,4948747.319396301,5160217.082086141,5296590.035176443 
 02/14  13:00:00,2429834.0051519424,2067261.3274123024,2159182.4263009448,2272887.3229596303,2375986.943252437,2468083.481082623,2451734.0211577187,856360.4557101034 
 02/14  14:00:00,276714.5085046985,132153.88857362123,164094.2245535727,224247.56976840872,283389.6483674355,337482.55893094325,286192.8524067261,0.0 
 02/14  15:00:00,0.0,0.0,0.0,0.0,0.0,0.0,0.0,0.0 
 02/14  16:00:00,0.0,0.0,0.0,0.0,0.0,0.0,0.0,0.0 
 02/14  17:00:00,0.0,0.0,0.0,0.0,0.0,0.0,0.0,0.0 
 02/14  18:00:00,263827.76212071476,0.0,0.0,0.0,0.0,0.0,4462.747526794556,542935.5673147105 
 02/14  19:00:00,4568466.442659139,3548931.704325946,3476115.2396891396,3585910.0463137235,3703967.7274814034,3798287.8957965574,4032307.035013863,8312850.2640372235 
 02/14  20:00:00,7178774.075630988,6443165.842778438,6384614.823511822,6437807.712318446,6501160.844695855,6570835.253843176,6922487.379046996,12774220.447050408 
 02/14  21:00:00,9010933.01751361,8318815.580477973,8265322.200976076,8322137.971857666,8390075.934040368,8473144.501755647,8939304.336241934,16147188.679299995 
 02/14  22:00:00,10536891.681885412,9925708.571165167,9877971.43331699,9932545.805728516,9998183.710969122,10089345.371632705,10660370.893166833,19052348.5367831 
 02/14  23:00:00,11515647.08135758,10986820.594570968,10944423.477545237,10994124.311918996,11055120.302599726,11151243.136208816,11804505.731139323,21023687.217974234 
 02/14  24:00:00,11775306.953811627,11310009.786163276,11269701.39710005,11312413.945525944,11367060.043975066,11464570.322798802,12165309.542060852,21641261.3812482 
 02/15  01:00:00,12072180.881805636,11668184.25655909,11630365.946607886,11666425.694026051,11714930.972202,11813290.362265501,12556557.498038452,22298957.605540507 
 02/15  02:00:00,12616321.595225485,12277220.307813035,12244099.370338775,12275431.062979631,12319331.126364645,12419639.100840487,13209768.2860238,23387519.046218395 
 02/15  03:00:00,13081150.352639042,12801656.518001802,12773629.87613972,12801165.651057452,12841222.641510103,12943299.701365218,13773269.062132208,24318490.69204455 
 02/15  04:00:00,13387053.887128541,13156818.943772964,13132734.35206701,13156605.26132233,13193006.027794277,13296128.579984631,14157020.597029114,24967427.012610085 
 02/15  05:00:00,13683416.643500047,13497880.555601534,13477884.644568576,13498865.49444229,13532279.41348543,13636446.641514271,14524232.547712598,25570702.92126093 
 02/15  06:00:00,14014613.786428766,13870541.807841517,13854778.14958681,13873617.02994927,13904712.220742347,14010057.807202807,14922467.974763535,26205999.853049703 
 02/15  07:00:00,14366768.517988622,14261261.379194837,14249857.778518368,14267203.051775938,14296547.590082053,14403165.231271548,15338627.265951317,26866944.592259116 
 02/15  08:00:00,14733237.253353452,14664167.780109756,14657360.10971894,14673845.938984998,14701988.02579328,14810101.159166291,15768139.561598893,27558013.085375078 
 02/15  09:00:00,14697496.793522086,14666389.418097375,14675612.552743373,14700151.220932284,14733903.97370426,14847230.363510597,15803318.339509018,27327903.54050736 
 02/15  10:00:00,11796383.14128033,11747356.678685721,11812918.162522076,11882105.91507538,11950561.88140199,12082359.859558342,12887472.52870019,21117776.67378532 
 02/15  11:00:00,7092817.7276749015,6883915.814267768,6979008.877130723,7089608.734682139,7178207.254301703,7310131.290398654,7803140.183396228,10857164.45529341 
 02/15  12:00:00,3831162.4975527786,3510282.1623473195,3610439.4243876482,3729157.358309836,3838410.8859068635,3957652.0907976404,4136012.0990096508,4042684.9914859864 
 02/15  13:00:00,1817562.9573792454,1475802.648221955,1588081.5761537494,1719682.1184450788,1838582.6779856812,1941713.2396594782,1933342.2108928731,439734.6620727665 
 02/15  14:00:00,90426.49330149144,26249.295801045086,46658.686098860926,74732.24938333587,119427.7140736609,152915.92328747356,123579.45280476125,0.0 
 02/15  15:00:00,0.0,0.0,0.0,0.0,0.0,0.0,0.0,0.0 
 02/15  16:00:00,0.0,0.0,0.0,0.0,0.0,0.0,0.0,0.0 
 02/15  17:00:00,0.0,0.0,0.0,0.0,0.0,0.0,0.0,0.0 
 02/15  18:00:00,0.0,0.0,0.0,0.0,0.0,0.0,0.0,0.0 
 02/15  19:00:00,3482559.814499322,2596506.139552717,2539096.5010489775,2601674.513555852,2669905.681613721,2715308.203557528,2799523.7984470776,5512254.0777558535 
 02/15  20:00:00,6157438.990053486,5362175.03174783,5302450.902943111,5375356.916192365,5453675.5000185985,5515823.707020708,5737559.760187973,10228678.581756007 
 02/15  21:00:00,7778741.91018453,7050180.434397705,6997757.760161253,7057966.901198563,7125957.58103768,7193092.700863607,7527633.63761602,13204856.015805656 
 02/15  22:00:00,8847716.218560655,8156647.468198509,8108095.604322979,8170598.841175412,8241871.495369159,8320063.954945727,8737995.255836215,15233569.015892234 
 02/15  23:00:00,9938133.572842903,9319046.855341516,9275544.673533928,9335366.690012656,9404028.201358987,9489235.057645027,9993774.793599868,17348922.018294133 
 02/15  24:00:00,10892309.896889392,10351571.953279227,10314091.020868897,10369769.067976061,10434463.318322724,10525172.8358105,11106960.952265369,19213523.17134739 
 02/16  01:00:00,11688340.202966424,11222432.232021526,11189567.697523143,11239586.51406077,11299025.539435174,11393555.591724755,12045544.64251469,20847329.56285511 
 02/16  02:00:00,12608749.131125335,12219465.522682609,12191392.49868858,12235742.333276113,12289920.81906477,12388200.241511978,13112245.9137004,22723771.85248031 
 02/16  03:00:00,13440071.13241362,13124412.4964411,13100936.740873687,13139760.763760515,13188772.561466282,13290463.1086199,14086559.096545411,24581243.992222637 
 02/16  04:00:00,14138542.3996168,13890610.112464773,13871635.144523345,13905528.866610229,13949907.932627639,14054814.762905542,14916716.43703814,26231754.245292082 
 02/16  05:00:00,14756965.754179664,14571641.986734532,14558037.791009316,14588393.368913418,14629280.060380654,14737176.89654569,15651665.325684821,27564890.616408117 
 02/16  06:00:00,15331460.77389869,15202741.984351248,15193087.286440091,15219533.743644603,15256705.683586866,15367094.565789191,16334905.087268589,28930855.350485623 
 02/16  07:00:00,15979522.698515378,15905909.178988084,15901078.355656471,15924832.223774726,15959328.277906977,16072602.608967781,17088745.556798305,30295270.87940025 
 02/16  08:00:00,16508994.157039523,16484955.515447214,16486189.04245598,16508964.515583128,16542167.63122434,16658135.211788362,17706928.180816676,31243379.450548366 
 02/16  09:00:00,16406969.887197101,16412013.859204186,16423185.981799617,16449498.24109092,16485040.895235194,16603870.711014273,17642809.685699284,30684519.127085064 
 02/16  10:00:00,12986551.40167674,12888545.668767834,12912137.493964106,12952308.446298849,12998726.483766852,13114134.85156646,13935562.483347813,22594087.123344433 
 02/16  11:00:00,7807536.414893755,7478867.914114493,7487735.310836559,7528631.226996648,7574771.554945173,7663838.320198881,8103709.166335598,10807143.579381812 
 02/16  12:00:00,4270987.658309071,3803863.7842752966,3802426.524584722,3843997.735684474,3889080.4088428,3945464.440050684,4011419.1328778444,3346574.260940356 
 02/16  13:00:00,2066400.6523648861,1550963.2371300557,1543109.773353739,1586019.889618094,1630761.7744099088,1662780.2060760846,1543872.3017843177,44199.28847332194 
 02/16  14:00:00,137904.16000463592,11443.451558153902,5806.249337180634,13336.87375850568,21321.654575689172,25085.983410391782,0.0,0.0 
 02/16  15:00:00,0.0,0.0,0.0,0.0,0.0,0.0,0.0,0.0 
 02/16  16:00:00,0.0,0.0,0.0,0.0,0.0,0.0,0.0,0.0 
 02/16  17:00:00,0.0,0.0,0.0,0.0,0.0,0.0,0.0,0.0 
 02/16  18:00:00,0.0,0.0,0.0,0.0,0.0,0.0,0.0,0.0 
 02/16  19:00:00,1735531.8702012082,841803.8160065786,686282.4584186673,677060.1256137029,691763.0853706695,685836.706215801,707948.4364866716,3160206.638824211 
 02/16  20:00:00,3976429.717388946,2947128.909529414,2753985.8906990457,2743644.1150349583,2759874.3732781615,2761495.0390192447,2891467.5166380666,7320432.506191402 
 02/16  21:00:00,6171714.886379827,5286931.24905592,5120600.461078699,5109400.219876191,5122937.379753387,5139061.169010025,5416966.100543756,11264045.912122954 
 02/16  22:00:00,8540048.35770423,7709056.323624963,7568042.920226235,7558754.727487089,7572195.383103047,7603471.954853467,8020247.744748746,15333814.260510596 
 02/16  23:00:00,10158859.808051001,9405390.54639403,9268103.58949131,9261491.560190195,9278446.386649664,9322220.128000397,9848462.79136586,18416069.941022284 
 02/16  24:00:00,11002780.878759775,10341311.943374475,10219305.863571767,10216288.794217462,10235802.83326797,10290707.06149057,10894498.336162593,20024449.651078485 
 02/17  01:00:00,11587138.65543474,11016879.668372255,10912565.613931848,10913513.238280075,10935397.70098625,11000013.754442442,11663498.614109045,21097803.34705481 
 02/17  02:00:00,12076221.718706835,11588978.228108771,11499494.122681629,11502241.240257617,11524682.852432942,11597024.925255131,12317268.451050071,22143799.36284206 
 02/17  03:00:00,12543142.405714767,12131314.679003082,12054407.607446902,12057727.702356402,12079757.597541723,12158606.28428924,12934301.078384032,23243464.25643567 
 02/17  04:00:00,12878493.82290669,12533022.354058202,12467131.163462464,12470531.13101326,12491771.820519635,12576077.654930975,13400500.540837677,24147837.455410697 
 02/17  05:00:00,13246490.913066106,12962170.251596235,12907516.08956033,12911970.914979469,12933233.071500298,13022587.747756306,13884982.129818965,24922358.947156966 
 02/17  06:00:00,13545173.057722308,13314437.18861121,13270616.687903458,13276763.652947146,13298619.804607267,13392219.04110609,14279431.18506825,25422365.415380668 
 02/17  07:00:00,13679731.61006999,13492608.870711736,13459346.822519086,13468045.784920447,13491259.48943587,13588285.287623877,14481047.829027854,25380324.016076706 
 02/17  08:00:00,13650075.249645948,13496812.935640171,13473113.966962324,13484470.799082838,13509119.892854623,13608171.934430987,14491521.068442805,24981928.56679994 
 02/17  09:00:00,13181941.357270088,13043601.455787234,13028558.236252282,13043146.342310794,13069679.558588877,13168890.305776697,14011849.183343014,23614806.692956932 
 02/17  10:00:00,11567040.544932116,11402534.513870142,11398498.303520637,11421292.786424372,11453715.443412248,11550591.751432806,12272931.414914794,19600290.353932165 
 02/17  11:00:00,9164267.698919497,8931833.993825344,8931323.805837814,8959414.409404963,8995426.213936133,9084740.900977317,9648000.76856905,14373668.282227946 
 02/17  12:00:00,6961504.629670707,6638049.838464237,6626285.802812052,6649460.170905366,6680643.807612566,6753498.3951211795,7145559.562917097,9604480.422530197 
 02/17  13:00:00,4421403.585181739,3989766.420919882,3964166.8616415653,3982244.9282480306,4007950.4070496294,4056620.826120241,4211709.519159379,4380268.3286851635 
 02/17  14:00:00,3212170.968098834,2738781.5862964345,2708382.5961440876,2725765.6810873235,2750454.170858764,2791141.977365737,2882697.080746066,2766228.6676846505 
 02/17  15:00:00,2744884.677761287,2237785.735121348,2202002.7627628194,2217881.368337049,2241356.3406336675,2278966.87848106,2365322.4625256304,2264138.0122038494 
 02/17  16:00:00,2660108.813192589,2126318.4166384456,2083428.273762412,2096082.416888863,2117081.942177302,2152694.5730258813,2253685.522246943,2397690.3192851814 
 02/17  17:00:00,2967670.9859345634,2426049.0605116356,2379382.1588721024,2390477.2094659437,2410675.639678935,2450058.181758955,2615601.8728211145,3658947.450857972 
 02/17  18:00:00,3662893.8577569863,3139321.062076834,3095659.42692292,3108593.489992051,3130832.571956091,3179868.8226811024,3452888.1696812385,6071898.298799914 
 02/17  19:00:00,4805520.377020121,4289890.549334575,4230990.554621,4231596.041002875,4244799.81700491,4293792.446331446,4652748.022891695,8606177.565010753 
 02/17  20:00:00,5622982.4883582685,5126843.744764613,5067995.141657272,5067701.350597226,5080490.154466508,5132618.590265842,5533404.10293902,10001495.23862958 
 02/17  21:00:00,6343541.602317955,5874794.407169042,5818620.2545150705,5818420.338235534,5831353.179473234,5887783.228245797,6339656.139317882,11475289.359938938 
 02/17  22:00:00,6815214.181400539,6373162.158717385,6321289.100971781,6322292.5183471665,6336085.74918668,6397004.760359527,6894293.944840414,12581546.209517714 
 02/17  23:00:00,7245338.230941182,6828777.22095899,6780987.573875944,6783123.0905020265,6797772.504598487,6862900.016435191,7400172.628332561,13547895.503909148 
 02/17  24:00:00,7153135.280693394,6749018.340971151,6706172.794979043,6710841.073708214,6727447.16601328,6794490.072237977,7318932.293059227,12995550.67224219 
 02/18  01:00:00,7116987.440880733,6722590.6283533,6684611.511471725,6692368.107632637,6711326.4300329415,6779438.947806856,7288765.013273936,12556892.130144455 
 02/18  02:00:00,7299488.076078959,6919402.722730228,6884448.203470892,6893367.523356583,6913198.688675046,6983020.903084654,7501962.764813106,12855530.003531612 
 02/18  03:00:00,7390571.366383555,7018109.167559292,6983699.333880337,6992121.545339414,7011456.521393391,7081781.857363973,7610022.861836737,13071963.838361366 
 02/18  04:00:00,7584301.386567349,7219372.523630522,7184366.866286971,7191356.073734641,7209434.149877166,7279992.187986169,7822364.076299437,13472199.453223607 
 02/18  05:00:00,7717526.459915622,7361684.917325106,7327660.12668884,7334492.844915788,7352378.688555529,7423740.140179321,7975234.134463458,13717003.232453031 
 02/18  06:00:00,7744879.641931984,7396095.105954497,7363457.465907384,7370633.255304413,7388743.629373524,7460825.119634286,8016248.387807926,13772239.697597396 
 02/18  07:00:00,7735396.327827986,7392145.596149337,7360489.07423095,7367760.814078243,7385882.492983733,7458418.9849964045,8016885.497567842,13776325.664668625 
 02/18  08:00:00,7906479.676338336,7571067.817487648,7540549.166888248,7548001.205249153,7566226.975529065,7639521.809699245,8205786.869741628,14068028.058541983 
 02/18  09:00:00,7948322.987203246,7619537.068807978,7591383.046909063,7600028.443342935,7619164.186062465,7693204.703517154,8254378.810738891,13972751.040217977 
 02/18  10:00:00,7089821.479794137,6736165.861853989,6710104.6835847385,6721687.298978528,6742958.302129774,6813227.345731286,7293328.41205992,11660915.048796017 
 02/18  11:00:00,5667638.0433859695,5260804.318911139,5233345.810241016,5247118.766629321,5269776.998194549,5331489.693207461,5680984.731189354,8129967.779144747 
 02/18  12:00:00,3916947.7183326613,3442287.5190024567,3408247.5727199554,3421143.752292883,3442340.6122782407,3488774.6527072405,3669107.7698005596,4228313.884662534 
 02/18  13:00:00,2258258.4309773156,1747541.8746195112,1718475.979570943,1738418.272460325,1764302.2836425952,1796966.7053375077,1802717.878103239,1196410.7832428361 
 02/18  14:00:00,619822.8366886033,268571.5388232318,265515.7309346687,284934.8656498463,310278.28344587615,333673.74474709225,301414.10089763964,0.0 
 02/18  15:00:00,0.0,0.0,0.0,0.0,0.0,0.0,0.0,0.0 
 02/18  16:00:00,0.0,0.0,0.0,0.0,0.0,0.0,0.0,0.0 
 02/18  17:00:00,0.0,0.0,0.0,0.0,0.0,0.0,0.0,0.0 
 02/18  18:00:00,0.0,0.0,0.0,0.0,0.0,0.0,0.0,0.0 
 02/18  19:00:00,2366477.907115116,1561866.9986678853,1476925.1779350152,1482327.6746940129,1501670.553301867,1517952.1381418705,1607661.8664777316,3541519.1521799397 
 02/18  20:00:00,3735315.4469157746,2933431.515182415,2823135.0313870087,2828905.5781982057,2852035.3106465917,2878607.792931277,3058601.2002615314,6359891.111776972 
 02/18  21:00:00,4629445.36958954,3859811.2629729705,3748827.1043511797,3752704.596229326,3774903.610808404,3808103.331553095,4058827.9254468135,8058542.854069227 
 02/18  22:00:00,5680899.673429391,4958693.497908026,4850469.615266962,4852401.821904484,4873233.495243894,4913456.785160316,5243385.524909451,10079199.559046634 
 02/18  23:00:00,6874348.680516162,6213994.140994357,6112732.295429463,6114193.404533744,6134497.219250479,6182633.819523865,6597665.7859156635,12402814.292418396 
 02/18  24:00:00,8086168.368449401,7495616.32867974,7403782.010456909,7405659.746806115,7425956.144890254,7482301.605711582,7980000.525345695,14715684.001610734 
 02/19  01:00:00,8843606.892296143,8313947.632023355,8231018.186480867,8233150.131832134,8253208.350149376,8315770.817332458,8871869.296586473,16157447.693390608 
 02/19  02:00:00,9369363.352890704,8896540.030358737,8822924.131440882,8825626.073565971,8845494.762247266,8913641.864109522,9522531.02671366,17296244.32079096 
 02/19  03:00:00,9566217.369927993,9142068.155713549,9077825.968444103,9081661.794010574,9101695.122792155,9174886.725258911,9828094.677262899,18008389.971389297 
 02/19  04:00:00,9515219.477962242,9125572.078202236,9068309.471152741,9072554.364515513,9092302.320592448,9168871.261587813,9847231.892457806,18114424.9251747 
 02/19  05:00:00,9382736.250936273,9021242.12388635,8970098.50860382,8974753.715204727,8994275.762949497,9073228.899322484,9764187.80549883,17941213.791621447 
 02/19  06:00:00,9462563.714731488,9125754.36290111,9079865.844526332,9084821.042312972,9104083.251841027,9184911.256285775,9886009.782105982,18017769.73150742 
 02/19  07:00:00,9488761.325192515,9174045.190584939,9133322.947995573,9138988.539675191,9158416.67830368,9240705.616707677,9940718.086144362,17846475.66367459 
 02/19  08:00:00,9525149.839410746,9226962.113587119,9190326.081189835,9196598.303335197,9216130.625256144,9299256.319764579,10000291.046088008,17814814.165819373 
 02/19  09:00:00,9201451.031536646,8910683.262440542,8881039.94237989,8890691.145485284,8912442.278811336,8995650.260409676,9655530.251363372,16622856.514897538 
 02/19  10:00:00,7940792.286620578,7632726.3568990845,7618796.042736333,7641214.304542678,7672623.921816842,7755662.0147004435,8295718.822640151,13129331.553800415 
 02/19  11:00:00,6114983.411838484,5783202.281433273,5795138.5041268375,5839399.087058218,5887395.69683687,5972849.967329485,6367988.387491471,8950090.549361855 
 02/19  12:00:00,4560575.6739320345,4215430.717459004,4252046.422275872,4316720.123020381,4379842.090368096,4467926.326832753,4755423.066969347,5971990.34766066 
 02/19  13:00:00,3598546.100827905,3264148.2696696566,3325117.83689722,3407558.7676321613,3482940.874990858,3573677.1386642912,3799091.218527874,4417628.476377194 
 02/19  14:00:00,3184478.4467154243,2848465.9063740605,2919298.4118355964,3009191.0553237544,3089370.389252997,3180352.4729421916,3382997.918262951,3910040.2596027665 
 02/19  15:00:00,2712639.205228342,2355310.793933644,2427566.811821118,2521417.3575858404,2605447.3862220244,2694923.765269111,2853901.833179216,3059521.5723618385 
 02/19  16:00:00,2082882.670999377,1708101.2326754325,1795469.3017660729,1900700.1335925597,1991014.7511992592,2079651.5994856497,2198037.1253476627,2176832.8269842872 
 02/19  17:00:00,1834995.9389905154,1459012.2893757347,1560827.3382599845,1680451.0506222271,1783034.9058023377,1882566.0377683018,2050198.2604649994,2582759.2861578567 
 02/19  18:00:00,2184679.42939582,1781821.2904839749,1877549.5769702585,1997313.142173132,2102840.210933193,2214939.7725131307,2481745.0707854703,4351728.314447354 
 02/19  19:00:00,4969550.302256682,4455988.196525115,4441654.471401921,4481924.3682983,4526584.361589791,4599018.913850871,4954782.170774123,8648265.67440883 
 02/19  20:00:00,5773977.069507433,5275586.818079548,5253478.140088774,5286832.730587858,5326531.66269745,5399451.385523838,5808647.343295354,10276278.195452565 
 02/19  21:00:00,6339946.664522505,5855353.161102228,5824977.803915148,5850542.456942849,5884461.090269434,5957036.088601318,6412427.906019914,11498717.901937267 
 02/19  22:00:00,7013179.621325184,6554458.422772758,6521549.880663479,6542984.763336366,6573821.106407911,6647814.442912644,7145231.2089564735,12739399.79520858 
 02/19  23:00:00,8201416.588673845,7789119.702197281,7759209.183208566,7779521.284117631,7809532.8118462665,7887821.551782156,8446993.048897993,14889999.462397713 
 02/19  24:00:00,8663470.18069692,8287949.922669316,8262469.6088799145,8282990.107582018,8313001.5279137045,8394312.636984969,8982792.975130362,15682119.02790794 
 02/20  01:00:00,8939208.28824715,8592982.679121457,8572344.252441596,8593971.114491196,8624614.044643011,8707768.258990832,9307556.26516281,15997897.757392429 
 02/20  02:00:00,9628424.610819917,9320942.981619848,9305470.65583823,9327932.911883676,9359035.684354426,9445246.804210145,10078071.297428194,17184274.470155153 
 02/20  03:00:00,10422417.70541345,10148568.890749197,10132309.782361371,10151358.05076435,10179804.813358303,10267863.437197616,10950824.009367963,18824786.01967908 
 02/20  04:00:00,11010284.724720912,10761771.538146963,10741539.74772834,10755143.039456667,10779447.675062194,10868071.63559156,11597486.021784795,20201282.151914258 
 02/20  05:00:00,11447255.42434393,11223844.342166817,11202115.34814586,11212204.75871101,11233781.890935594,11323307.40291669,12087352.915327404,21168920.891430147 
 02/20  06:00:00,11864082.295381548,11668345.236595621,11648248.03447954,11657143.489160914,11677720.230007008,11768895.480994072,12560202.089473117,21980382.498842724 
 02/20  07:00:00,12150029.841788681,11979492.860437216,11961787.177785777,11970212.894565212,11990308.122462276,12083060.617416384,12894754.823971126,22529297.643509187 
 02/20  08:00:00,12486018.419069335,12340621.47023857,12324454.862134032,12331659.810369572,12350607.540879728,12444989.057406275,13290178.977966351,23424089.21248346 
 02/20  09:00:00,12222438.551784547,12097186.225172078,12093218.682516873,12107720.116855824,12132043.245518122,12231284.161244126,13075806.026110679,22988082.532623366 
 02/20  10:00:00,9523607.895211263,9336271.667424029,9363239.024690304,9406260.166424735,9453143.724750564,9558519.849073986,10214567.562385494,16440870.324164331 
 02/20  11:00:00,5598930.19842411,5226963.723789119,5245602.622712589,5294164.39927332,5345801.795261686,5429730.454338562,5739147.915441386,7175853.732921021 
 02/20  12:00:00,2818287.937529619,2326762.349397417,2331150.4350272836,2376003.860168063,2422207.2653013836,2470483.3126108916,2481272.437693426,1180626.6307990868 
 02/20  13:00:00,1196074.799627245,721886.117838051,723488.0619868798,774488.4967284104,828445.3834233604,863204.8296707491,692044.3093094028,0.0 
 02/20  14:00:00,24945.527868694626,0.0,0.0,0.0,0.0,0.0,0.0,0.0 
 02/20  15:00:00,0.0,0.0,0.0,0.0,0.0,0.0,0.0,0.0 
 02/20  16:00:00,0.0,0.0,0.0,0.0,0.0,0.0,0.0,0.0 
 02/20  17:00:00,0.0,0.0,0.0,0.0,0.0,0.0,0.0,0.0 
 02/20  18:00:00,0.0,0.0,0.0,0.0,0.0,0.0,0.0,0.0 
 02/20  19:00:00,2110975.6715050973,739778.9280135854,631306.8916167336,638433.8452562224,655181.1478396703,649098.0216547177,624447.5505199225,3295789.3542436906 
 02/20  20:00:00,4409687.499794699,3366851.6940547703,3194876.066473278,3205705.9106888864,3237339.049248799,3235907.566646927,3318772.811889747,8112855.396141189 
 02/20  21:00:00,5971766.588336839,5095037.163794524,4943355.147422321,4948216.940280557,4972693.187166773,4985652.603844296,5227629.364159429,11301616.880934464 
 02/20  22:00:00,7330999.592981586,6507107.941408669,6378373.742865512,6380075.215714851,6400342.653620444,6426346.007592137,6793651.033592326,13793895.22688584 
 02/20  23:00:00,8686893.609011881,7907503.753837377,7778222.32904304,7779195.01232931,7800135.925571483,7836278.043230368,8297027.609384531,16222467.058212187 
 02/20  24:00:00,9937425.827212386,9239486.157499295,9117943.487853121,9118649.621263893,9139719.197100203,9186361.459989768,9739391.84802289,18516219.40386279 
 02/21  01:00:00,10879865.609864414,10270423.938375058,10160973.143473323,10162003.814045874,10183040.358545145,10239611.507959943,10875220.066601451,20365976.464000683 
 02/21  02:00:00,11615595.8202327,11094068.480135862,10998363.370256633,11000154.181421656,11021163.112145726,11087066.891414745,11799880.327213282,21981685.782386124 
 02/21  03:00:00,12309685.261549482,11873362.179931406,11791979.040426154,11795046.157511644,11816331.05238424,11891126.778012602,12675858.271157332,23536729.78016383 
 02/21  04:00:00,12826416.735194098,12463451.819433432,12394213.58499613,12397836.849140303,12418880.38121402,12500545.050562914,13338190.799258025,24608998.511284113 
 02/21  05:00:00,13154809.70856566,12855222.218301961,12796868.643443123,12800889.768879373,12821548.489142133,12908721.767813139,13787181.215350613,25328218.35392226 
 02/21  06:00:00,13359580.693778161,13113341.631524848,13064550.177493218,13068984.060170647,13089308.93851905,13181030.672566041,14091930.7214492,25831661.43007389 
 02/21  07:00:00,13506495.66172895,13305824.035575517,13265376.474380082,13270132.383400314,13290103.549933266,13385476.898539381,14320925.951237502,26180619.56608786 
 02/21  08:00:00,13571365.64693105,13407191.824685426,13373596.811911572,13378564.868928425,13398202.122732257,13496265.845354112,14445566.400977036,26268551.539414894 
 02/21  09:00:00,13029485.924799316,12886602.909150138,12868898.189133193,12882359.899674486,12908182.910016831,13010353.768458894,13917517.875225527,24658921.51015128 
 02/21  10:00:00,9725105.874149125,9508545.604705924,9524552.534827406,9568100.617463397,9617670.039434442,9725180.913943505,10403516.56201098,16726175.908813408 
 02/21  11:00:00,5583324.927232778,5186416.71115968,5198605.6724618,5249978.180926109,5305085.197667376,5391712.582947231,5702869.601911388,7100236.64253013 
 02/21  12:00:00,2881791.454584945,2411675.61540282,2436672.2332060966,2503640.7581807096,2570200.3260694863,2637811.066534008,2671297.529157645,1453940.6761669526 
 02/21  13:00:00,1153865.406509026,750034.8385028382,782588.9230045854,855908.3459184566,929047.1073303183,989728.0878803622,903018.0855501168,0.0 
 02/21  14:00:00,0.0,0.0,0.0,0.0,0.0,0.0,0.0,0.0 
 02/21  15:00:00,0.0,0.0,0.0,0.0,0.0,0.0,0.0,0.0 
 02/21  16:00:00,0.0,0.0,0.0,0.0,0.0,0.0,0.0,0.0 
 02/21  17:00:00,0.0,0.0,0.0,0.0,0.0,0.0,0.0,0.0 
 02/21  18:00:00,0.0,0.0,0.0,0.0,0.0,0.0,0.0,0.0 
 02/21  19:00:00,2469828.4603658197,1423889.9175148515,1304007.016593746,1358654.653453005,1439424.304334706,1470052.2119723698,1383456.644436113,3151675.6350890812 
 02/21  20:00:00,4453015.1417123,3493627.3246959364,3381669.71536932,3431242.7425697874,3492880.306818606,3521779.415642313,3589214.29785848,6760661.671012775 
 02/21  21:00:00,5829541.300056958,5006744.4241402745,4904735.927569914,4944990.740211664,4997622.954070938,5033732.012968928,5223166.534079101,9528677.405889384 
 02/21  22:00:00,6780858.330946591,5988699.402732331,5899170.204194183,5930608.799897215,5975149.578268756,6017570.864485396,6300708.161649408,11355032.92341405 
 02/21  23:00:00,7373399.222116743,6616910.478301668,6528756.528274971,6562377.322181733,6609895.535994848,6660974.807972122,7002291.511028546,12481580.747484146 
 02/21  24:00:00,7832212.053686073,7133491.7891261615,7051615.57815203,7084458.446304057,7131067.45388793,7188772.328540949,7585839.451584011,13406211.428687945 
 02/22  01:00:00,8214617.570439747,7575074.239805073,7499370.524952328,7529619.4569024965,7573648.567390592,7636436.760228043,8084434.837007119,14231101.077388778 
 02/22  02:00:00,8524963.542331714,7933674.274378773,7857924.099168549,7880912.344671458,7918805.390275686,7984069.546940677,8486776.920432553,15132485.97939244 
 02/22  03:00:00,8840529.976241859,8293376.639711985,8216474.528258417,8231607.2754551,8262915.361277682,8329948.941929047,8885393.584278945,16063105.485929897 
 02/22  04:00:00,9165166.453390814,8670452.09479169,8599745.33470635,8612285.169032097,8640876.32926573,8711511.48341307,9307261.267817196,16787921.70562402 
 02/22  05:00:00,9284118.710248685,8835017.460315226,8771864.441427555,8783664.890157748,8810950.674639592,8884724.743390275,9504230.985395143,17035500.813131083 
 02/22  06:00:00,9325477.541878304,8922061.480903847,8870891.292761678,8885570.693143364,8914275.017434873,8991962.2151521,9618274.94087394,16901240.78698501 
 02/22  07:00:00,9593346.219332786,9234335.552353276,9194415.678620858,9211923.489721425,9241999.157165565,9323133.663773503,9961481.31899034,17233035.11929985 
 02/22  08:00:00,9590504.841255788,9263386.555321343,9231684.422205392,9250718.235909596,9281310.500105698,9364800.349131491,10006675.360183828,17136783.40899238 
 02/22  09:00:00,9181670.039742347,8872401.045415075,8851121.47498444,8874740.536258023,8908255.278665021,8993471.998872224,9609121.827251077,16114500.904828984 
 02/22  10:00:00,8176417.405409129,7868615.3362583835,7867495.496420229,7905160.189594748,7949126.646847164,8037627.833091055,8565692.469907196,13428239.995537512 
 02/22  11:00:00,6859357.621762069,6534723.595376384,6552480.708353897,6605130.677127505,6660372.241817262,6750174.840905107,7164700.656744081,10190410.06296892 
 02/22  12:00:00,5829213.72987198,5492672.6595952595,5526853.667037566,5592812.836270616,5657937.584772794,5749135.467676532,6083263.2026506355,8014739.256759154 
 02/22  13:00:00,5367760.569548114,5028296.1036916245,5070386.964340532,5141731.481910769,5210215.375681008,5300723.283969326,5600469.076928561,7219305.809439057 
 02/22  14:00:00,4597194.96232969,4238309.496790582,4289620.7340420205,4369874.122798062,4445091.940088439,4534446.472317094,4758582.415418945,5518434.4122423325 
 02/22  15:00:00,4138903.479572923,3738163.601161604,3776632.966009678,3849683.310304165,3919300.296441175,4000263.3136046617,4182909.3425382604,4668596.893852911 
 02/22  16:00:00,4004223.179659822,3570139.334784201,3592066.024255677,3653943.1895916644,3714670.009497151,3787647.4990473716,3969390.7180495714,4670765.889260491 
 02/22  17:00:00,3875765.186115928,3433581.639216567,3453896.4686949137,3514860.7641567728,3574755.525012945,3649123.4844893,3870408.401012757,5234999.912820524 
 02/22  18:00:00,3329870.906825208,2872505.585932522,2900272.0606163656,2969581.0481995535,3036733.870006209,3122573.677178898,3421479.1847140677,5914277.296010815 
 02/22  19:00:00,5656585.1821897,5172077.718365516,5137020.716487819,5156559.771077666,5185224.324660495,5250720.400786893,5669013.434070251,10314488.80723105 
 02/22  20:00:00,6419893.30721068,5960163.039358001,5922355.27512357,5938098.831379123,5963952.9838135,6030534.979222788,6487738.558809651,11630973.924203373 
 02/22  21:00:00,6963654.314397922,6531018.371838983,6496271.498710068,6512258.163715755,6538286.213456696,6607803.242649928,7093873.491966011,12504788.787103353 
 02/22  22:00:00,7323416.014654983,6909636.064688124,6874109.28169793,6887783.823418389,6912025.203584705,6982764.55171355,7497439.302981507,13222938.320272824 
 02/22  23:00:00,7910025.102650038,7519925.187613193,7483383.44103403,7494271.326213231,7516398.28689072,7589008.471423523,8144685.000122486,14418999.595122704 
 02/22  24:00:00,8005134.212997413,7634513.472752893,7599851.237143126,7610136.879562657,7631691.109191022,7705902.530990641,8277298.603024646,14627283.621845886 
 02/23  01:00:00,7932495.231266844,7568296.3955508955,7532431.056984831,7540731.32040256,7560674.473657204,7634597.517874825,8213440.550125081,14575077.99132008 
 02/23  02:00:00,8131279.213195965,7784025.574970272,7750509.968968045,7758987.2020862475,7778964.802806285,7854562.140421309,8448180.466598999,14926459.553985033 
 02/23  03:00:00,8238162.967935344,7908777.239043304,7880391.7589360615,7891183.5095128985,7912772.033796776,7990347.241650537,8587516.653367339,14978339.478858577 
 02/23  04:00:00,8373703.914396159,8057636.490031451,8032018.194727234,8043545.617150031,8065511.950555013,8144085.012787471,8748222.744137883,15198318.63612255 
 02/23  05:00:00,8691178.63691362,8388133.318920793,8361049.903484019,8370075.499481067,8390063.565915924,8469475.643511286,9106566.409729853,16094287.943518028 
 02/23  06:00:00,9139530.449812042,8856386.045347327,8829389.379099324,8836689.635322584,8855216.138562374,8936729.401968803,9615828.844326818,17274560.66131393 
 02/23  07:00:00,9342645.197207034,9075211.084045703,9049861.552779589,9056977.624989353,9075298.694147753,9158596.554521695,9859197.660394931,17790030.86279117 
 02/23  08:00:00,9518849.716357585,9265304.387283169,9241597.325942572,9248640.427552754,9266831.808002587,9351742.524176344,10071571.462930247,18232353.735518735 
 02/23  09:00:00,9439755.737487387,9189222.894298913,9168566.677558934,9177269.292759355,9196658.402595524,9281889.687919056,9982299.539847095,17666711.18183315 
 02/23  10:00:00,7699594.039840187,7381922.890338767,7363149.383563487,7377134.273168321,7400433.879087719,7477011.659387431,7999902.685594575,12624754.970185785 
 02/23  11:00:00,4847167.766740017,4410020.074430566,4389799.0244050715,4410955.362947755,4439525.11666948,4500390.684524166,4755520.013432691,5904827.42551216 
 02/23  12:00:00,2423906.024493295,1923432.668950678,1925333.8475985206,1970392.3556348952,2017457.6669123406,2066507.6465312145,2075991.9164970564,919893.8865523306 
 02/23  13:00:00,1170823.895982308,744056.9469843018,777134.9864416159,851742.9654545515,920526.3590586373,972892.2331690949,891836.4395960672,0.0 
 02/23  14:00:00,132972.3255754114,3322.6531927255573,11747.439345909515,29572.48705811362,60032.171340295456,81965.01688513235,26723.645017875242,0.0 
 02/23  15:00:00,0.0,0.0,0.0,0.0,0.0,0.0,0.0,0.0 
 02/23  16:00:00,0.0,0.0,0.0,0.0,0.0,0.0,0.0,0.0 
 02/23  17:00:00,0.0,0.0,0.0,0.0,0.0,0.0,0.0,0.0 
 02/23  18:00:00,0.0,0.0,0.0,0.0,0.0,0.0,0.0,0.0 
 02/23  19:00:00,2649433.5664856792,1796086.3143140785,1735398.7330903937,1784387.4510803507,1840913.0283203465,1877163.1913968602,1930820.1565994055,3733988.681435263 
 02/23  20:00:00,4073167.7982373717,3290729.2354569538,3220562.5684440485,3275644.8203563797,3338417.9342624834,3385940.2381380093,3529004.654685808,6427695.4501372175 
 02/23  21:00:00,5043603.974663019,4278945.551964073,4214670.945296334,4260159.3125796225,4315827.855279694,4367848.09070483,4583775.4223951185,8152901.6076290505 
 02/23  22:00:00,5396767.738470294,4644413.866246716,4577659.630665612,4623782.131680613,4680897.493789626,4738898.855866339,5001510.636352338,8894423.223912746 
 02/23  23:00:00,5723426.996019106,5005200.689164747,4938731.711747395,4981546.060087538,5035741.341750487,5097249.901494122,5404844.816546285,9587659.748604989 
 02/23  24:00:00,6003945.028569039,5326025.89304719,5261674.245291655,5300740.423181564,5351483.443162276,5415720.886555745,5762637.181435801,10188771.025060289 
 02/24  01:00:00,6337606.128611372,5702600.076706059,5641397.422425052,5676883.203130611,5724220.255931326,5790899.086400347,6174801.911685668,10849306.619622048 
 02/24  02:00:00,6665297.515845619,6073379.45828418,6016048.221068788,6048325.143599497,6092491.594847418,6161438.032362964,6579583.334942932,11504283.440065589 
 02/24  03:00:00,6921677.808524754,6370087.384509852,6316284.10171233,6345451.170180585,6386598.161517395,6457262.628830971,6902877.3012345545,12005264.107541868 
 02/24  04:00:00,7426678.303779011,6912130.11227493,6858605.422359277,6882350.379951044,6918676.743368645,6990800.435773682,7485792.195399591,13207923.445066275 
 02/24  05:00:00,8086710.196147975,7610164.677208174,7554143.921438463,7570577.635644962,7600814.397783379,7674551.554662927,8236441.9827271355,14922897.529359803 
 02/24  06:00:00,8636419.389152925,8201403.309369732,8147376.44700934,8159857.883269336,8186499.220346694,8262881.324129679,8880251.978006117,16304635.924879806 
 02/24  07:00:00,8912057.000822911,8517843.040510956,8470649.790313985,8483099.69412303,8509073.23788771,8589126.522854475,9245164.026313046,17075012.677844856 
 02/24  08:00:00,8992072.776051331,8626585.844144134,8585533.695758093,8598493.602109294,8624331.820171222,8706592.236489,9369873.531480005,17015693.904005427 
 02/24  09:00:00,8800287.121282445,8450979.60352686,8418083.405671638,8434370.024346592,8462369.277212655,8545177.574548291,9171459.175023137,15947159.22907959 
 02/24  10:00:00,7095435.048420709,6706807.748783039,6688327.703749316,6716984.762277831,6754317.539954877,6833998.516062973,7293787.498143929,11172708.242422653 
 02/24  11:00:00,4377270.398008786,3889110.6958437255,3874987.695143205,3912933.2462886833,3956482.7167141093,4020969.2703725835,4214706.949924066,4834063.683622671 
 02/24  12:00:00,2498399.5293649333,1972417.7666795806,1974343.1239890603,2027372.8858816118,2082527.169257753,2137046.032490583,2147507.808246756,1184480.9738419412 
 02/24  13:00:00,1310972.9482121328,842967.6083365339,867067.1350013624,939813.4823815854,1010016.2719948406,1064991.5118322344,1018167.2209124925,0.0 
 02/24  14:00:00,103826.91749202351,0.0,1210.9287112238235,18575.006745119757,34496.80204255128,47032.37682352193,20793.700700378395,0.0 
 02/24  15:00:00,0.0,0.0,0.0,0.0,0.0,0.0,0.0,0.0 
 02/24  16:00:00,0.0,0.0,0.0,0.0,0.0,0.0,0.0,0.0 
 02/24  17:00:00,0.0,0.0,0.0,0.0,0.0,0.0,0.0,0.0 
 02/24  18:00:00,262984.04926663794,0.0,0.0,2168.2892831668146,88173.00598485454,151225.16550608564,174553.17076300853,681042.3577564477 
 02/24  19:00:00,3239672.2274550344,2456323.606302988,2408915.566717921,2513691.662446277,2555155.585990874,2583005.6777127865,2718392.3017275785,5435721.496156581 
 02/24  20:00:00,4195818.3828355335,3433766.2493993007,3377913.162348692,3434553.456130601,3499244.8125900337,3557780.1557312943,3758299.5029739058,7091099.354169559 
 02/24  21:00:00,4894917.720405338,4140660.9505016766,4084915.2066416126,4143479.951916298,4211723.482894366,4278188.724799813,4535709.500474493,8356296.86135578 
 02/24  22:00:00,5487217.2370711025,4764619.890038459,4707904.533944242,4762927.238843936,4827904.427139049,4898064.374712538,5211046.136379722,9498553.826690441 
 02/24  23:00:00,6579449.91642772,5909118.632222211,5853271.571966339,5903246.175221132,5963814.090719597,6038274.143109581,6426012.663225766,11543861.886457643 
 02/24  24:00:00,7413241.834723758,6793685.583827144,6736740.9737576,6779180.503943463,6833356.82810853,6910195.377535354,7366511.836914194,13272362.603608169 
 02/25  01:00:00,8030590.185972987,7462348.569490853,7406031.187808547,7441682.591244189,7489882.174934021,7568656.914393368,8082356.910111481,14582071.999131836 
 02/25  02:00:00,8836481.91943156,8328742.22147334,8277405.590357039,8309220.6266896045,8353692.661466004,8435772.476929039,9005120.334030485,16092236.084253756 
 02/25  03:00:00,9453769.684176097,9000151.113655362,8953034.253466595,8980955.017290892,9021695.981849903,9106083.26018159,9719805.150328409,17246010.2576631 
 02/25  04:00:00,10020046.126494542,9619139.076228635,9577401.16434814,9602644.163530465,9640545.078977639,9727394.860055035,10380362.414725613,18286099.753117558 
 02/25  05:00:00,10763708.68617378,10421973.676657056,10388817.911164654,10413721.200898422,10450599.759533744,10541139.541274203,11237654.12393031,19629945.07721183 
 02/25  06:00:00,10975326.539240228,10677619.230058245,10651570.473174762,10676091.529766295,10711935.521482931,10804804.74406891,11523214.120923443,20020077.78840619 
 02/25  07:00:00,11021808.895221986,10751105.749278877,10726685.48460932,10747839.972282197,10780443.218423208,10873218.512909964,11609227.17500208,20246932.43397082 
 02/25  08:00:00,10672221.821985962,10422655.667208001,10403524.147731397,10424622.403418604,10456535.283575755,10549609.12021872,11274859.282150246,19521418.00676825 
 02/25  09:00:00,10123835.095412226,9896371.955388127,9891926.530529425,9920743.70474634,9957793.949386504,10053128.840150824,10739571.422712214,18087093.366540883 
 02/25  10:00:00,9378714.119681416,9179959.005372934,9202015.708482182,9247482.424859263,9296323.085369375,9397587.402677367,10031991.031592136,16314418.553408068 
 02/25  11:00:00,8291767.495040365,8113178.36614779,8165829.647563788,8231920.470631332,8295467.354194555,8403141.319981687,8966411.866147434,13949353.191514436 
 02/25  12:00:00,7262126.606520771,7096476.357163241,7180631.011467056,7269248.009277718,7349089.424661926,7463215.655743613,7945958.812456522,11606120.030556373 
 02/25  13:00:00,5578481.380122123,5410438.936663824,5540865.435082007,5666163.215529777,5773501.815657669,5897424.5761447,6235223.742151381,7765615.889184725 
 02/25  14:00:00,3975132.7752277358,3790927.4328921307,3957282.4262714833,4111227.6764454553,4240387.669026954,4369804.7286471035,4585574.940952806,4793852.791083803 
 02/25  15:00:00,3313803.635079615,3133532.7169737415,3320184.4936297126,3489350.187607534,3627357.5234938506,3761255.7086820845,3961303.0173176727,4155985.9642971223 
 02/25  16:00:00,3161373.2161016264,2976346.014859273,3176321.0990721215,3357213.1525228657,3503858.499640352,3636735.0563578126,3871483.918983603,4622640.624432435 
 02/25  17:00:00,2608538.7259637616,2463078.3442981006,2709797.6566870217,2928911.029909281,3106735.24811012,3276442.4219466145,3594101.3078199727,5308131.163747443 
 02/25  18:00:00,3907475.687713949,3723918.401808094,3938119.8127883766,4139215.677724608,4301075.439651367,4470394.560524768,4922805.561594312,8748500.607866045 
 02/25  19:00:00,7730133.013692905,7353418.643599854,7380998.497215312,7467909.994319696,7542051.755792441,7650029.051848161,8172749.025914952,13943160.820559993 
 02/25  20:00:00,8666638.563915843,8316921.581697224,8343972.601269784,8403969.531701447,8464022.804559097,8565667.327713013,9138399.608194156,15664133.390282238 
 02/25  21:00:00,9398740.490441825,9077621.876891261,9097483.99616993,9149657.931825869,9203733.72838154,9304456.908100504,9919459.305913262,16993350.93094468 
 02/25  22:00:00,10011081.469859768,9721754.79032742,9737268.231607242,9783427.834189616,9832817.049682442,9933131.576633072,10583749.913372003,18091092.705664713 
 02/25  23:00:00,10525909.898248974,10261500.292036373,10270406.620752206,10309233.022732597,10352996.976114834,10452047.01876719,11136957.581373747,19094421.66519282 
 02/25  24:00:00,10901765.678227194,10660918.464924896,10665067.396566924,10697978.289519507,10737158.93990106,10835268.018844968,11547142.164644295,19832481.333925184 
 02/26  01:00:00,11269094.522047816,11052350.757676516,11053137.86384561,11081203.96866872,11116600.657716205,11214070.862954177,11949754.658270173,20514401.905696362 
 02/26  02:00:00,11653465.228160989,11458066.575868241,11455137.853159435,11478359.257331952,11510027.582223441,11606749.442210525,12365141.029131936,21225504.988932077 
 02/26  03:00:00,12043409.564509831,11868362.302090487,11861686.681158634,11880151.65218481,11908190.493867632,12004238.813467758,12785610.358182725,21955973.63722293 
 02/26  04:00:00,12404473.27717741,12253899.946499342,12247285.296689723,12263645.280644678,12289991.718503037,12386516.14509909,13186605.550338022,22582847.48518222 
 02/26  05:00:00,12761577.26878139,12634911.48253053,12629051.392332328,12643919.382652856,12669004.84180509,12766051.194838392,13583482.725765122,23200857.189738993 
 02/26  06:00:00,13101876.378422873,13000032.337520095,12996156.735624762,13010434.68905706,13034936.046699915,13132967.386979694,13965820.7932224,23764984.144510604 
 02/26  07:00:00,13501785.520974616,13428218.204498233,13428253.23714878,13443234.648481874,13468072.484381206,13567599.767872935,14416386.537898092,24419735.499915548 
 02/26  08:00:00,13925503.888977982,13880155.035552748,13884047.102975324,13899730.852945643,13924936.765492309,14026163.678625423,14893366.012710769,25158407.72569469 
 02/26  09:00:00,13915316.343289584,13927262.028691322,13957197.600729309,13988001.6165729,14023826.797045285,14133455.966281269,15003995.090446739,25125672.422727264 
 02/26  10:00:00,12056603.829427592,12210582.966064207,12355314.225667499,12462323.457107512,12553204.358901843,12700765.673770308,13522961.746768285,22106015.49233587 
 02/26  11:00:00,9605388.949776825,9817708.706843326,10068037.794453168,10251338.931732073,10398680.33615212,10582313.4176195,11306579.892833194,17597056.972351953 
 02/26  12:00:00,8266296.381245734,8470400.02780757,8747881.400935905,8950633.107431533,9110837.493813928,9295483.317641858,9898999.684376348,14260517.48413855 
 02/26  13:00:00,7316341.661835335,7490433.433833383,7787207.5504936995,8008303.878859916,8182070.730445376,8369153.076485128,8884242.700510606,11900873.079209596 
 02/26  14:00:00,6537192.909172786,6701388.733405537,7016211.806616953,7251837.158393727,7435837.953404562,7627487.576189954,8120540.182786789,11016386.90513163 
 02/26  15:00:00,6053148.505134921,6179971.190611696,6491840.235890533,6730083.260557931,6916913.040968406,7108981.014079532,7609395.307040213,10873260.75447806 
 02/26  16:00:00,6205019.005240986,6279974.837720942,6570204.067895731,6792209.172977734,6967986.255242409,7161168.202779677,7705584.67826163,11809233.540385023 
 02/26  17:00:00,6655431.924398402,6717034.922740734,7006221.1977688465,7231091.483538704,7406875.8323729485,7597395.815869111,8199568.275789609,13436659.13754877 
 02/26  18:00:00,7489964.243279408,7505886.964443566,7764589.300926459,7970429.051865352,8133492.909296006,8326329.365029381,9017107.614985105,15765975.2068445 
 02/26  19:00:00,10961810.444077877,10807259.482585225,10894618.899014281,10999032.796048699,11085867.02259298,11219866.8624972,11957137.273594895,20169894.569130674 
 02/26  20:00:00,11577737.64253965,11457583.31615882,11539378.24483128,11619967.8049115,11693155.797710212,11821134.24036683,12580452.817922726,21155592.281452447 
 02/26  21:00:00,11962921.067389887,11866005.294258473,11941349.762888022,12015363.636712046,12083508.340148237,12209023.08031958,12983529.62043257,21724055.510036156 
 02/26  22:00:00,12311255.39379759,12232104.16613909,12299640.665967148,12366365.801433656,12428998.110068124,12551671.714611316,13341176.743320242,22278423.81072765 
 02/26  23:00:00,12585593.658019068,12522794.426191553,12584052.818294236,12644674.151600078,12702670.17784118,12822972.82509215,13624642.825054515,22718575.05252971 
 02/26  24:00:00,12772946.600092243,12723741.900889201,12779792.880093593,12835260.223949794,12889321.673344597,13007546.906860178,13818834.5386936,23033667.265642002 
 02/27  01:00:00,12904964.152453609,12867303.595072996,12918863.34624066,12969813.926485851,13020423.697551591,13136824.065701433,13955822.942945508,23258176.693089217 
 02/27  02:00:00,12961467.342989374,12931748.711852998,12979097.848149009,13026004.230572974,13073526.136676257,13188050.239651164,14010549.931211898,23336175.144000914 
 02/27  03:00:00,13162315.938142398,13144820.133562868,13189381.775237394,13233046.549424369,13278065.237097155,13391309.201252654,14221239.591323312,23660166.44829283 
 02/27  04:00:00,13491996.040210757,13491343.815424431,13535118.644892026,13576869.570203032,13620385.626058673,13733451.465367394,14576262.371503431,24223429.93009103 
 02/27  05:00:00,13774797.246457152,13790527.922830068,13834524.42506319,13875165.70710263,13917780.90210351,14031059.078847405,14885549.811030747,24716078.7471226 
 02/27  06:00:00,14028417.107968422,14057872.207461044,14101517.565953942,14140796.360718312,14182333.356850546,14295598.450854212,15160648.759660069,25153766.192979485 
 02/27  07:00:00,14317132.930653594,14362367.425469384,14406689.121961618,14445283.973858677,14486253.762201753,14599983.046210658,15477276.982496565,25658182.90611427 
 02/27  08:00:00,14641814.212832022,14705293.230862282,14752000.120067826,14791142.219052944,14832483.836522086,14947486.54143857,15838271.512343377,26213568.057198897 
 02/27  09:00:00,14556181.705463914,14644063.006706515,14704678.837333279,14752542.669392146,14800314.29418114,14920551.54575927,15814586.31164012,26142574.47082827 
 02/27  10:00:00,12321120.0875291,12447800.716137715,12587022.34280588,12693041.073961088,12784724.198764455,12933017.51431264,13737206.209858024,21885669.274529185 
 02/27  11:00:00,8956735.016547317,9015649.508840872,9221867.217280868,9384879.707827251,9520418.777531764,9691880.830406602,10294520.86252878,14731205.343248127 
 02/27  12:00:00,7005220.279515665,6990447.567878675,7219395.947661621,7409352.444136813,7566577.851971788,7736355.150333822,8128189.981496528,9532247.09683527 
 02/27  13:00:00,5890873.876782266,5807767.494731448,6034901.663849736,6230308.840258773,6391598.220261051,6547937.435408311,6743521.092718897,6506466.41704949 
 02/27  14:00:00,4244502.237887841,4124401.961516823,4368904.815107822,4584116.149010211,4758645.495288748,4913696.005619297,5002556.262403776,4170217.6156878024 
 02/27  15:00:00,3098055.991482415,2974792.9743850664,3227730.203183988,3453933.4302154034,3640076.193999486,3799123.7265421534,3885292.4157121205,3184586.6441428415 
 02/27  16:00:00,2631514.1010753056,2506808.651472494,2748372.014273457,2970737.882419293,3157686.3340406246,3322309.716421414,3481133.678645524,3487068.6624110895 
 02/27  17:00:00,2733160.960584271,2565564.5534785856,2795055.286842135,3012505.046489026,3196091.0171290934,3365754.2389533888,3627312.8038665093,4939308.690241003 
 02/27  18:00:00,4240392.6466606,3980375.515153543,4184857.5633032704,4385707.648073679,4553105.879655617,4718078.615345425,5120119.400147078,8628140.72898232 
 02/27  19:00:00,9104861.896612847,8718499.443233123,8761238.94175689,8841460.070350861,8916309.989012096,9022930.322009016,9562133.668490399,16264239.657367071 
 02/27  20:00:00,10207332.876052435,9864161.182675596,9900556.008842062,9973153.998356901,10043020.534397606,10153231.456643004,10777034.087222915,18532463.38459158 
 02/27  21:00:00,11050868.014649954,10754950.607158722,10787412.815707074,10852688.790011916,10916878.808488902,11027691.934103118,11706014.211654007,20076600.55996902 
 02/27  22:00:00,11788390.440960415,11537829.738529194,11566859.285574665,11625349.28706038,11684236.20058274,11795337.61529762,12521680.326346878,21441017.778116666 
 02/27  23:00:00,12595557.945840918,12383975.650707876,12404758.171156568,12453218.971055822,12504459.36713386,12614515.28250483,13396546.97587951,23083706.581531055 
 02/27  24:00:00,13308130.443148144,13138128.777653795,13154370.941137346,13195262.717055498,13240654.324919656,13350763.4239157,14185353.700340442,24604394.110772554 
 02/28  01:00:00,14010624.299780857,13888502.629570473,13905880.116969429,13943363.419809181,13985976.624368317,14097961.91159303,14978797.41578456,25990570.11026306 
 02/28  02:00:00,14638162.608760804,14557203.475946505,14573681.778192805,14606668.287632436,14645702.17434662,14758431.994883526,15677977.183300268,27185322.62287251 
 02/28  03:00:00,14948762.523443572,14900257.687072488,14916876.665795408,14946746.897391345,14983255.3289494,15096442.276058009,16038763.19287201,27756257.829249326 
 02/28  04:00:00,15104976.452403173,15085902.801260905,15104820.887444284,15133394.376252148,15168668.410643512,15282687.356620695,16241222.937888814,28067445.579577424 
 02/28  05:00:00,15266709.67461931,15271819.888845954,15291719.30515974,15318416.788608069,15352049.740930775,15466561.699880155,16442257.7914658,28437991.963098764 
 02/28  06:00:00,15467313.566630177,15493948.130238455,15514608.489655606,15539688.538998127,15571967.313182496,15686797.281819433,16673451.980052037,28735284.03206712 
 02/28  07:00:00,15638252.832532581,15687972.955119286,15712130.210198935,15737755.203081587,15770294.439637598,15886020.380543832,16875879.908623792,28851759.840366982 
 02/28  08:00:00,15828388.592704272,15901128.569928316,15929634.37881008,15956422.184338028,15989632.015083902,16106487.218654206,17101962.153485868,29108974.610306207 
 02/28  09:00:00,15357961.338276036,15458541.123709543,15510905.80364265,15553573.461412277,15598592.444198446,15723035.319554225,16687715.953125618,27905134.113812048 
 02/28  10:00:00,12875121.17927694,12996128.575907033,13125667.559885012,13227117.910556037,13316997.954580829,13467479.335874964,14295386.611742612,22457969.641205028 
 02/28  11:00:00,10054117.441940933,10123018.729547072,10308743.341357015,10458394.110916412,10586860.087612549,10754730.190763956,11392703.414340014,16102429.849158404 
 02/28  12:00:00,8167419.052838272,8166732.491185031,8386230.323880438,8569138.660469875,8721838.23549722,8892593.849043412,9325159.783188563,11063110.709472165 
 02/28  13:00:00,7142894.856411265,7101644.87460744,7334546.119274121,7532237.647911083,7696008.694622494,7861305.044799585,8130202.589630773,8294535.71289086 
 02/28  14:00:00,5765906.66815663,5675635.177209863,5927121.773347839,6144018.31067989,6325947.754236505,6490136.080053017,6646418.856620753,6188525.787137674 
 02/28  15:00:00,5060236.938191129,4951339.544716737,5224637.964479666,5465915.850846709,5664350.465754684,5843500.411240519,6015073.492014795,5763978.97538174 
 02/28  16:00:00,4813729.1577326795,4696777.0316476105,4984191.201375935,5241114.065600155,5453389.904253658,5648695.971561809,5912728.490557656,6561391.18136879 
 02/28  17:00:00,5871516.2500184635,5727175.07773018,5988429.467456032,6226392.213635159,6422632.702245621,6615214.5279773865,7019387.327420433,9844339.96108535 
 02/28  18:00:00,7197699.939950757,7033285.74202856,7264233.00487478,7478285.443136313,7657411.727524273,7847973.948984667,8399465.365761902,13768238.963149881 
 02/28  19:00:00,11069932.521065338,10834045.040951235,10909747.52814263,11001589.601802547,11083805.703577217,11195102.913276078,11862144.065431384,19755403.296172872 
 02/28  20:00:00,11655244.466573171,11448756.003206953,11515751.935884645,11599775.900049916,11678436.085370114,11803316.38397298,12500107.180830237,20942688.012041185 
 02/28  21:00:00,12270464.349525508,12086654.241979154,12138368.907881534,12208071.91611841,12275724.060822077,12396419.916394327,13145247.79192182,22300268.79956535 
 02/28  22:00:00,12910978.30872659,12751735.510715267,12789750.304354493,12846208.687570352,12903734.426946735,13021085.460082998,13821776.394437393,23725703.15407735 
 02/28  23:00:00,13470620.642384067,13343752.771878263,13375088.544437306,13423220.166877957,13474216.406166099,13590090.903727707,14431828.76974283,24857011.427795235 
 02/28  24:00:00,13957306.864399921,13862104.661818514,13888386.398743983,13929446.78324063,13974856.07545454,14089770.808315694,14969257.431381319,25878915.368394345 
 03/01  01:00:00,14340093.906264406,14276884.77264005,14302211.055163998,14339423.988007337,14381660.675064284,14496706.598538408,15403604.721350424,26604547.175637886 
 03/01  02:00:00,14704563.269188467,14674044.575921483,14700878.207141802,14736224.674589626,14776796.400616711,14892504.142690627,15818459.128917076,27166487.243636735 
 03/01  03:00:00,15103058.56255872,15101127.937585644,15127546.49974237,15159889.624556495,15197981.222654015,15313689.729670819,16260723.849602357,27856183.359236818 
 03/01  04:00:00,15458603.548125036,15481535.318068163,15507193.976751871,15536597.135378225,15572296.887751944,15687979.830366448,16654961.148167472,28506036.43651036 
 03/01  05:00:00,15789009.443790771,15833581.405486,15857936.060459089,15884254.951000268,15917480.326146936,16032940.787575042,17020103.75118504,29159229.540821053 
 03/01  06:00:00,16069486.435308564,16140300.7690434,16168023.987941222,16194639.037008831,16227900.655766167,16344733.67025158,17344447.413609553,29572573.729881383 
 03/01  07:00:00,16186394.19870067,16279715.751221344,16312397.605645481,16340772.326013038,16375126.967601147,16493204.781123187,17494997.190422855,29649890.16897706 
 03/01  08:00:00,16122413.329297839,16229379.59233427,16264647.356997523,16293423.764213858,16327875.774385683,16446371.644283768,17448323.569581535,29524469.24903799 
 03/01  09:00:00,15422096.30102844,15549492.862313528,15608956.043483615,15654353.91545092,15701132.913219698,15827204.7988795,16795098.85078659,28024301.107606236 
 03/01  10:00:00,12752690.450030051,12894462.082169462,13036259.913233686,13145185.061332947,13240666.98818939,13395973.811143793,14229265.471723543,22406784.306273714 
 03/01  11:00:00,10162080.343768109,10228917.448238906,10414363.359851545,10564249.276994655,10692228.8152345,10860103.608067203,11501427.410614863,16240845.190665223 
 03/01  12:00:00,8482973.16665434,8427808.99384137,8601641.709573258,8754868.776866732,8883584.222321576,9035111.035041545,9429997.73735422,10931050.324423939 
 03/01  13:00:00,6864899.293529546,6687426.831062926,6849542.868805708,7002208.548175065,7133438.946297275,7262710.535382009,7375554.010473937,6629407.55931592 
 03/01  14:00:00,5089550.615717915,4859560.186850253,5035702.417954077,5207796.749375241,5354539.111423197,5480215.618064989,5468882.254419569,3880203.191866407 
 03/01  15:00:00,4084551.925832195,3890530.922744019,4116686.6268012733,4328505.929945621,4505796.302158042,4654973.884465383,4692068.627596248,3594145.310338857 
 03/01  16:00:00,3857711.278539465,3673518.8193483483,3919875.468436772,4150522.1117358464,4343509.574548967,4512390.02396556,4660391.03855494,4561059.358982506 
 03/01  17:00:00,4295605.687057571,4023438.3796633175,4217944.187914788,4410347.3536641095,4572037.151209167,4722717.515513932,4983968.10517716,6535832.726965769 
 03/01  18:00:00,5880198.218453184,5567196.602137604,5722999.016002445,5888500.24552578,6030491.9522062745,6180545.5080499705,6595920.739576649,10678877.747531863 
 03/01  19:00:00,9459815.997484928,9128237.897137884,9179492.83878626,9261010.180219015,9337241.713851508,9444127.792778812,9968615.91192583,16354912.381111603 
 03/01  20:00:00,9951129.523350185,9642407.616182296,9683559.078939652,9755102.20770893,9823851.512570921,9930142.641357686,10513687.099681543,17628222.967449453 
 03/01  21:00:00,10296359.746937687,10018370.630056225,10056033.219506307,10121752.680923635,10185852.286275163,10291907.110968726,10907648.240949487,18244287.022715934 
 03/01  22:00:00,10793659.651485959,10548226.034387551,10582466.252448063,10642369.129310464,10701864.27312664,10807886.44120941,11460203.218475258,19168555.171776135 
 03/01  23:00:00,11257732.629539423,11044473.654785227,11076400.795368226,11131343.8025519,11186884.724482164,11293119.476388685,11978854.271803658,20038902.149627138 
 03/01  24:00:00,11966432.819825644,11785822.328593511,11813674.527069692,11862467.90467417,11913232.596241761,12019766.451995522,12752434.308241878,21457152.892662127 
 03/02  01:00:00,12452135.696806615,12304912.509969618,12333078.866906751,12379036.784477856,12427522.249965297,12535371.391616464,13298586.933125721,22329250.45073946 
 03/02  02:00:00,12799905.50978934,12683048.449117424,12712938.846399909,12757367.640594104,12804509.87706602,12913207.87696625,13694129.644714078,22852421.104059305 
 03/02  03:00:00,13134450.921872767,13039497.82745584,13066237.011157276,13105870.114448346,13149224.751435587,13257556.661055846,14067311.227184193,23627068.190542594 
 03/02  04:00:00,13134574.158716103,13050545.077875465,13073948.8526934,13109300.485554952,13149273.29190105,13256617.81916264,14076755.259939618,23661791.81810307 
 03/02  05:00:00,13106083.284866445,13030936.405247169,13053267.617373385,13086423.690415142,13124589.85034458,13230960.052589959,14049367.661799744,23500572.419482276 
 03/02  06:00:00,13323008.584884165,13264649.277574087,13287403.715897225,13319178.497168971,13356179.539894003,13462802.03374542,14292556.173562568,23870525.43700556 
 03/02  07:00:00,13450724.569770213,13405207.112350091,13427887.923665345,13458201.055676375,13493982.342159541,13600626.772923691,14438696.556886172,24094483.276072245 
 03/02  08:00:00,13620586.571485195,13587705.322548283,13609074.30165904,13636920.343398537,13670685.610995073,13777299.318962649,14635950.215634165,24646373.40739007 
 03/02  09:00:00,13219673.766405908,13174352.91795979,13197830.178039208,13227531.104904838,13262840.859394701,13369586.649849664,14201431.887654442,23640293.5401437 
 03/02  10:00:00,10219683.452706983,10039701.057191394,10066607.888248516,10107229.535239914,10151426.88167874,10249888.340050215,10838908.786452103,15971752.684001876 
 03/02  11:00:00,7187603.835590037,6869762.212439681,6912162.7080286965,6975788.862006306,7037906.670471533,7125180.849387316,7377495.100904134,8082892.792825986 
 03/02  12:00:00,5561679.604382011,5191956.177424508,5252813.285027694,5337343.851505741,5415313.183293622,5489306.280531903,5455538.324386179,3905322.182299097 
 03/02  13:00:00,4470595.5870875465,4043626.5853885966,4100312.2436107863,4186879.1315447083,4264591.89528227,4313829.3536221115,4099350.4140319265,551548.7817739092 
 03/02  14:00:00,2864431.461085712,2413140.9894422847,2454463.102366809,2540991.0287785446,2619101.4072368317,2655305.6513396516,2332626.1019814108,0.0 
 03/02  15:00:00,1614648.7110627,1052916.5629516894,1083673.114236901,1184994.2140425963,1274621.5298993513,1304518.134115814,767270.5085417954,0.0 
 03/02  16:00:00,838389.4820776014,150831.6303591826,168010.44250904233,271252.98887081444,363690.5635062183,384984.889790116,1892.8748072081362,0.0 
 03/02  17:00:00,982916.0639211506,330186.00646963605,350204.906112593,454971.12546884164,549068.8966242189,577006.5476988646,201202.11271890148,0.0 
 03/02  18:00:00,2446354.864930912,1925626.7031429424,1964430.788834875,2063823.6598637304,2153544.465817636,2207362.3194973525,2121365.065111595,1855074.1701461042 
 03/02  19:00:00,6345417.375450331,5729706.572002286,5712263.40852691,5766935.9042033795,5820321.093304437,5858640.296687814,5991691.15151752,10090553.815594515 
 03/02  20:00:00,8760484.391808312,8206141.85759092,8162264.258600384,8190009.630077902,8222711.395667447,8256452.64135463,8519461.375794362,14455201.51932243 
 03/02  21:00:00,10020162.152564287,9534250.461004607,9497384.925823681,9525659.82092431,9559206.093467213,9604154.66865887,9971807.887486208,16808993.410122257 
 03/02  22:00:00,10851136.72719397,10427281.920062035,10394907.334635988,10421436.505013162,10453939.334516196,10507747.05017066,10966826.292245118,18565080.268227935 
 03/02  23:00:00,11569377.378465114,11203693.049416617,11174210.680302551,11197699.891432414,11228083.734536286,11289462.055263152,11835349.267776169,20220077.18152774 
 03/02  24:00:00,12191002.978855826,11877147.937158484,11848199.86932769,11867102.61114286,11894159.782028778,11961647.586731408,12589300.280462425,21778368.407443635 
 03/03  01:00:00,12858953.659677561,12598206.175238024,12571686.969286548,12587476.750956137,12612292.873985294,12685875.259172413,13386145.878765685,23280934.110767905 
 03/03  02:00:00,13518608.532224862,13312365.872420955,13291311.79134301,13306375.146867724,13330694.14290087,13410567.343061145,14171979.722184766,24625120.121953577 
 03/03  03:00:00,14027542.47344212,13869945.596730396,13853982.361356724,13868384.631103847,13892207.135022938,13977521.884260025,14790474.563307252,25695300.63088857 
 03/03  04:00:00,14611728.778764395,14501750.545844257,14491200.903423961,14505427.707921233,14529072.800922437,14619647.556144409,15482823.494054625,26891057.31445408 
 03/03  05:00:00,15181145.999951478,15117156.306276154,15112382.53014178,15126918.94205978,15150787.241102787,15246358.678377096,16154441.985315124,28023014.206453916 
 03/03  06:00:00,15572954.819837112,15546479.90378427,15546443.458348565,15561137.850138497,15585114.554824838,15684540.238529831,16625539.701451264,28784860.68791821 
 03/03  07:00:00,16008357.270819936,16019116.434014104,16024139.064071136,16039393.200553231,16063725.047197398,16166813.924199175,17138344.75773608,29584300.89520612 
 03/03  08:00:00,16277036.943527484,16324561.187094925,16338365.370297305,16357101.083959125,16383952.482823715,16491508.51602732,17481284.455972683,29983717.708830222 
 03/03  09:00:00,15190534.851977661,15261833.395427464,15307070.711776989,15347495.312760772,15390669.12042315,15508793.62326557,16447982.875314895,27590772.79604041 
 03/03  10:00:00,11439797.947030198,11464054.393705726,11576711.697241679,11673416.705636771,11760549.651830025,11900502.834084947,12631155.372871963,19413336.385418095 
 03/03  11:00:00,8132427.617960626,8075015.692966967,8234416.886474048,8374658.628948631,8493844.606351735,8638799.872376736,9106112.165340697,11635302.4031752 
 03/03  12:00:00,6291964.491813054,6197861.0978481155,6390540.924460258,6559620.359840257,6701297.4083689265,6846604.253338061,7085233.450588936,7217774.780005489 
 03/03  13:00:00,5057225.933236543,4943967.390893202,5157221.466373374,5344432.992536302,5498265.174104511,5634998.126346746,5688549.52336896,4559563.518836554 
 03/03  14:00:00,3704419.518114944,3593260.7183773657,3835931.617412475,4049641.5792046958,4222166.863946218,4363990.803171713,4350140.899077228,2851543.022346554 
 03/03  15:00:00,2671546.4694176177,2549964.771233834,2809682.3382644085,3042388.258734775,3232269.249264209,3381327.647274586,3360706.625469284,1672187.146579985 
 03/03  16:00:00,2261485.896783311,2112175.9441659045,2355485.1677762954,2584437.885655981,2775084.6001286777,2927045.0092167538,2951204.1565556633,1940212.6116797663 
 03/03  17:00:00,2942072.770805437,2706833.7545891907,2925213.7286091107,3133258.159859796,3305618.620227146,3452339.478767427,3582839.6467896486,3779242.3778668805 
 03/03  18:00:00,3238267.708975045,2946684.5580793535,3145143.048359224,3348731.082249458,3519751.1003680984,3675542.8391437074,3927529.473669657,5750485.422698629 
 03/03  19:00:00,6650966.850165479,6245199.874714552,6316617.336697269,6421611.301178016,6515074.934477102,6621167.62509097,7010650.548833289,11620456.171963215 
 03/03  20:00:00,8136832.800243655,7731024.834238268,7760995.369687948,7832509.640586363,7900438.346310789,7993766.241582796,8465936.935521858,14440516.158898298 
 03/03  21:00:00,8819670.537918618,8441684.27948673,8462540.535443136,8524098.346050793,8584536.367321465,8677752.34543725,9208147.62306191,15831955.974964013 
 03/03  22:00:00,9271427.163646769,8920084.238804523,8933638.233067622,8986593.075607358,9040502.563172387,9133357.33031974,9708871.324353164,16782243.740238175 
 03/03  23:00:00,9531071.072900865,9201113.98016252,9207032.634401295,9251360.633458465,9298701.215180349,9390559.686162282,10002832.21575757,17421468.794670466 
 03/03  24:00:00,10055798.974352919,9755926.625601334,9757595.19170112,9795497.121374039,9837899.291377483,9930319.125453986,10587664.074065018,18533877.702070653 
 03/04  01:00:00,10709668.16092772,10442046.720625624,10439463.282705849,10470899.333328158,10508369.953368422,10601601.571644993,11309315.689059632,19927707.373877004 
 03/04  02:00:00,11157659.506834736,10918452.396347098,10912304.49089381,10937979.438303765,10971038.211489404,11064809.114887498,11811764.441583714,20904321.639047325 
 03/04  03:00:00,11382735.618117236,11167912.605147535,11161383.020772597,11184157.953305949,11214951.168988641,11309601.178721676,12077883.559254345,21313220.137338273 
 03/04  04:00:00,11386180.112046886,11188080.327507598,11180733.892000329,11200815.438694097,11229478.326736148,11324108.873757463,12102118.39962138,21311833.90629958 
 03/04  05:00:00,11501841.42889661,11319900.342231696,11311361.568376392,11328449.555516604,11354745.485526687,11449369.58739635,12241219.055675358,21557240.933194034 
 03/04  06:00:00,11833962.961518733,11672285.438652474,11663077.391656533,11677566.759865366,11701824.330273043,11797079.414319163,12611578.096663972,22223956.01153133 
 03/04  07:00:00,12072558.923724161,11928449.469207285,11918925.672586411,11931309.05954428,11953892.546013445,12049742.088269545,12882640.611166483,22727039.33688648 
 03/04  08:00:00,12298809.577468675,12175910.398784842,12169772.27054563,12182763.289906986,12205738.615599994,12303421.851191891,13148865.584361337,23080056.321019337 
 03/04  09:00:00,11841665.837069843,11755940.35118964,11783675.90874435,11820044.142272374,11860622.061430257,11969893.789828546,12777116.581028579,21711702.321429033 
 03/04  10:00:00,8733690.973940415,8611002.61404161,8704714.750678651,8796493.933212407,8880376.478586888,9010018.409352213,9612182.33654797,14574510.807482712 
 03/04  11:00:00,5792763.715144347,5602066.312850401,5735040.175817588,5864964.153181326,5977177.654944921,6107918.247705124,6441931.8331628125,7587492.755300021 
 03/04  12:00:00,4172360.957993838,3949235.178367957,4111414.2075818926,4267040.735432854,4399676.712943699,4525166.744188498,4616651.2388836,3883367.1281622956 
 03/04  13:00:00,2975915.871530867,2721301.368655771,2888445.173475298,3052921.818740055,3190566.5828256095,3301449.3315925687,3235307.1286401176,1097494.8803255085 
 03/04  14:00:00,1452450.144839527,1213930.299070335,1387560.9196943492,1563499.8715126421,1708740.9024250112,1814485.592409737,1720547.694154544,0.0 
 03/04  15:00:00,460366.26116115076,197615.79396029992,310141.5044480993,473336.7566583969,631200.792462517,736980.2252582363,523271.4982212099,0.0 
 03/04  16:00:00,0.0,0.0,0.0,0.0,6110.869264870416,23846.404580037055,0.0,0.0 
 03/04  17:00:00,280811.166297365,12703.094915734255,100475.29943975533,237043.1230311486,397926.13724785333,516538.95236376557,376762.50329188333,0.0 
 03/04  18:00:00,1466445.4584086097,1091813.7047377268,1195772.8252824948,1370188.9293462518,1513153.9785363423,1618360.7465003398,1665934.3431441651,2142506.8557877154 
 03/04  19:00:00,4954098.021746041,4368085.624667404,4396610.904863154,4490943.751802712,4575446.551509923,4647053.325433424,4835719.882582446,8185585.380094171 
 03/04  20:00:00,6792359.87228997,6200791.272623753,6196253.662695529,6264724.941196446,6329304.150549063,6394880.580027327,6692719.261206953,11571738.148114156 
 03/04  21:00:00,7909062.074235638,7362078.765102425,7353600.620484369,7414902.209945129,7474363.933657061,7544633.714194564,7928464.792908924,13701546.567960031 
 03/04  22:00:00,8807439.498599283,8309894.567604305,8298247.655956964,8352115.098419063,8406236.259658583,8480382.329213867,8938171.540803973,15427980.228314504 
 03/04  23:00:00,9701416.865198899,9253511.159329914,9237411.592685612,9282705.334751548,9330608.345696822,9407741.735103156,9938979.569925249,17212922.2306439 
 03/04  24:00:00,10610670.111668177,10217006.47900828,10198599.167750264,10236571.579761798,10279124.492237622,10359585.512421884,10961275.480306847,19015512.07501164 
 03/05  01:00:00,11493632.829255661,11159098.885720573,11142366.739322068,11175804.328160964,11215001.165377066,11299491.469613044,11963289.60241014,20678071.635948364 
 03/05  02:00:00,12328718.720699718,12052292.216710113,12038221.736502679,12068016.034501405,12104464.015362166,12192838.050693294,12913796.986239048,22254240.585135087 
 03/05  03:00:00,13086724.794740172,12865226.192938179,12854302.55617694,12881137.859034391,12915299.97751933,13007310.15320243,13780697.373600673,23714828.55168885 
 03/05  04:00:00,13877497.798882967,13711559.122870736,13704888.237451976,13729701.040952,13762233.394879812,13858098.432675956,14682760.754265225,25226833.748913012 
 03/05  05:00:00,14638090.922887467,14526132.845266651,14524372.917460117,14547973.678403394,14579511.784254791,14679323.156221949,15551923.119932149,26683460.397871446 
 03/05  06:00:00,15254279.833895054,15190584.89273173,15193570.508130658,15216236.758566432,15246921.601483855,15350175.937410135,16264453.630593577,27898697.087245896 
 03/05  07:00:00,15876954.481902665,15859471.41094764,15867345.76649474,15889423.773894902,15919496.375466825,16026086.164356597,16980942.717731986,29130437.388048984 
 03/05  08:00:00,16299929.80772595,16328821.122123167,16346090.813641207,16371127.034472505,16403232.900313279,16514407.776102727,17496979.88057151,29894318.19154022 
 03/05  09:00:00,15432545.233939454,15507724.139381988,15564457.319240112,15615614.78330932,15667243.81388956,15792125.850723255,16735902.990182767,27937980.93467598 
 03/05  10:00:00,11815979.190800583,11873631.971428402,12011554.216971602,12127307.555328282,12228927.964227108,12381087.25840815,13131845.15498655,20149085.504034244 
 03/05  11:00:00,8714672.441369567,8675078.25718586,8842499.033671964,8989636.86846255,9113905.898961697,9265404.406309593,9759075.057111487,12612759.36246028 
 03/05  12:00:00,6665587.327717774,6525200.849290125,6697541.016876506,6856161.720472592,6991178.597473173,7129384.430542427,7334583.614941317,7250772.261239909 
 03/05  13:00:00,5181155.4391637305,4963948.7425573375,5130924.94855334,5292176.524201266,5428168.551466917,5541778.009856849,5474455.481959966,3387567.0652764547 
 03/05  14:00:00,3356241.027578191,3083117.391005818,3245143.0604799697,3410642.6415599026,3551025.8755113916,3655073.4405880854,3536009.7419933067,527318.6425383538 
 03/05  15:00:00,1812558.6711959755,1485554.943128064,1630963.3322679454,1803586.2441463573,1947401.0953603545,2046892.3201083601,1864396.547389281,0.0 
 03/05  16:00:00,860324.2829936892,419586.60132211517,561223.3474498062,746959.3803219483,904482.9873789655,1007851.7301632819,759050.7965172991,0.0 
 03/05  17:00:00,697467.4932536058,245562.5001020686,385087.4130706492,572783.5647361324,732593.8952242839,843394.2548063439,703395.2160424655,0.0 
 03/05  18:00:00,1922103.2214073204,1518328.1463400375,1630354.6761990772,1778867.6533579114,1912450.3236792823,2018090.497425919,2070165.9201897434,2461638.2959321085 
 03/05  19:00:00,5784407.32962756,5200076.520296002,5234749.587260237,5329552.691783241,5412895.016280254,5494371.28527382,5767221.188909162,10156551.329503689 
 03/05  20:00:00,8792706.402323801,8296181.033727436,8282457.026037405,8329503.391047755,8379595.273941597,8448247.827051742,8870312.289985146,15669740.64375435 
 03/05  21:00:00,10835550.033211153,10422176.794835655,10413864.839448208,10459227.699585376,10508201.215372054,10586861.87161506,11134760.8935203,19479742.221083157 
 03/05  22:00:00,12437200.408580866,12105033.368991489,12101250.521524578,12143838.933586976,12190807.721169014,12277687.978186652,12932220.910426918,22512404.77387368 
 03/05  23:00:00,13726070.960273998,13471364.089598663,13472239.978507722,13512155.803663721,13556985.699367322,13650684.087214826,14396212.513434093,24995081.00559926 
 03/05  24:00:00,14521358.219937077,14331605.54332863,14335711.350969924,14372199.549110062,14414280.697548835,14512988.57945799,15330838.438156685,26675047.81066182 
 03/06  01:00:00,15053698.516474785,14918878.462694561,14925404.785036927,14958421.464334184,14997622.992209377,15100269.040422468,15978309.507723138,27911386.415641956 
 03/06  02:00:00,15703115.041052762,15623620.937107787,15633705.019199885,15664388.755153151,15701657.093879983,15808267.027302219,16738356.270107605,29174450.699436285 
 03/06  03:00:00,16289821.194894036,16262414.704219744,16276797.682883007,16306024.090759771,16342013.108490326,16452092.701042652,17422979.33925013,30219251.344311938 
 03/06  04:00:00,16618219.577333279,16631361.412787374,16648442.785562886,16675645.439717492,16709870.895439714,16822486.41011803,17830339.22963114,30992023.23912882 
 03/06  05:00:00,16978584.741858546,17028303.01643208,17048848.48662089,17075108.18566783,17108429.13967837,17223901.131283287,18265751.844511125,31777481.945604347 
 03/06  06:00:00,17158370.43222207,17238953.1336013,17264392.411879145,17291359.200505532,17325094.33097365,17443135.253895387,18497414.604301196,31917296.84554311 
 03/06  07:00:00,17129858.306051522,17229321.75531129,17257019.18935684,17283420.244044445,17316550.911798447,17435271.126801528,18492749.538262423,31789515.25727796 
 03/06  08:00:00,17066867.385697518,17181486.488801517,17213054.623755865,17240519.369542725,17274379.864304207,17394127.18434588,18440179.822894465,31305116.36235988 
 03/06  09:00:00,15850754.26370801,15928492.46373415,15967427.08212185,16002107.033549948,16041681.842876527,16159811.978144078,17093690.622739222,27666065.521744266 
 03/06  10:00:00,11548509.956706986,11430392.428705292,11461783.0835506,11501317.793938307,11544540.860198846,11644621.34770409,12252402.188964177,17236990.54095204 
 03/06  11:00:00,7530401.653871884,7202484.653428703,7218460.816680824,7259134.871974896,7302160.610963743,7370875.914811874,7570771.511425735,7870626.174305045 
 03/06  12:00:00,4914505.630213223,4469515.861525491,4475295.544657608,4516685.457738483,4558318.38404711,4593538.106394736,4475718.279135217,1905429.0955642588 
 03/06  13:00:00,3407688.199327256,2928895.7993628155,2943087.3975732843,2995376.003514227,3043942.993052141,3058629.42396795,2805808.0834431853,0.0 
 03/06  14:00:00,1591525.7622866295,1065252.3670262164,1062362.026264977,1123928.2618349476,1180947.8665912712,1188272.4521261249,690294.3864588772,0.0 
 03/06  15:00:00,225216.93658307777,1712.0423504777139,0.0,9318.7788401905,19227.885841859097,17434.747730829982,0.0,0.0 
 03/06  16:00:00,143869.9139107688,0.0,0.0,0.0,0.0,0.0,0.0,0.0 
 03/06  17:00:00,1008087.7763968732,388402.5071560245,393492.63843291847,497009.75659364345,589645.1402754246,598282.1452165284,228829.95279182796,0.0 
 03/06  18:00:00,1502656.5941076463,940561.9475787913,944911.2238401097,1023059.6337503826,1092473.8399328825,1119920.5484452469,955858.179191027,725755.7874758 
 03/06  19:00:00,5550310.94435247,4876643.8812771775,4824568.323295089,4858939.591594219,4895639.803770336,4901443.050467677,4950937.952198045,8531292.800991692 
 03/06  20:00:00,8087995.861979866,7469183.475125512,7406027.000258854,7430444.174330389,7459532.648282977,7470765.855281923,7644463.659914314,13111988.459463866 
 03/06  21:00:00,9500617.160608279,8959861.796660714,8908079.146640938,8935476.87400502,8967369.321822856,8992926.45162265,9275390.244698895,15602356.455305062 
 03/06  22:00:00,10405089.950053824,9930602.617075454,9884491.83314207,9910031.947587667,9940923.496970221,9977433.116760314,10362060.422336712,17553170.18413769 
 03/06  23:00:00,11196365.394358728,10786301.01184447,10745295.392678123,10768311.403341692,10797571.237962058,10844121.047509978,11326137.043874603,19377054.347381685 
 03/06  24:00:00,11961411.924333569,11620570.17990453,11588975.64838256,11612491.358834583,11642299.242215969,11699281.361214414,12263707.220144294,20964093.840061143 
 03/07  01:00:00,12682830.886788096,12408998.387084823,12388187.534723543,12413549.901852354,12444871.133411039,12511650.46145198,13145045.72315444,22338626.533202734 
 03/07  02:00:00,13337902.94371719,13124192.098753233,13112176.596226193,13138423.222790826,13170506.265472513,13245601.056927415,13941478.650774349,23630781.303364843 
 03/07  03:00:00,13569137.832585758,13395123.138655346,13384988.168425547,13407870.153582767,13437424.12927551,13517505.34006729,14269063.745730605,24460942.727426536 
 03/07  04:00:00,13956217.317808101,13818482.929507138,13808121.63127377,13826536.483144071,13852748.333600651,13937281.371079274,14751803.763402719,25668049.012992833 
 03/07  05:00:00,14398714.570632368,14300165.876433974,14292237.17677981,14308290.043552034,14332751.320992269,14422175.16433132,15291657.197667085,26825154.122999106 
 03/07  06:00:00,14610480.67652521,14543225.845176127,14538136.333956055,14552735.300662369,14576062.069453029,14669491.633485287,15579377.140136411,27494204.88710018 
 03/07  07:00:00,14965863.058580339,14931180.851551384,14930263.193423226,14944724.237487853,14967984.99575155,15065709.596044697,16010089.770966994,28221644.56715421 
 03/07  08:00:00,15451052.593317186,15454069.557064623,15459874.779991606,15476140.751581512,15500849.18912593,15603444.853060717,16576799.840263689,29014412.317819893 
 03/07  09:00:00,14451904.518099543,14445471.733697366,14468988.211258084,14498787.208032563,14534316.408006918,14643029.86145078,15547757.62393614,26305315.711434055 
 03/07  10:00:00,9980475.986880565,9775873.943922786,9795506.31160123,9833504.112363515,9875665.75249587,9968135.66017885,10523464.547479838,15112631.111658933 
 03/07  11:00:00,6783895.56557231,6427318.562230648,6442551.900941165,6487873.389765455,6535092.542674293,6603976.593524369,6792705.816562241,7081214.522961501 
 03/07  12:00:00,4934694.634975505,4493526.005644304,4503884.219257269,4552456.097988666,4600791.041103683,4644847.534861548,4568824.531080427,2773700.0843343544 
 03/07  13:00:00,3764648.3626161385,3287390.6955608907,3304566.720178115,3359760.3666136265,3413575.060661949,3444451.050452057,3271020.156595442,251364.76235337323 
 03/07  14:00:00,2634032.6103525064,2170673.67711079,2202238.045204717,2273602.39766941,2337623.695126634,2373911.3358236225,2149314.613273695,0.0 
 03/07  15:00:00,3143396.5961764483,2685441.4804689335,2744828.1280101277,2836199.0874023978,2918606.24857051,2962784.9129393366,2810990.867638683,1007430.3972566049 
 03/07  16:00:00,4505065.069456714,4014071.2804777226,4036187.5339747462,4106186.6175031937,4171663.473501849,4219027.804050657,4187229.518929364,3913120.970459366 
 03/07  17:00:00,5380417.765480685,4853097.640805536,4838079.476702986,4880039.218880923,4923243.336605657,4958774.359588948,4996742.021339353,5700939.621791293 
 03/07  18:00:00,6393414.406243031,5896635.300445328,5880791.67612355,5919986.27514937,5961544.642095467,6007070.898961936,6185631.001474652,8796469.17630225 
 03/07  19:00:00,8127682.160057632,7685010.162988136,7664373.9565658495,7695864.91320361,7731872.651808886,7787432.708358027,8148195.232071742,13486259.786641147 
 03/07  20:00:00,9589007.771036573,9209624.436904676,9188022.89023931,9214056.683901375,9245919.55915397,9306907.189280491,9768050.88040777,16391983.350587538 
 03/07  21:00:00,10076975.379953956,9736228.788720554,9716743.368701182,9740895.49554633,9771427.369528968,9837802.2103493,10361478.594374945,17528311.663441055 
 03/07  22:00:00,10763823.720320936,10462300.996158583,10442436.778647467,10462580.97198454,10490052.532462185,10561477.299354982,11165886.066702602,19303857.53430291 
 03/07  23:00:00,11465090.108503072,11206369.598957196,11189185.333962355,11207647.433989733,11233931.937817272,11310947.64481538,11981122.147872245,20839513.607815675 
 03/07  24:00:00,11889130.22519587,11668837.274376089,11655248.277610386,11673217.448042456,11699335.933752907,11781092.491251487,12493734.859225415,21678830.778503504 
 03/08  01:00:00,12517250.769707445,12333298.54358672,12319577.334706848,12334267.392311214,12358107.870841656,12443399.456472639,13210794.189495932,23053385.88411641 
 03/08  02:00:00,13381156.196721267,13240493.7656786,13228061.853567887,13240272.660436802,13262250.424058925,13351751.63019021,14181860.448300857,24876554.696741022 
 03/08  03:00:00,13708131.303240642,13599211.343518967,13589386.407252481,13600740.19521299,13622106.161947709,13714868.464120634,14578899.74626771,25585515.16410669 
 03/08  04:00:00,13165222.154732207,13076600.31656332,13077823.199307833,13095131.087610204,13120832.254020348,13216785.87520526,14051710.749237861,24135326.658688784 
 03/08  05:00:00,12406585.537160318,12325746.937832888,12337580.711255053,12361609.086872874,12392141.028272413,12489983.769326538,13282879.531306233,22325941.581815805 
 03/08  06:00:00,11846772.270322403,11763712.603585547,11777931.74308279,11803087.348316018,11834299.911418848,11931783.155601695,12701740.906006709,21241959.032636393 
 03/08  07:00:00,11335751.637445606,11243050.147365652,11256220.594420768,11280387.39962104,11310709.306137918,11406514.792152723,12154957.271583173,20306315.120414328 
 03/08  08:00:00,10873498.399802823,10770259.298891075,10782659.740241688,10806307.507432198,10836129.811020834,10930474.037531547,11657595.458283497,19437663.054429457 
 03/08  09:00:00,10373382.645772154,10263771.946128657,10280049.46736981,10306487.612245146,10338221.381331753,10432326.710773252,11131471.763264699,18432032.766059875 
 03/08  10:00:00,9222420.743379544,9135104.21203629,9185310.00551845,9235330.793053342,9284007.472251365,9386345.791430665,10020191.728215523,16087965.518734515 
 03/08  11:00:00,6812420.9057720695,6779051.090434905,6915841.829349865,7028341.344832215,7122676.395396683,7248972.1032593995,7741632.252052259,11212047.23326147 
 03/08  12:00:00,5008995.480930517,4935895.928695739,5098654.182157263,5235016.097475194,5347200.960655302,5476346.350144985,5834295.339624911,7452162.372999061 
 03/08  13:00:00,3967202.4489983055,3833456.7185226656,3991631.220602701,4129806.5919282446,4243403.480265573,4365646.764973137,4634313.604156534,5369052.744955722 
 03/08  14:00:00,5139357.807824486,4943846.541629087,5045675.990296182,5144344.495087596,5228571.620427327,5334440.488757394,5696913.667269532,8237998.243179473 
 03/08  15:00:00,6913263.063485118,6641930.610548753,6663861.9165451685,6706529.144305677,6749911.987322284,6833163.179498861,7311511.9692259785,12176091.211591478 
 03/08  16:00:00,4250115.5635033455,4062189.8800670407,4190646.240860941,4309645.5195448175,4408530.220698438,4520460.251618857,4832564.454550726,6629655.259019957 
 03/08  17:00:00,4200424.965753105,3973882.590269302,4083186.210826434,4189891.3836909635,4279334.39186553,4383588.479105711,4696829.431713804,6660438.690686636 
 03/08  18:00:00,4370113.658945043,4093626.7679486065,4174368.8925233195,4262546.651108997,4338516.788983735,4434243.5416199025,4773612.674736581,7354326.194774706 
 03/08  19:00:00,4873935.956164486,4528973.0393350655,4563830.955136148,4622187.222328199,4676813.901953227,4759699.115823674,5138494.650134508,8549806.55973506 
 03/08  20:00:00,5398409.990512986,5006888.2266725395,5007779.03049896,5043432.904493019,5081597.354806754,5153419.7432437865,5546220.457846778,9311095.816060873 
 03/08  21:00:00,5691600.377474696,5300348.777840739,5295860.119551828,5327698.030306932,5363238.79108002,5434372.040083705,5842198.567866073,9810524.19063994 
 03/08  22:00:00,5793156.183767375,5401737.972758973,5393098.930638449,5421865.268234082,5455249.713586524,5525680.4542654725,5941817.484958086,9991712.922214383 
 03/08  23:00:00,5872970.32584612,5478904.473612992,5465990.476159969,5491796.612579938,5523132.168122643,5592612.263569468,6013721.023946354,10120688.063571654 
 03/08  24:00:00,5850418.89737871,5450352.501369719,5431404.588055963,5452981.409467199,5481292.237129007,5549150.497694406,5976026.302698162,10158606.770925904 
 03/09  01:00:00,5886878.567158391,5470291.864096226,5439260.352926111,5452771.108929015,5475339.751966291,5540146.2235234,5981059.675184036,10398417.715333875 
 03/09  02:00:00,5853576.853142876,5425253.2167284265,5384741.103612693,5391704.11613208,5409612.803679244,5472097.105225247,5922798.603579404,10481985.384783724 
 03/09  03:00:00,5905406.482394636,5468580.775641253,5420571.667987756,5422379.904426106,5436622.402461063,5497392.822405357,5959427.900060633,10691008.62558104 
 03/09  04:00:00,6214539.098874254,5784165.052238439,5733433.596282278,5732676.881123709,5745091.444106936,5806348.762732107,6290768.008591795,11353631.098605119 
 03/09  05:00:00,6565641.318805165,6147945.288027106,6097028.258946745,6095198.300181219,6106851.833663693,6169579.122844057,6678221.843269981,12072014.561299825 
 03/09  06:00:00,7052096.398187505,6649506.609560607,6597986.484291182,6594670.635475876,6605292.579505298,6669680.2458235165,7209010.030781814,13049998.62478024 
 03/09  07:00:00,7538648.368588371,7160674.630600095,7114445.226077334,7113519.891495619,7125968.277204151,7193805.275699875,7755694.760141206,13853720.913351916 
 03/09  08:00:00,7806564.412925708,7464214.595025724,7433816.567232042,7442611.331531331,7462243.678436638,7535933.83772055,8095483.850069149,13948451.989566997 
 03/09  09:00:00,7198381.042799797,6884122.728753509,6884751.901482941,6915793.184340842,6952164.066380104,7036361.2963128025,7563854.164197715,12699959.828012947 
 03/09  10:00:00,4236788.636507564,3902608.8807684113,3967218.509119143,4052640.891627828,4131624.7767185317,4235239.391886829,4572127.614322285,6512699.002587119 
 03/09  11:00:00,1115351.444791512,835078.2578960441,924154.3514021019,1029259.3129453643,1127097.0618972047,1229858.1838525906,1307539.2655011094,907775.7266158719 
 03/09  12:00:00,0.0,0.0,0.0,0.0,0.0,0.0,0.0,0.0 
 03/09  13:00:00,0.0,0.0,0.0,0.0,0.0,0.0,0.0,0.0 
 03/09  14:00:00,0.0,0.0,0.0,0.0,0.0,0.0,0.0,0.0 
 03/09  15:00:00,0.0,0.0,0.0,0.0,0.0,0.0,0.0,0.0 
 03/09  16:00:00,0.0,0.0,0.0,0.0,0.0,0.0,0.0,0.0 
 03/09  17:00:00,0.0,0.0,0.0,0.0,0.0,0.0,0.0,0.0 
 03/09  18:00:00,0.0,0.0,0.0,0.0,0.0,0.0,0.0,0.0 
 03/09  19:00:00,0.0,0.0,0.0,0.0,0.0,0.0,0.0,0.0 
 03/09  20:00:00,887453.7819993217,33825.79816772486,0.0,6191.797715911526,70666.70085639926,87485.35485196626,0.0,721723.3536414178 
 03/09  21:00:00,2125758.2868220867,917038.6889743458,792165.7740710551,901787.2024866156,983911.237000549,1006812.9011298734,921404.3014086622,2616719.424452487 
 03/09  22:00:00,2781502.1626693252,1661352.0021930803,1547531.4251191257,1630397.9273266697,1721312.1226199833,1752142.6532977684,1737194.40942528,3924629.61090674 
 03/09  23:00:00,3267958.258053246,2282584.1547828154,2169561.551912455,2238652.502693307,2317427.8887697556,2351501.420793948,2417421.7736183987,5031442.482017284 
 03/09  24:00:00,3562632.1484174607,2676068.9182500704,2568812.3575877706,2624463.1463071434,2690870.831237825,2727313.5774889966,2856710.2233120315,5699399.902226467 
 03/10  01:00:00,4036129.5543166064,3174479.3088631425,3073603.7465198403,3112685.6375106266,3163914.2557309153,3201628.6340735145,3397265.0522496356,6662220.149919251 
 03/10  02:00:00,4687610.943855872,3818624.5419099457,3708478.988976954,3739418.7316795536,3786958.760242061,3828660.9524324527,4086958.9020844335,8076349.878685635 
 03/10  03:00:00,5224441.773502808,4386899.35601263,4272294.9248641115,4298534.452970731,4342737.990299218,4388824.570145954,4701735.648298021,9182381.003640842 
 03/10  04:00:00,5450435.903506089,4657406.787934306,4545776.308349453,4568355.738273367,4609265.701410255,4658992.262374584,5006966.53215062,9628941.733509013 
 03/10  05:00:00,5312944.1442603,4563876.849280117,4458090.30400649,4477725.3864412205,4515538.965160435,4567729.013936696,4931086.415170557,9387101.556970304 
 03/10  06:00:00,5411173.029278677,4708299.582177414,4610404.953644076,4628271.293298549,4663762.464862155,4718640.539948866,5099191.906307834,9523847.92672436 
 03/10  07:00:00,5772726.290430063,5109891.74305067,5014932.986798218,5028235.66286437,5059508.274459112,5116286.77278232,5530275.632288953,10270605.20999965 
 03/10  08:00:00,6205269.188724421,5584858.648692581,5494402.163430586,5504431.837552087,5532497.097208248,5591916.974132856,6041308.89911696,11140651.57177313 
 03/10  09:00:00,6080814.491488061,5527191.136385344,5464263.211665427,5486651.023627704,5522751.206335519,5590237.6888963515,6033673.401417659,10708324.372841299 
 03/10  10:00:00,4952208.756866679,4474799.721090635,4467119.963093759,4522942.795534043,4582584.251915389,4663825.727822698,5027192.847228822,8054960.330812899 
 03/10  11:00:00,4255961.453217865,3816745.4175380687,3838118.4869271563,3910864.0430739676,3982088.7418756355,4069171.7328206934,4380051.058084152,6505760.048152066 
 03/10  12:00:00,3615436.820125755,3198817.262836314,3243974.9484845786,3331589.6785668535,3413248.028563273,3504425.8968327194,3758771.689051275,5103698.448734864 
 03/10  13:00:00,2285304.473352639,1904065.3387816872,1984766.3493517584,2096475.8313043392,2195307.914551084,2288839.8750179815,2414896.794457446,2448377.136245113 
 03/10  14:00:00,1044606.9150550728,716836.1437110973,827325.1870630018,956886.8892656828,1067813.6485098077,1160830.2160006498,1208790.4858345794,765607.5616557021 
 03/10  15:00:00,112943.42294714588,25723.711686801107,64848.16906035558,121006.78645780864,178105.10827113033,236131.24526719042,256724.43457468908,0.0 
 03/10  16:00:00,0.0,0.0,0.0,0.0,0.0,0.0,0.0,0.0 
 03/10  17:00:00,0.0,0.0,0.0,0.0,0.0,0.0,0.0,0.0 
 03/10  18:00:00,629340.6053717074,265946.40748969256,351244.29667869554,474199.83165029704,596073.0082748821,705247.4483014072,804674.2197131666,1298630.2031367363 
 03/10  19:00:00,2653129.596871654,2057907.8018894608,2091733.5175535409,2196072.3496395014,2295553.2152436823,2384514.307563221,2586696.2891141726,4795003.19770145 
 03/10  20:00:00,4394948.414328173,3740225.214388326,3739313.364455303,3824377.182036054,3907800.6439800407,3993245.6651419797,4273804.359863598,7670003.028740407 
 03/10  21:00:00,5645646.05448308,5025111.825146358,5023354.732970995,5104416.747567786,5184267.3027359545,5273704.057708954,5629003.499656827,9918910.564930838 
 03/10  22:00:00,6969584.837127668,6405425.529004131,6403573.611480337,6479348.2947676275,6555092.36735197,6648077.838373337,7071956.193979628,12173767.749505375 
 03/10  23:00:00,7825990.1887842,7314521.358786702,7310920.244373209,7379519.071662571,7449622.286945096,7543214.298613638,8010691.048470791,13545687.853488477 
 03/10  24:00:00,8098880.512332118,7623340.090814375,7616707.485470292,7677477.500327696,7741152.065415881,7833403.163302172,8326699.630520375,14021002.013307938 
 03/11  01:00:00,8347569.800236618,7909196.291403442,7900486.132407023,7954119.695366014,8011883.094410599,8102999.268527862,8621509.601601928,14507129.083435198 
 03/11  02:00:00,8729741.229821943,8330015.335355855,8320287.902362039,8367830.9682116285,8420521.104352899,8511089.40455122,9057670.205925904,15227442.569059959 
 03/11  03:00:00,9061869.69837692,8697137.861350399,8686963.394326845,8729279.413298074,8777570.554298824,8867617.596010085,9437079.670762219,15829807.602000762 
 03/11  04:00:00,9320270.327415608,8985867.825178748,8975535.27843031,9013314.68037327,9057737.104969202,9147128.00744173,9733646.686778553,16268722.660719184 
 03/11  05:00:00,9490740.185630305,9182133.672384342,9171853.107046941,9205835.110942353,9246987.656018665,9335747.359040989,9935180.305451965,16566761.89143954 
 03/11  06:00:00,9566975.532312006,9279496.690443402,9269361.132633546,9300138.051639087,9338495.24323497,9426522.974324267,10034258.33598025,16700758.941114457 
 03/11  07:00:00,9467680.179347407,9192853.049957836,9183503.097769255,9211973.254804714,9248072.082252763,9335449.373343986,9948560.28881855,16602552.115609135 
 03/11  08:00:00,9212696.635114055,8934868.237582022,8923221.204235611,8947827.848949324,8980288.6725576,9065818.267541468,9684384.65956054,16355571.831829142 
 03/11  09:00:00,9190229.35077411,8923715.203926124,8915078.016755149,8940005.758430168,8972525.942408975,9058666.163160205,9673123.524996122,16161209.281262811 
 03/11  10:00:00,8857607.229144866,8603602.13394253,8607093.678068083,8639815.956147676,8678203.62283827,8767299.971095216,9348358.912296945,15148050.815540068 
 03/11  11:00:00,8326773.35815458,8069136.963782607,8080387.308163114,8118719.49757812,8161256.9749246165,8250913.261050692,8789865.790549457,13846508.455907557 
 03/11  12:00:00,7444531.672569035,7178175.754164057,7199124.709168363,7244809.275401966,7292661.003240239,7382793.699954193,7869627.068532789,12092954.279642696 
 03/11  13:00:00,6473634.8831048235,6196602.866055346,6234690.695508538,6294501.281272646,6352914.548913842,6445220.016119137,6854415.978921417,9863604.316288654 
 03/11  14:00:00,6517085.875722971,6224317.108071374,6253562.792384286,6307096.67054427,6360529.295837616,6448874.354023246,6863648.960330378,10155689.385760434 
 03/11  15:00:00,6293531.864107898,5978668.828033906,6003295.750700236,6054709.292380269,6106617.540687529,6191665.827312611,6577949.463209502,9549488.41849427 
 03/11  16:00:00,6188770.5768149365,5854238.222484186,5871657.538699972,5918675.000036132,5967204.909444339,6048344.157721801,6420993.273781478,9324365.225810932 
 03/11  17:00:00,5969675.011511096,5622141.050876804,5638630.832529931,5685917.89520842,5734599.07461958,5814018.306931721,6168412.994215783,8883356.750509446 
 03/11  18:00:00,6132863.320460159,5773818.243532219,5779462.15105209,5818760.160001771,5861174.629537741,5937180.565804236,6320425.885465272,9639641.446412569 
 03/11  19:00:00,6537535.552786779,6170001.703962134,6158653.384713567,6184531.601516459,6216535.729837108,6288575.341205499,6731015.286552547,11130618.353161326 
 03/11  20:00:00,6979293.637983739,6617561.20707807,6598680.710277719,6617922.993314018,6644750.013952548,6715675.536751784,7196583.834601837,12224943.899607552 
 03/11  21:00:00,7153289.019561912,6797171.333654106,6777013.87479353,6794706.775640872,6820357.643907973,6891704.64971744,7386700.29016199,12565684.684777325 
 03/11  22:00:00,7282727.307766219,6930644.899028935,6908981.275352735,6925031.409455886,6949425.234330227,7020988.506343543,7528248.906400396,12832612.07597401 
 03/11  23:00:00,7546666.744503367,7202907.599488083,7180575.792694465,7195428.509486711,7218930.579342707,7291237.882555148,7814930.143487722,13316990.180100935 
 03/11  24:00:00,7646149.42562177,7311249.821592391,7289890.504794225,7304804.157539368,7328422.371581538,7401956.004284525,7935224.960884488,13494089.803995814 
 03/12  01:00:00,7660425.046777888,7331301.6130749285,7311190.501411241,7326613.710179247,7350683.502150159,7425043.184241031,7960649.563034293,13500624.10369713 
 03/12  02:00:00,7783270.571074773,7459078.776459824,7437047.711429594,7450430.881011408,7472942.825145318,7547487.265922564,8101485.375552023,13921398.636702813 
 03/12  03:00:00,7797210.433166871,7477881.624027785,7456159.797944285,7469181.810937887,7491427.664376359,7566709.798958482,8125541.661269261,13943778.576810047 
 03/12  04:00:00,7725214.610059439,7405630.424262525,7383115.798691308,7395383.050067798,7417032.05923237,7491836.472014327,8050959.455719746,13865314.055768836 
 03/12  05:00:00,7678651.98733281,7360527.19077687,7336358.293957135,7347216.772283906,7367945.3155570915,7442807.125466179,8006272.172908193,13841253.938094594 
 03/12  06:00:00,7473668.618107614,7153519.202203384,7130777.468796522,7142509.307246823,7163777.188192443,7238546.85760245,7790680.956804128,13379276.976275789 
 03/12  07:00:00,7184798.073948147,6859703.812666302,6837780.240117086,6850294.883299468,6872096.408885346,6946148.775267726,7480707.292155532,12759162.534587706 
 03/12  08:00:00,6996202.18283192,6665913.300934477,6644529.241749623,6657703.804133975,6679984.0451671025,6753590.4885426825,7275552.561123041,12353374.066576775 
 03/12  09:00:00,6555516.732098076,6216585.176655237,6202041.0978602925,6221274.140325393,6248233.2915901225,6322613.930347256,6802779.560920678,11180364.609030858 
 03/12  10:00:00,4773005.085142031,4392121.032500712,4394739.3754871525,4431290.857916924,4471759.408372368,4544894.98126176,4866361.454424048,6854675.234359807 
 03/12  11:00:00,2607170.657926104,2173467.8662567707,2191745.162609956,2247234.671071395,2300188.1350162947,2364327.972861586,2462838.621696661,2310893.7104998506 
 03/12  12:00:00,892118.7739251574,452137.79250382946,485287.89723236114,557127.2653859227,623416.9818988229,676309.9380044194,606911.1120669361,10768.628515854653 
 03/12  13:00:00,116127.37152535994,0.0,0.0,0.0,12196.734568594547,20188.8935120005,0.0,0.0 
 03/12  14:00:00,0.0,0.0,0.0,0.0,0.0,0.0,0.0,0.0 
 03/12  15:00:00,0.0,0.0,0.0,0.0,0.0,0.0,0.0,0.0 
 03/12  16:00:00,0.0,0.0,0.0,0.0,0.0,0.0,0.0,0.0 
 03/12  17:00:00,0.0,0.0,0.0,0.0,0.0,0.0,0.0,0.0 
 03/12  18:00:00,0.0,0.0,0.0,0.0,0.0,0.0,0.0,0.0 
 03/12  19:00:00,0.0,0.0,0.0,0.0,0.0,0.0,0.0,0.0 
 03/12  20:00:00,1607185.5532139195,518970.7725721805,371012.1436308866,366434.67412774335,380238.872978522,344037.9827278012,219222.63140908623,701220.0457774046 
 03/12  21:00:00,3288627.329259841,2129042.220688911,1929874.5271600448,1931944.0588712678,1952398.076700713,1913539.1926862635,1736722.3773683729,3653943.4937293613 
 03/12  22:00:00,4102917.1800058065,3102429.5437085396,2919727.634245483,2919528.5769288214,2938921.477193169,2913611.5671948353,2877881.4701826386,5631294.404038152 
 03/12  23:00:00,4473598.916242604,3567936.4285842753,3406693.151043888,3405590.829376229,3423225.1065774355,3411397.5528781344,3470366.716796905,6652159.298060925 
 03/12  24:00:00,4666092.809781441,3783004.2288991204,3647772.147131722,3646231.4178969436,3661455.6895764647,3662775.1451268867,3797443.785172255,7164518.440540454 
 03/13  01:00:00,4896846.264567884,4032065.30865906,3895175.714019601,3893370.933186463,3909389.95059241,3917071.4624775504,4104397.344574089,7690063.969261548 
 03/13  02:00:00,4916331.709480856,4088951.1555526135,3954791.7187961773,3952641.070150126,3968920.899776264,3982434.793174909,4200794.572515738,7891992.06889325 
 03/13  03:00:00,4908285.895341189,4122230.2608265253,3994614.684370976,3992251.0738691394,4008364.9745055577,4027948.6017404003,4277348.476377306,8009648.017046153 
 03/13  04:00:00,5155067.973014969,4415218.103970199,4296166.77349946,4294457.8020058535,4310920.532307156,4337119.430130988,4623396.679667069,8533813.518659016 
 03/13  05:00:00,5393267.814872292,4698167.8268107325,4588029.975948523,4587091.400875023,4603867.992365632,4636197.279915758,4956520.100977693,9044083.704345271 
 03/13  06:00:00,5669512.337221921,5017304.036756177,4915960.106741658,4915828.693248419,4932877.921726981,4970915.479221168,5324416.2368500745,9616915.13197221 
 03/13  07:00:00,6014561.131071138,5404834.303493769,5312436.694113167,5313446.166035154,5331010.020464345,5374564.682883312,5760596.806328847,10287096.013616666 
 03/13  08:00:00,6282826.874790394,5718012.015481845,5638259.0994455675,5643233.778802632,5663408.758626173,5713195.272914589,6121843.95617477,10725652.915594436 
 03/13  09:00:00,5565314.799385222,5056080.3662238,5014833.112526811,5043013.027814115,5080043.589627529,5141925.774643844,5507777.777536273,9058453.601136297 
 03/13  10:00:00,3281429.8048920054,2825561.6440834263,2852585.848924218,2928766.912381798,2998383.5150500075,3076820.2745153485,3297650.025012103,4447240.243427616 
 03/13  11:00:00,1079107.1473570396,700416.0045877041,775586.1261363055,886949.6192309322,983311.2276284373,1066863.6670910493,1126723.2831348565,842122.4495233401 
 03/13  12:00:00,8108.497139628162,0.0,0.0,0.0,10746.793616916693,23951.722019226872,28467.731378965254,0.0 
 03/13  13:00:00,0.0,0.0,0.0,0.0,0.0,0.0,0.0,0.0 
 03/13  14:00:00,0.0,0.0,0.0,0.0,0.0,0.0,0.0,0.0 
 03/13  15:00:00,0.0,0.0,0.0,0.0,0.0,0.0,0.0,0.0 
 03/13  16:00:00,0.0,0.0,0.0,0.0,0.0,0.0,0.0,0.0 
 03/13  17:00:00,0.0,0.0,0.0,0.0,0.0,0.0,0.0,0.0 
 03/13  18:00:00,0.0,0.0,0.0,0.0,0.0,0.0,0.0,0.0 
 03/13  19:00:00,0.0,0.0,0.0,0.0,0.0,0.0,0.0,0.0 
 03/13  20:00:00,0.0,0.0,0.0,0.0,0.0,0.0,0.0,0.0 
 03/13  21:00:00,0.0,0.0,0.0,0.0,0.0,0.0,0.0,0.0 
 03/13  22:00:00,279491.94268303114,0.0,0.0,0.0,0.0,0.0,0.0,337396.7812325005 
 03/13  23:00:00,1975118.1385104705,579207.9600186087,450761.2323110036,534911.3306316839,639479.2454205483,703225.6488397748,767089.8118302751,3296529.327491053 
 03/13  24:00:00,3044068.0787245263,1820866.7846296187,1673115.9719600664,1761215.9201626347,1868140.7177342875,1935507.5882477104,2093676.574122779,5188678.302297998 
 03/14  01:00:00,3938962.793938091,2893247.6634437917,2753185.481565306,2826631.853892538,2919437.606929505,2987973.5354610607,3225009.4250401673,6872614.558557537 
 03/14  02:00:00,4585733.814563965,3661729.49935734,3535966.345159049,3594780.2033518273,3672276.919247821,3739572.5215689815,4031024.1517306142,8001161.761533046 
 03/14  03:00:00,4839024.269174287,3942569.980090551,3833965.7480105944,3877556.0824021436,3939267.992409303,4003363.9276065277,4318321.641856312,8364578.690005433 
 03/14  04:00:00,5331939.036326258,4457576.688293173,4349041.102668604,4391671.501608112,4454767.9913850855,4525325.922545911,4884753.716371384,9255633.023086146 
 03/14  05:00:00,5782325.016166911,4946784.95378671,4834244.323764714,4870985.4289073385,4929126.150503759,5001660.405040719,5408080.81253742,10237437.199738791 
 03/14  06:00:00,6029314.490013075,5250209.580893561,5144141.475293053,5177880.192609209,5232552.647393177,5307444.457771769,5740538.1006249525,10668667.290762408 
 03/14  07:00:00,6334948.4364070855,5629675.578216618,5535957.031012479,5569419.375906851,5622540.669384826,5700570.66266272,6158458.3421112895,11210978.110699648 
 03/14  08:00:00,6799691.903724443,6157873.047156451,6072250.10957184,6102491.4842053875,6151779.062044142,6231181.481582832,6718159.38338351,12057158.675612856 
 03/14  09:00:00,7165934.734320173,6579380.64639694,6501779.540297989,6529161.512715773,6574816.095678503,6655035.75480659,7163568.457328821,12682160.15935431 
 03/14  10:00:00,7163070.781747672,6620464.265322675,6549884.73367294,6574703.840576328,6617028.917158474,6697162.4849695945,7213977.611658627,12695009.047435204 
 03/14  11:00:00,7089870.003269617,6584022.40031638,6520065.59420203,6542579.407118957,6581753.967989663,6661143.1689251745,7179245.5189548265,12580095.145214288 
 03/14  12:00:00,6746661.048515031,6306570.8367716875,6275746.702518135,6314486.416114358,6363879.917129695,6449889.442705637,6942264.663752065,11768933.02187503 
 03/14  13:00:00,3374258.8197592427,3040801.281870135,3137703.224692472,3264819.6912140325,3375024.7867591954,3486098.1684327493,3680810.21283106,3980307.692548447 
 03/14  14:00:00,2458907.441510129,2129457.959283167,2251273.523134619,2394262.9991647336,2517567.8012556136,2628475.638900461,2717892.074075449,2358624.892721792 
 03/14  15:00:00,2157953.822586802,1800472.978471538,1922259.7596621388,2067025.407898615,2192204.0089119356,2298667.2496874165,2355353.648897432,1868495.2129453013 
 03/14  16:00:00,1461193.2724665995,1130693.8051700592,1265575.3850542097,1422016.6069952715,1555820.9769609442,1668119.6727469983,1712430.972631558,1069144.9059190433 
 03/14  17:00:00,671988.2769516422,369711.72835067846,533678.3981421991,728258.9185663442,890810.5738974119,1022412.4661619003,1120282.3800261118,869154.6149993897 
 03/14  18:00:00,1152623.3390845694,822920.0077581583,972154.4394798039,1148892.415794596,1302320.2853698777,1441181.1028216253,1658304.7179782079,2953241.8962579616 
 03/14  19:00:00,3896407.3892987226,3361274.218357084,3403990.5587215777,3505007.7084010057,3601442.825784591,3709909.099512092,4060788.7946381206,7790063.483349048 
 03/14  20:00:00,6275151.867014232,5703864.096885747,5677649.736352118,5725563.4779587,5780694.529871834,5864841.990369724,6310938.753278195,11769592.02111873 
 03/14  21:00:00,7097855.895819755,6568764.846975116,6542141.571434937,6585196.76546877,6636143.732998102,6723005.0929535115,7234887.761248971,13486994.266988473 
 03/14  22:00:00,7552458.931033198,7053468.446145682,7022709.3829012085,7058705.045417481,7103915.658572031,7190672.413694225,7743326.306938853,14367716.961428456 
 03/14  23:00:00,8268691.61665277,7811613.369223911,7781681.5514539555,7813867.550528308,7855848.992868243,7944228.123591264,8535761.91391208,15519753.020513946 
 03/14  24:00:00,8703227.157148266,8286194.755693828,8259850.449055768,8290398.293480152,8330711.681178682,8420586.533598604,9034020.215084659,16107058.343944712 
 03/15  01:00:00,9103287.363618784,8720061.759421084,8694174.929800138,8721056.508769935,8758154.6811025,8848180.693037715,9485999.538328193,16779488.303956646 
 03/15  02:00:00,9682307.893664936,9334496.995239308,9307969.355057582,9330344.178985192,9363620.633841904,9454177.250428764,10130998.908647066,17956914.27401765 
 03/15  03:00:00,10175991.563602723,9862025.515998937,9835503.082014909,9854026.06868343,9884002.629354136,9975283.174404293,10686964.23603232,18972381.057670765 
 03/15  04:00:00,10931983.170113929,10662845.533930471,10641809.185903909,10660464.0299085,10690169.873936057,10784209.920622889,11529903.241758246,20239053.08475746 
 03/15  05:00:00,11854693.684037132,11635251.582010977,11619785.350766225,11638294.66950915,11667575.775312666,11764798.905834302,12554184.158746406,21893326.872048657 
 03/15  06:00:00,12492258.965799741,12313307.6536266,12302121.676279178,12320176.065287506,12348837.384426082,12448359.71863262,13269786.108551338,23040950.61603482 
 03/15  07:00:00,12756615.312829517,12617878.39470494,12617144.426452832,12639531.690427462,12671069.337261446,12773941.657410586,13601353.06146679,23236845.03326779 
 03/15  08:00:00,12751862.694000876,12648200.449427096,12662978.185083818,12694023.775158359,12731730.565816086,12838754.944343567,13649543.901864126,22787723.95863901 
 03/15  09:00:00,11187732.809178904,11087961.118114743,11137110.286543138,11194023.986477995,11251328.807873083,11366798.786973791,12070390.172106046,19047203.284406878 
 03/15  10:00:00,7515272.6617082115,7315970.057564491,7395130.897132834,7482786.0160565255,7565269.759925472,7683438.090779354,8138243.501555158,11037651.177600015 
 03/15  11:00:00,4237702.961407439,3950098.934808301,4072464.1629400654,4203677.864584774,4319067.038177211,4438569.1151498,4594894.151789296,4395637.494856187 
 03/15  12:00:00,2665745.371350332,2348728.971292409,2478148.863409272,2618149.2553288657,2738818.424446041,2838503.480514964,2805428.4240441746,809728.7364919977 
 03/15  13:00:00,1838432.3806563597,1508721.6457731063,1623667.3259637349,1757409.7140113604,1873262.214888231,1949691.0296881818,1811145.5374730285,0.0 
 03/15  14:00:00,365638.5110229312,160655.968357627,207283.67908162472,287139.64275762846,361452.64059629553,414841.251133474,218329.6832930399,0.0 
 03/15  15:00:00,0.0,0.0,0.0,0.0,0.0,0.0,0.0,0.0 
 03/15  16:00:00,0.0,0.0,0.0,0.0,0.0,0.0,0.0,0.0 
 03/15  17:00:00,0.0,0.0,0.0,0.0,0.0,0.0,0.0,0.0 
 03/15  18:00:00,0.0,0.0,0.0,0.0,0.0,0.0,0.0,0.0 
 03/15  19:00:00,2682223.0914054215,1896213.2910813047,1860929.9100926088,2005827.3531864327,2148164.688477114,2178385.048156979,2030582.9939934064,3725835.5771591407 
 03/15  20:00:00,6207511.1580683235,5433273.220377632,5379510.855012847,5451880.091246953,5520477.328119652,5544869.3615124095,5638158.526143299,10231031.475013983 
 03/15  21:00:00,7939747.927730077,7216372.242663458,7168114.274702002,7230440.031578954,7295113.248853258,7331823.1676620925,7557657.148100864,13432521.111934641 
 03/15  22:00:00,9243642.177552335,8569140.817603758,8523237.661455106,8587087.180221908,8652938.52852262,8700629.127261436,9027977.478494208,15935302.908151904 
 03/15  23:00:00,10297134.556429762,9695177.223814728,9651803.49335986,9710102.988814432,9771608.664674088,9828227.150293866,10257446.1140817,18066686.071563363 
 03/15  24:00:00,10991360.016121067,10465421.002892593,10426988.101721864,10479869.276057,10536943.463216975,10601471.730297994,11115244.945211215,19541967.693781316 
 03/16  01:00:00,11018872.466285488,10557596.490289446,10526572.382994184,10576171.227777507,10630242.587078918,10701166.101606712,11265023.096047956,19723299.663846664 
 03/16  02:00:00,11014161.245420195,10605833.96774372,10580183.148351476,10625477.450145265,10675739.558544295,10751426.885879602,11354237.90681446,19788808.07966581 
 03/16  03:00:00,11768019.58816347,11420320.597229049,11396356.264810275,11434780.334697086,11479377.07003557,11560059.154683959,12242062.198608354,21569551.83080206 
 03/16  04:00:00,12656996.721409228,12374487.371590689,12354969.593413515,12388988.644246314,12429981.951059643,12516652.011628333,13271756.059251603,23441228.105621655 
 03/16  05:00:00,13226104.344504297,12998347.420848949,12985909.526310045,13018637.533631966,13058411.930575484,13149781.495139422,13935131.253029102,24130787.14452143 
 03/16  06:00:00,13781834.123151075,13602403.423918854,13594106.782620938,13623832.124391314,13660951.7933534,13755364.787695022,14576816.650768742,25062556.97010965 
 03/16  07:00:00,14295519.301796164,14161679.568153512,14158287.725909574,14186251.033602957,14221780.650025938,14319833.373003995,15174762.827772733,25941259.96263973 
 03/16  08:00:00,14471009.400217734,14377805.758818954,14385356.820809785,14417026.31714781,14455292.568587985,14557871.340645837,15412089.515064675,25823928.028422408 
 03/16  09:00:00,12232149.90938073,12132475.09648327,12180050.298873331,12242069.219361017,12304030.227992019,12418428.57492535,13136239.984954732,20596057.13383525 
 03/16  10:00:00,7401236.029675469,7151894.684161269,7227882.812270758,7322521.927808771,7411702.984040302,7526148.625434286,7922028.030773252,10243160.849838872 
 03/16  11:00:00,3810719.0077698845,3473803.8565595257,3585975.193992749,3718177.6894865506,3836544.593899997,3949106.5243046316,4036215.224881718,3336488.2740681814 
 03/16  12:00:00,1664489.3326170016,1374637.856077029,1516418.9969636195,1673753.957781011,1809124.5372059827,1914950.1884426603,1871432.2122059588,93411.50747061765 
 03/16  13:00:00,384913.4410769097,217880.82044794864,310052.7296072716,425709.1078125304,548779.6832899883,626672.1984104296,437859.89050772483,0.0 
 03/16  14:00:00,0.0,0.0,0.0,0.0,0.0,0.0,0.0,0.0 
 03/16  15:00:00,0.0,0.0,0.0,0.0,0.0,0.0,0.0,0.0 
 03/16  16:00:00,0.0,0.0,0.0,0.0,0.0,0.0,0.0,0.0 
 03/16  17:00:00,0.0,0.0,0.0,0.0,0.0,0.0,0.0,0.0 
 03/16  18:00:00,0.0,0.0,0.0,0.0,0.0,0.0,0.0,0.0 
 03/16  19:00:00,222269.21796052286,0.0,0.0,0.0,0.0,0.0,0.0,127968.01075655676 
 03/16  20:00:00,1954992.6245728175,880590.3332327289,845684.8960724892,975008.6694704266,1109392.7714245408,1160833.4352635257,1060483.4877061993,2923468.9751312076 
 03/16  21:00:00,3046312.814009706,2068126.5302255547,2012121.6617936036,2110755.094192062,2204778.6364340032,2245614.9950073976,2282155.7273417087,5026731.383856285 
 03/16  22:00:00,3684142.8218552526,2828738.4591843644,2766874.043277415,2846446.622177864,2924761.830399283,2966368.5356054404,3082447.1880132086,6250602.247534215 
 03/16  23:00:00,4148460.3058546335,3347671.1736545726,3285376.0493129827,3345098.659144622,3407704.0822766935,3450090.5825045356,3627935.8782063657,7007909.280400416 
 03/16  24:00:00,4448119.043643271,3656218.8519137213,3598032.292051233,3658708.7103591813,3725318.868582789,3775562.796573823,3984885.9784367788,7439301.537131525 
 03/17  01:00:00,4800900.786252806,4040981.297583903,3985398.0586578567,4046099.601460228,4112077.525084453,4167390.079339953,4414137.1114822915,8021394.816641429 
 03/17  02:00:00,5318642.749589787,4588523.880441625,4527922.8605133565,4580626.350456149,4640294.757636225,4697868.7692939965,4995605.687864302,9054554.77955526 
 03/17  03:00:00,5742965.728279353,5047066.615894902,4982523.563619545,5026616.002266369,5079495.314921451,5138715.970113245,5481762.983900779,9923694.762133244 
 03/17  04:00:00,6081012.010462316,5425729.422408557,5361400.729216451,5399184.09230445,5446844.018420249,5508072.019409941,5887634.712983147,10579359.261440175 
 03/17  05:00:00,6352729.782447195,5735890.192470464,5672346.68908147,5704405.296450458,5747263.819892531,5810102.484271992,6220595.213319418,11117000.809537452 
 03/17  06:00:00,6524605.453404681,5946093.519466776,5885594.6653723745,5913698.4589826865,5953021.9117451105,6017611.212961094,6450774.686484755,11437354.666659921 
 03/17  07:00:00,6681457.456868965,6137496.68995762,6080137.525275354,6104877.604892073,6141124.697099443,6207115.282222146,6658923.247657514,11720261.826047 
 03/17  08:00:00,6711937.048729278,6202447.151316736,6151000.761859227,6174650.946517105,6209493.247242128,6277480.437021606,6741208.89857022,11788094.940342601 
 03/17  09:00:00,5825290.175951972,5407549.231045384,5410055.806448096,5464781.666029648,5521244.973719612,5604961.101869938,6039598.062957984,10233258.699291717 
 03/17  10:00:00,3525472.668055416,3231498.008082155,3343151.0669751535,3468035.3891368317,3574977.138149335,3688143.411575888,4016331.4931201646,6132161.993362735 
 03/17  11:00:00,1453650.9911944987,1278245.4846145222,1483269.332828042,1674010.8240735487,1829006.5932057216,1967736.017723092,2154103.4126221086,2413542.4688853966 
 03/17  12:00:00,265143.8615934283,180950.45595470147,394616.4291202702,601469.8261895669,767514.8024291602,903131.5438074643,964792.0227668323,258636.53029350968 
 03/17  13:00:00,0.0,0.0,9156.528722961957,81577.05135360884,171947.4598151501,252067.89550198882,241527.37121616374,0.0 
 03/17  14:00:00,0.0,0.0,0.0,0.0,0.0,0.0,0.0,0.0 
 03/17  15:00:00,0.0,0.0,0.0,0.0,0.0,0.0,0.0,0.0 
 03/17  16:00:00,0.0,0.0,0.0,0.0,0.0,0.0,0.0,0.0 
 03/17  17:00:00,0.0,0.0,0.0,0.0,0.0,0.0,0.0,0.0 
 03/17  18:00:00,0.0,0.0,0.0,0.0,0.0,0.0,0.0,0.0 
 03/17  19:00:00,250773.93876133818,0.0,0.0,3325.587178906426,92845.52097421548,126656.03535425101,133451.96022684436,531499.3616134601 
 03/17  20:00:00,1573580.982442254,656072.2016496118,721322.798053101,938973.7563906091,1096174.9547404223,1171792.3218333775,1224316.2395309336,2824054.7488958477 
 03/17  21:00:00,2352338.6726982687,1482487.5516222164,1505135.7917411937,1652595.1737128198,1782109.3227026856,1868597.0112529572,1991075.224419727,4257984.833637154 
 03/17  22:00:00,3091110.5929691438,2299274.0504543004,2295911.9612473776,2412605.325251976,2516446.5752265765,2591585.37257606,2780119.770763225,5680480.819625642 
 03/17  23:00:00,3790991.999188082,3033639.640697741,3011424.114321804,3099064.6952550192,3187505.435588329,3266637.6541955,3510678.5608777213,6942714.80328573 
 03/17  24:00:00,4437860.895372259,3678607.789893795,3654052.8680278035,3743725.3234195346,3835070.1074942714,3918813.4437088333,4210339.932084052,8017020.62494561 
 03/18  01:00:00,5092361.563824756,4354517.69537551,4324921.1597175505,4407862.046728827,4492908.939903878,4577700.548848242,4919190.086381686,9188841.073090924 
 03/18  02:00:00,5656769.476332766,4947125.4137353,4908433.550229312,4979247.889060859,5054451.971857632,5138110.950960227,5529767.512089856,10318560.751614582 
 03/18  03:00:00,6280714.599444679,5606156.001079059,5558619.088523636,5616434.17797024,5681261.536760705,5763578.2823479185,6207925.065746704,11590886.917893093 
 03/18  04:00:00,6955985.698160881,6327725.149376212,6276202.564751556,6323762.683248313,6380234.4000360705,6462475.149866493,6957602.108308321,12910522.581342444 
 03/18  05:00:00,7606376.330659743,7030518.00411355,6979518.280776164,7019946.084807048,7070366.208280888,7153570.436805724,7693445.32381772,14122198.673995165 
 03/18  06:00:00,8175184.103676256,7651208.549440328,7601745.736737939,7635854.589457611,7680785.035249921,7765005.681815592,8347707.2634753315,15250029.229973981 
 03/18  07:00:00,8598256.27682502,8125128.903444026,8080561.7008013,8111261.261857178,8152901.997076639,8238936.826829977,8853442.506525164,16036374.648159763 
 03/18  08:00:00,8842855.005956626,8427325.608620217,8397858.579857953,8432774.41200453,8476831.34237384,8567153.564220853,9187505.534350587,16163236.25326765 
 03/18  09:00:00,7330200.637425348,6971615.440946179,6995667.656599031,7065176.736564627,7134730.315238869,7240695.678575514,7781772.865567736,12963205.174991865 
 03/18  10:00:00,3918022.705517738,3557171.8857596116,3650913.9862723113,3777009.0317071676,3891170.2694375,4017030.7188697406,4346459.72266121,6038750.88024402 
 03/18  11:00:00,1218439.6764482372,912869.0346859832,1059189.698292574,1226602.9828436149,1370046.8220867189,1497558.4646687843,1608371.473385989,1101859.504903738 
 03/18  12:00:00,37723.43539930881,0.0,10676.576947307329,42380.68385658116,95027.44890710455,137395.41282969585,138785.60985472868,0.0 
 03/18  13:00:00,0.0,0.0,0.0,0.0,0.0,0.0,0.0,0.0 
 03/18  14:00:00,0.0,0.0,0.0,0.0,0.0,0.0,0.0,0.0 
 03/18  15:00:00,0.0,0.0,0.0,0.0,0.0,0.0,0.0,0.0 
 03/18  16:00:00,0.0,0.0,0.0,0.0,0.0,0.0,0.0,0.0 
 03/18  17:00:00,0.0,0.0,0.0,0.0,0.0,0.0,0.0,0.0 
 03/18  18:00:00,0.0,0.0,0.0,0.0,0.0,0.0,0.0,0.0 
 03/18  19:00:00,85466.99973408542,0.0,0.0,0.0,0.0,0.0,0.0,0.0 
 03/18  20:00:00,1728419.6597684072,517371.2288019523,469088.9547367595,589777.3547484467,712439.5371786843,761288.3182358914,673697.882974698,2469206.3035050016 
 03/18  21:00:00,2760471.800973089,1633210.4924755055,1567917.2841980052,1690532.6874999402,1812398.0396055821,1866208.7818049567,1866953.47913515,4472014.912984877 
 03/18  22:00:00,3510634.9448922575,2514063.5862878263,2442359.283615887,2545587.824513114,2650519.8862264603,2704674.4203903815,2795821.887426704,5922533.85978971 
 03/18  23:00:00,4210616.443628388,3340098.752024843,3265618.204738495,3348271.100466217,3434938.346767228,3488523.439871025,3663584.754611808,7295565.127645511 
 03/18  24:00:00,4469881.481861098,3640280.486343686,3569017.163334173,3630036.3579941606,3699148.963483276,3751534.877313534,3977741.9841961227,7747023.684475744 
 03/19  01:00:00,4821771.627119578,3994745.5490142074,3920272.071045169,3978631.6629856345,4048242.7663186016,4106891.2969269315,4377851.430082647,8485455.04560994 
 03/19  02:00:00,5222510.865442321,4420318.48187999,4339639.380877169,4391463.837013168,4455467.496194001,4516678.7433969965,4839640.095947636,9391680.747814966 
 03/19  03:00:00,5549366.245472235,4785116.570451167,4702178.295669779,4746347.603500397,4803839.9873056915,4866731.969971771,5229874.858505178,10020225.196282882 
 03/19  04:00:00,5982241.963625178,5266441.439895811,5185452.036049927,5223604.9889167575,5275681.59591863,5340903.201034232,5744714.560301606,10821599.905431518 
 03/19  05:00:00,6312600.375346151,5645695.891133606,5568388.248214775,5601440.189965111,5648699.355521429,5716053.417027277,6154426.826068524,11457327.97231946 
 03/19  06:00:00,6429496.236056611,5810191.541725636,5740078.803002754,5770891.034370687,5815458.087220893,5885113.985534668,6340733.850202146,11580020.07606981 
 03/19  07:00:00,6606800.277791421,6027470.635911188,5961637.820209425,5988517.281121439,6029116.949109346,6099698.056888007,6575055.859649999,11914156.655436845 
 03/19  08:00:00,6714270.400806983,6176079.033321473,6118156.838534482,6144285.4375905,6183412.010878765,6256300.52140245,6744470.5299344715,12057451.166200705 
 03/19  09:00:00,6093078.970261244,5606813.130406745,5581261.69909072,5625047.006076333,5676384.463809311,5756611.794679183,6187077.83126369,10247701.971939178 
 03/19  10:00:00,4574353.232478975,4125039.926906307,4148807.3449304933,4226200.215129791,4302406.368535143,4393241.362560582,4689437.571085907,6495275.419314291 
 03/19  11:00:00,2929814.2523078094,2481490.873293745,2534662.5054432605,2631531.634539408,2723118.6662498745,2812663.459590041,2919225.445253337,2860668.031882271 
 03/19  12:00:00,2792402.4580431785,2349043.1605666033,2403552.7779606665,2503237.524740842,2595435.3927625534,2682839.160693437,2796027.3979350254,2718473.537593226 
 03/19  13:00:00,1902220.935964503,1486024.930245057,1561014.3039775868,1671363.5818867115,1769308.983392085,1853398.3500668725,1876976.6811383017,1284145.794177875 
 03/19  14:00:00,184890.17624683768,69327.87129323697,100341.89726256592,146751.94213834475,184850.48037672095,220151.97488482227,201405.74456064502,0.0 
 03/19  15:00:00,0.0,0.0,0.0,0.0,0.0,0.0,0.0,0.0 
 03/19  16:00:00,0.0,0.0,0.0,0.0,0.0,0.0,0.0,0.0 
 03/19  17:00:00,0.0,0.0,0.0,0.0,0.0,0.0,0.0,0.0 
 03/19  18:00:00,1965613.7273691637,1226087.5257847125,1192057.5547491384,1301822.983666086,1399087.0994869554,1441493.5129420795,1395230.633583956,2527897.7125731595 
 03/19  19:00:00,4025068.2128056847,3285553.503939927,3239413.5219711857,3302112.7099251775,3370130.4063775055,3414520.518690304,3503738.9751796587,6111108.11123997 
 03/19  20:00:00,4900904.195390942,4175548.574821839,4126273.669092117,4185788.6398369567,4251842.589402288,4300897.732746714,4450499.690984281,7585996.481472253 
 03/19  21:00:00,5653835.998222517,4961906.37031961,4911090.90476386,4966072.704325004,5028293.724206101,5081887.49342015,5296070.925403958,8970422.529578686 
 03/19  22:00:00,6334846.698735745,5685831.897903822,5634670.567529743,5683767.647580894,5740911.465725571,5798239.037114095,6080423.3928693645,10391127.015074708 
 03/19  23:00:00,6592249.218712477,5971522.842507076,5916889.115096152,5957572.528690948,6007550.154309961,6066958.093524511,6411017.916462212,11285175.640637094 
 03/19  24:00:00,7017560.437638863,6437798.807988141,6383065.12282406,6417364.033992237,6461837.927015786,6523823.590933069,6924242.503766841,12302139.35082512 
 03/20  01:00:00,7520260.684757766,6980064.647560477,6923534.693528396,6950315.8769212905,6988594.233854624,7053016.320774495,7513957.479930828,13534144.601005705 
 03/20  02:00:00,7994077.774667272,7493254.991987563,7436434.474451634,7457111.436306197,7490264.1418373985,7556997.393256564,8069562.015471547,14596927.061965417 
 03/20  03:00:00,8591030.184172899,8131868.108641036,8075732.038100004,8091222.213478267,8119978.700281575,8189537.06592414,8757821.059949588,15918164.749493733 
 03/20  04:00:00,9230487.751345757,8814453.612337774,8759959.66652297,8771146.000376727,8796213.623157967,8868840.98843977,9491060.183988843,17276129.16143737 
 03/20  05:00:00,9752796.048974572,9381681.3607706,9333792.313869756,9344705.787182786,9369166.366506277,9445917.815351479,10103382.098248221,18159889.020730995 
 03/20  06:00:00,10184584.31578524,9855495.609328609,9814976.684540167,9826611.102905292,9851188.281405706,9931588.562921157,10616470.683329664,18858548.748063687 
 03/20  07:00:00,10504089.30608574,10209584.758015398,10174605.627413148,10186279.244348412,10210518.422152383,10293798.378158897,11001740.972483767,19402767.372767918 
 03/20  08:00:00,10448527.291081984,10185064.689311141,10160453.63137799,10176130.586422415,10202968.621142706,10289689.649888232,10997228.055398893,19134095.5979855 
 03/20  09:00:00,9341022.749031287,9100463.602310097,9107628.762410812,9144775.851812733,9187448.132518066,9281994.542950533,9906063.539454738,16254770.718281632 
 03/20  10:00:00,7374377.7488748785,7137950.845674652,7190872.964173492,7262772.280200874,7331547.556584466,7436040.09807642,7905893.102053138,11477652.034913756 
 03/20  11:00:00,5585738.069047952,5340898.8429144155,5430850.061475749,5532103.5263022855,5622710.833456153,5733415.859826296,6064570.7562472625,7617485.013755271 
 03/20  12:00:00,4635760.154032145,4365872.17740304,4464596.480064152,4574562.997492498,4671341.9299554,4778536.08894713,5013052.443747041,5556067.968400732 
 03/20  13:00:00,3732476.131472728,3420636.2688564537,3516850.4131505894,3629018.9100385252,3726765.9555605976,3823953.361929424,3943488.5205643987,3699664.4761659177 
 03/20  14:00:00,2456036.5105201565,2077304.3123537733,2155926.134830277,2260575.954688831,2352900.509980388,2429303.4917353117,2385922.982404633,1138732.7747778222 
 03/20  15:00:00,2046675.8845996317,1612259.2802005284,1665920.4568271078,1755422.244743914,1836288.5001336094,1898109.108018158,1827611.5987587385,521783.7484483593 
 03/20  16:00:00,1411439.4252130955,960110.2660954916,1001836.3331291215,1082211.1425554047,1153662.5842840804,1202645.4385879072,1128739.729884437,0.0 
 03/20  17:00:00,400582.94838196744,83217.51509269816,96473.23784682521,143218.5462700756,185556.2399398856,217343.81061308814,142325.08905656578,0.0 
 03/20  18:00:00,100877.52150933811,0.0,0.0,0.0,0.0,0.0,0.0,0.0 
 03/20  19:00:00,2375797.5095723686,1709278.9980900036,1705893.0608544326,1793219.1958521917,1890621.304650567,1976529.7887645548,2112937.5818594866,4009596.8518517343 
 03/20  20:00:00,5502708.794624691,4861568.976944881,4812907.218781594,4849728.855912126,4894378.360391952,4949217.964474179,5226709.868607042,9485651.339337505 
 03/20  21:00:00,7464777.545989266,6889381.90079264,6846163.638091414,6882528.092880484,6927094.441409018,6991399.499801636,7378318.893177992,12989504.132239012 
 03/20  22:00:00,8297508.655882954,7776875.7183027435,7738770.561784394,7773815.094745997,7817124.882887415,7887145.529756734,8338888.977106388,14526472.209383752 
 03/20  23:00:00,8622092.180755325,8145255.585503835,8110801.098789986,8143563.2343437085,8184742.260642669,8258298.542541941,8754093.141060637,15199630.61227317 
 03/20  24:00:00,9077343.505690303,8646947.627133306,8617559.52157597,8648935.092097316,8688645.46466899,8766095.352024645,9306678.599944051,16092190.136004189 
 03/21  01:00:00,9681443.584750714,9295621.222364217,9268670.495661141,9296900.445573732,9333865.280304223,9414624.00438702,10009047.615990339,17375295.76773425 
 03/21  02:00:00,10384795.375977304,10042153.875446992,10018556.27621067,10044645.550670732,10079668.574064719,10163401.153104728,10796948.636510527,18505955.654720612 
 03/21  03:00:00,10985236.651967904,10683447.395814665,10663602.768452061,10688115.458264785,10721583.273699602,10807200.584380018,11465617.377561107,19316782.95944338 
 03/21  04:00:00,11475044.174748432,11215816.214683957,11201926.715716796,11226779.567437254,11260305.65175534,11349477.615242548,12040349.643680992,20212401.03839857 
 03/21  05:00:00,12029690.65807817,11812064.444086278,11802670.043746712,11826887.953698667,11859689.65181805,11952137.968269562,12685693.546606116,21421938.80169098 
 03/21  06:00:00,12404728.168682223,12222662.980494937,12217187.4933804,12240701.3001769,12272725.92777419,12367938.687094895,13135138.05854863,22280963.268220223 
 03/21  07:00:00,12609381.93358843,12454327.93766376,12451981.773594718,12474824.341838382,12506087.557134647,12602929.813037395,13389046.297215488,22687797.767171692 
 03/21  08:00:00,12492949.317351203,12354545.780036137,12359631.555366749,12386035.4761892,12419918.70590878,12518576.092799325,13282677.88130571,21956180.24912246 
 03/21  09:00:00,10048140.099959195,9843863.548049238,9863444.637251085,9904722.023886453,9950355.330078134,10047552.261303246,10636844.188172331,16087193.872582102 
 03/21  10:00:00,5894603.69039304,5505989.452084503,5515551.946228037,5560278.637574107,5609555.93011353,5680639.659226006,5928323.208898146,6917131.425256691 
 03/21  11:00:00,2840845.3222433515,2345617.7486433187,2342287.648994864,2383169.6424823646,2425904.085166985,2465996.764832803,2428882.7140800525,903696.2870669842 
 03/21  12:00:00,674349.6216494198,292296.4831167614,275853.68833737157,298494.5360998725,322338.06432290585,333920.90067059034,222797.43636814677,0.0 
 03/21  13:00:00,0.0,0.0,0.0,0.0,0.0,0.0,0.0,0.0 
 03/21  14:00:00,0.0,0.0,0.0,0.0,0.0,0.0,0.0,0.0 
 03/21  15:00:00,0.0,0.0,0.0,0.0,0.0,0.0,0.0,0.0 
 03/21  16:00:00,0.0,0.0,0.0,0.0,0.0,0.0,0.0,0.0 
 03/21  17:00:00,0.0,0.0,0.0,0.0,0.0,0.0,0.0,0.0 
 03/21  18:00:00,0.0,0.0,0.0,0.0,0.0,0.0,0.0,0.0 
 03/21  19:00:00,0.0,0.0,0.0,0.0,0.0,0.0,0.0,0.0 
 03/21  20:00:00,712102.4847499139,0.0,0.0,0.0,0.0,0.0,0.0,0.0 
 03/21  21:00:00,2263001.016727835,857371.9184045069,568776.6873663291,539374.5565479316,534556.9536187017,421587.48060050566,151762.88355841246,610035.3131896714 
 03/21  22:00:00,3170710.4662993066,1890770.8166315819,1638615.3171665766,1613341.4607570886,1608134.5753705841,1514472.1103426316,1193432.171615462,3326734.3363626515 
 03/21  23:00:00,3839830.3515592664,2730452.3820610605,2489989.330466176,2460413.4338012985,2452749.053959537,2374312.8179674097,2256651.9008330945,5881088.06554258 
 03/21  24:00:00,5093208.171491679,4117535.631540122,3903715.069082489,3875100.1959146587,3868095.305321569,3813794.3501057266,3865526.600342548,8731144.530485624 
 03/22  01:00:00,6386896.178476787,5454833.307339642,5273812.873138917,5246192.439054925,5239570.091306692,5210812.726330712,5415910.892315032,11287257.501997784 
 03/22  02:00:00,7370889.103189122,6486016.080589404,6305611.529189721,6278752.9346457515,6273171.462152785,6257591.021630242,6584640.253008224,13488491.772071641 
 03/22  03:00:00,8478202.871405166,7686346.978336852,7521150.491435489,7499448.983982737,7498585.819977138,7498967.17707229,7934026.104439202,16080193.063391633 
 03/22  04:00:00,9698397.266895097,9006550.159334058,8859071.77908638,8841311.859147355,8843831.276799303,8860423.747077942,9402594.218567157,18580033.205770016 
 03/22  05:00:00,10623989.34950753,10020549.19717985,9887286.372383706,9870180.24170035,9873219.680918986,9902085.714320278,10521879.304190505,20233147.109813813 
 03/22  06:00:00,11283787.408644188,10763966.318583919,10646381.826168384,10631130.73695908,10635462.738697082,10676051.609544506,11362853.209766692,21494232.676582575 
 03/22  07:00:00,11776239.16439961,11332842.967191715,11231104.125038909,11218502.984946221,11224654.346154407,11276173.238588626,12021050.938066361,22515266.09075947 
 03/22  08:00:00,11499645.532925563,11112091.992550977,11032385.500036146,11028689.734285599,11041464.682806948,11103271.365153253,11842782.167178065,21538873.38618841 
 03/22  09:00:00,8315565.666919018,7882004.534913272,7834576.535327471,7854588.175771083,7885688.512011322,7951664.224579781,8461530.393883448,13576004.899807176 
 03/22  10:00:00,3980915.998918513,3416529.756740149,3379499.924157873,3411405.310126246,3450827.966959113,3497471.3096494963,3626753.290950702,3876835.4460485633 
 03/22  11:00:00,765433.8758675423,389725.1024436846,367873.7696658791,386371.7163909882,408228.7816727971,423325.9135650733,388698.0194091797,0.0 
 03/22  12:00:00,0.0,0.0,0.0,0.0,0.0,0.0,0.0,0.0 
 03/22  13:00:00,0.0,0.0,0.0,0.0,0.0,0.0,0.0,0.0 
 03/22  14:00:00,0.0,0.0,0.0,0.0,0.0,0.0,0.0,0.0 
 03/22  15:00:00,0.0,0.0,0.0,0.0,0.0,0.0,0.0,0.0 
 03/22  16:00:00,0.0,0.0,0.0,0.0,0.0,0.0,0.0,0.0 
 03/22  17:00:00,0.0,0.0,0.0,0.0,0.0,0.0,0.0,0.0 
 03/22  18:00:00,0.0,0.0,0.0,0.0,0.0,0.0,0.0,0.0 
 03/22  19:00:00,0.0,0.0,0.0,0.0,0.0,0.0,0.0,0.0 
 03/22  20:00:00,0.0,0.0,0.0,0.0,0.0,0.0,0.0,0.0 
 03/22  21:00:00,0.0,0.0,0.0,0.0,0.0,0.0,0.0,0.0 
 03/22  22:00:00,0.0,0.0,0.0,0.0,0.0,0.0,0.0,0.0 
 03/22  23:00:00,0.0,0.0,0.0,0.0,0.0,0.0,0.0,0.0 
 03/22  24:00:00,342086.36573835975,0.0,0.0,0.0,0.0,0.0,0.0,0.0 
 03/23  01:00:00,958278.2684767838,0.0,0.0,0.0,0.0,0.0,0.0,0.0 
 03/23  02:00:00,1521673.493449489,68834.50139579654,0.0,0.0,0.0,0.0,0.0,862994.0913020895 
 03/23  03:00:00,1918081.2950369103,517804.8572764921,159348.87549873238,105932.54112157883,92210.63665542315,43874.357908725506,0.0,2056842.1877370947 
 03/23  04:00:00,2149565.2997151585,909639.9401919728,589135.9317090595,536119.4134028308,524587.5284484108,447518.5353119494,375119.148513861,2764362.3404667317 
 03/23  05:00:00,2396270.747422303,1261064.415604819,960610.7333786059,907212.5404717897,895129.5214064812,838318.3036514268,859369.6822938788,3414699.5536080906 
 03/23  06:00:00,2766764.449021162,1695840.2947373805,1425503.5447458983,1374477.279894006,1362834.790439623,1321708.200395225,1418190.0732405297,4197209.198932341 
 03/23  07:00:00,3142108.3097023326,2113193.867484865,1886068.956945691,1842712.6194245273,1834818.2664885668,1810699.9285496818,1963599.1924326592,4835583.509683914 
 03/23  08:00:00,3474086.5277533187,2481842.374747239,2283547.234167277,2252043.8953292836,2250267.07489746,2244417.7478694823,2438233.1498435005,5376984.189878942 
 03/23  09:00:00,3152361.940784287,2256285.7951208414,2090156.15982247,2078964.8048972508,2092403.4631736446,2101049.8876835806,2282463.6520592277,4589976.514479234 
 03/23  10:00:00,1717214.4942132933,994422.3559097984,920381.7329897562,952429.8421374828,994277.0658797774,1022374.5369233554,1102762.0119945437,1686239.4522063553 
 03/23  11:00:00,190108.96725745403,23269.362282253867,18127.158282023443,28854.00754580187,40659.739965054905,46228.78831000999,52262.1402580262,6071.046377837774 
 03/23  12:00:00,0.0,0.0,0.0,0.0,0.0,0.0,0.0,0.0 
 03/23  13:00:00,0.0,0.0,0.0,0.0,0.0,0.0,0.0,0.0 
 03/23  14:00:00,0.0,0.0,0.0,0.0,0.0,0.0,0.0,0.0 
 03/23  15:00:00,0.0,0.0,0.0,0.0,0.0,0.0,0.0,0.0 
 03/23  16:00:00,0.0,0.0,0.0,0.0,0.0,0.0,0.0,0.0 
 03/23  17:00:00,0.0,0.0,0.0,0.0,0.0,0.0,0.0,0.0 
 03/23  18:00:00,0.0,0.0,0.0,0.0,0.0,0.0,0.0,0.0 
 03/23  19:00:00,0.0,0.0,0.0,0.0,0.0,0.0,0.0,0.0 
 03/23  20:00:00,717536.066069531,0.0,0.0,0.0,0.0,0.0,0.0,216739.8563854862 
 03/23  21:00:00,1137113.5464948516,57322.9343931569,0.0,8200.372090334715,47965.72087733948,61461.33479470301,44921.57334423536,1085729.47648009 
 03/23  22:00:00,1448570.43120349,440474.8607859525,288502.87933694635,338973.8253853022,400345.5555645749,429831.5121508699,437748.83112514217,1829735.0431827977 
 03/23  23:00:00,1733814.4415621834,793659.7630049816,645283.165970679,681652.1800688119,740619.8893347245,769923.1752757812,829252.880830226,2440298.4198331744 
 03/23  24:00:00,2168465.191104011,1263960.0913424483,1124170.6589999013,1152740.987537263,1203504.778474284,1234934.2793713005,1341331.6706293453,3205514.867600257 
 03/24  01:00:00,2582766.7012078078,1687507.9903862472,1563729.5773451044,1584702.1657351784,1625975.8807865044,1658959.4351104153,1806066.4595877666,3923842.3396961526 
 03/24  02:00:00,2859675.562911853,1972812.3711979191,1846949.9475495513,1865274.17112917,1906544.1476382622,1943735.319506057,2119491.0462065553,4438874.130801313 
 03/24  03:00:00,3293065.7186280037,2435939.9093918987,2309155.4193533696,2327217.1692732633,2368293.3391415114,2409824.829119485,2620885.8351905104,5223353.407808825 
 03/24  04:00:00,4200012.865334693,3399127.8966370425,3278756.0234933295,3297544.811021921,3339091.790716391,3387883.201638955,3662763.5056658406,6989244.780429539 
 03/24  05:00:00,4577645.683716749,3820073.5552880256,3706640.5750641394,3724125.8258052436,3763625.0965264793,3815492.19643116,4120178.226266726,7658138.6174085075 
 03/24  06:00:00,4631037.8270608075,3905205.969831945,3797449.538288562,3812236.002092814,3848334.6159886834,3901143.4046708504,4218854.022804714,7711398.500579003 
 03/24  07:00:00,4714561.429452683,4023948.47054605,3922794.05955577,3935938.548718899,3969621.068726204,4024066.5026782863,4358672.743573415,7915356.180611854 
 03/24  08:00:00,4758255.657487742,4106858.4498053053,4016312.4153671367,4030501.3859587735,4063653.8243713863,4120524.282086858,4465388.251946821,7987919.444999864 
 03/24  09:00:00,4451325.581461315,3864602.394078789,3806272.813028085,3836290.07536149,3879611.611736885,3944523.0281995647,4271593.048760083,7272061.816153349 
 03/24  10:00:00,3384249.831632439,2881820.2139459997,2883865.345683835,2950561.444143814,3019394.5452477,3098517.4020980773,3345567.451034924,4897325.382234213 
 03/24  11:00:00,2605091.1980611435,2138999.3571179938,2169964.0696100034,2253798.9445726606,2334260.7383437646,2417533.7227322804,2600259.160910477,3300861.8447739305 
 03/24  12:00:00,962131.0135621548,573373.6489024523,652948.726764723,758173.7774980954,852969.3232821506,931423.3634186896,951974.7718713569,489552.6129893188 
 03/24  13:00:00,48843.78808118636,0.0,0.0,15090.930755625597,39794.30117671146,64414.73915657263,53462.19626007515,0.0 
 03/24  14:00:00,1447482.2780806147,1102254.8467604457,1117259.7748523478,1161737.5108110341,1205777.8911724193,1252922.1036574687,1294323.4027434038,1912477.0965918857 
 03/24  15:00:00,3574085.6363693867,2946252.1282004574,2918021.816078249,2974302.9075622293,3034699.05816062,3092652.450350729,3276403.307925948,5673056.764487892 
 03/24  16:00:00,3834796.6404740307,3230520.6773274187,3196396.5658079237,3243472.056183138,3296103.0481899832,3353501.4050296447,3565963.579648921,6164136.742360249 
 03/24  17:00:00,4066163.3971434683,3477863.7785494644,3441077.7484066966,3482824.003189056,3531053.5264993818,3588618.329239078,3828086.8061590665,6599774.016237155 
 03/24  18:00:00,4177167.293139859,3604719.475873702,3565999.134849362,3603057.364179226,3647382.304399083,3705049.5530323084,3966810.304797182,6874293.857296264 
 03/24  19:00:00,4384630.923668752,3824672.297332407,3781850.6693444494,3812708.4051418495,3851941.632516787,3909418.521802567,4204581.263174775,7452064.357390797 
 03/24  20:00:00,4932649.032289718,4364003.084563057,4303021.821042036,4317816.923152274,4344484.744226352,4399244.958569543,4770274.617286075,9158095.268306825 
 03/24  21:00:00,5739581.142173732,5198596.739901595,5135679.838238503,5145728.243267732,5168754.1312616505,5225971.105035655,5651231.624950291,10700913.668382037 
 03/24  22:00:00,6287845.582833517,5773497.66099607,5709570.511456567,5715415.54134371,5735128.121841905,5794743.048334896,6267527.9125693925,11877691.482214855 
 03/24  23:00:00,6510225.767423534,6015753.240808327,5952354.304811003,5955815.909276172,5973602.567978242,6034857.507429605,6530316.208954578,12265181.903083205 
 03/24  24:00:00,7020636.428612277,6548488.993255653,6483232.093923686,6482514.01651271,6497097.976171764,6559813.805715919,7092607.88334438,13256967.028759781 
 03/25  01:00:00,7583407.7487923205,7139123.261152497,7075055.231816968,7072237.677847322,7085165.006350049,7150359.748968155,7719180.782795326,14309273.383872151 
 03/25  02:00:00,8030841.019244035,7616864.453975789,7556872.067052411,7554039.826740508,7566778.245819586,7634897.294132698,8233061.689996769,15123497.610017229 
 03/25  03:00:00,8469539.806689134,8084770.331093327,8028142.745579625,8024839.4539987,8037026.219138123,8107862.235354502,8737941.62657464,16006356.914226655 
 03/25  04:00:00,8832235.827277876,8471522.010604749,8416309.666242283,8411459.099600693,8422325.366713883,8495032.474556785,9154291.604964392,16778542.595888965 
 03/25  05:00:00,8872773.370919494,8527053.012963055,8472158.127835253,8465543.396258214,8474924.1413729,8548384.931631891,9222938.142566852,16962373.614368226 
 03/25  06:00:00,8856230.614740377,8520127.31907698,8465716.212448498,8457892.211180355,8466241.42240005,8540135.879256379,9220551.386209384,16939722.355816122 
 03/25  07:00:00,9059036.16236194,8743654.605623877,8695172.205410402,8689962.893188234,8700217.3416641,8776580.319424428,9460134.55776852,17068592.025854643 
 03/25  08:00:00,8709266.010431124,8431430.625719316,8410759.473370412,8423756.993202694,8447256.295800315,8530751.291221282,9164722.24718339,15701285.785351243 
 03/25  09:00:00,6967631.569682501,6718817.167302191,6754169.682837916,6808429.680722934,6862622.6822286295,6960260.66303563,7460507.685099713,11499844.507583758 
 03/25  10:00:00,4817408.811475155,4548531.378814684,4622292.462891131,4708906.92984559,4787683.39150501,4892446.796437605,5240037.678775864,7020290.2951025395 
 03/25  11:00:00,2709214.4791631727,2422947.968412981,2532161.039467811,2648073.353490934,2748005.3534075185,2850405.854952248,2989215.57537161,2867078.176686952 
 03/25  12:00:00,932947.3174807355,647264.7747571769,775509.0363868017,908114.2115528827,1022005.9672747434,1111649.7502488361,1084030.326099925,104055.34929926216 
 03/25  13:00:00,539207.8338143241,233864.57644469192,313691.4531424903,411073.6010805296,492206.5763799066,560125.2492068366,472433.3635512172,0.0 
 03/25  14:00:00,0.0,0.0,0.0,0.0,0.0,0.0,0.0,0.0 
 03/25  15:00:00,0.0,0.0,0.0,0.0,0.0,0.0,0.0,0.0 
 03/25  16:00:00,0.0,0.0,0.0,0.0,0.0,0.0,0.0,0.0 
 03/25  17:00:00,0.0,0.0,0.0,0.0,0.0,0.0,0.0,0.0 
 03/25  18:00:00,0.0,0.0,0.0,0.0,0.0,0.0,0.0,0.0 
 03/25  19:00:00,70203.10546646507,0.0,0.0,0.0,0.0,0.0,0.0,0.0 
 03/25  20:00:00,2333426.3323414708,1435042.0352551083,1323168.6164537866,1387621.3423140186,1473526.7088910379,1482188.964856707,1376236.048588231,2894689.2949875793 
 03/25  21:00:00,3412452.728244639,2608387.4912581425,2533298.6335270195,2579717.338295639,2629716.052287046,2645950.261765551,2676086.0831211773,4940828.92186874 
 03/25  22:00:00,4407106.41964595,3607337.0872740652,3533772.5835730718,3578341.5380883487,3630351.6334849894,3654731.1053037383,3756032.321179449,6750006.509976155 
 03/25  23:00:00,5306935.622909872,4541849.261728417,4468379.880777496,4513432.6762610935,4565616.612909857,4597925.002613955,4766841.331010844,8377621.383279886 
 03/25  24:00:00,5608083.605874486,4881919.412764585,4809876.195073577,4851215.807562003,4900378.705323847,4938148.114501529,5160399.086967602,9089873.536631506 
 03/26  01:00:00,5799709.88885221,5110201.1295217285,5037449.577860731,5072307.487298264,5116294.69536888,5158158.848970388,5434046.435665612,9718274.403648186 
 03/26  02:00:00,6034816.91040607,5386991.128183919,5317742.150158867,5348946.109873189,5389844.1041664295,5436289.927640831,5753699.704120377,10222870.859080022 
 03/26  03:00:00,6210557.917808634,5600715.067625576,5534409.905454815,5561638.287943769,5599159.658024947,5649144.776227581,6001707.9473048635,10625796.610270055 
 03/26  04:00:00,6176670.837608707,5600016.048660052,5537329.192375536,5561581.6417006515,5596482.208189244,5649439.627915569,6022253.834223354,10578882.728678346 
 03/26  05:00:00,5909485.277720102,5357127.860863635,5298497.288054212,5320830.933796638,5353807.193131818,5408350.552836028,5784174.398376958,10084991.226082116 
 03/26  06:00:00,5927476.103614488,5387835.078089349,5326037.490741724,5342172.301205246,5370214.361133494,5424842.14330898,5821099.063591944,10270788.456152463 
 03/26  07:00:00,6140174.23871089,5622669.225916566,5561894.17045316,5574943.287928378,5600422.117643364,5656922.333281124,6076376.367237564,10712666.376623003 
 03/26  08:00:00,6158572.6048540585,5673614.1285706265,5623062.048802586,5639386.788333066,5666866.529073407,5727177.27412751,6151413.395855584,10634555.543518618 
 03/26  09:00:00,6015800.954168674,5558449.556588073,5519598.240305446,5540947.678328421,5571693.856960829,5635619.102012189,6056615.131876764,10314121.272206599 
 03/26  10:00:00,5463937.2217046935,5039007.198083214,5023974.249688392,5059299.062400503,5099863.31176179,5170258.983093995,5559991.298162688,9141554.746625604 
 03/26  11:00:00,3877826.7123067537,3493633.0798056014,3533222.3145887377,3607262.502944164,3676386.1944295536,3760091.413242597,4028800.143856581,5601738.154569814 
 03/26  12:00:00,1924563.0663116565,1572831.7540638018,1662884.910850029,1772638.4716918592,1869147.257407222,1956059.3573942985,2003377.5553351864,1482518.3032572754 
 03/26  13:00:00,574300.6952215773,312773.7449845168,451279.3929162145,600790.405258033,720141.5811373373,801407.0805636204,735759.061090951,0.0 
 03/26  14:00:00,18175.876583138597,0.0,1638.889866096724,43870.250160983414,110425.23965161965,176566.62032028398,69435.10362240777,0.0 
 03/26  15:00:00,0.0,0.0,0.0,0.0,0.0,0.0,0.0,0.0 
 03/26  16:00:00,0.0,0.0,0.0,0.0,0.0,0.0,0.0,0.0 
 03/26  17:00:00,0.0,0.0,0.0,0.0,0.0,0.0,0.0,0.0 
 03/26  18:00:00,0.0,0.0,0.0,0.0,0.0,0.0,0.0,0.0 
 03/26  19:00:00,910952.8163900264,417314.0618033722,441897.7865626585,505646.4153862966,572202.9279223484,614909.7452231988,544302.8775352358,834258.3676262874 
 03/26  20:00:00,3870791.0275402116,3068262.2106813304,3049087.919693919,3166640.0622677864,3274719.1957889376,3319936.3383797687,3319329.84944092,5624794.454683272 
 03/26  21:00:00,5905434.97326542,5206421.2714375695,5191559.990018305,5284332.512771528,5374119.4177573845,5425967.269604301,5571264.530538474,9528153.33084867 
 03/26  22:00:00,6635295.372415378,5947846.200029554,5932265.829807491,6025486.697632696,6115521.535788842,6174834.663116995,6375263.466958859,10701194.706670232 
 03/26  23:00:00,7113911.82976451,6467290.437110165,6449795.607925494,6535820.255117329,6619662.150906447,6682899.282700832,6945018.759333927,11642089.662058758 
 03/26  24:00:00,7855548.357730605,7264692.435587963,7246251.597527384,7323843.94297911,7400765.898439015,7468045.760316336,7800544.562153218,13076732.107650338 
 03/27  01:00:00,8481835.671227738,7947982.970329676,7930437.38663625,8000204.673823164,8070597.223070734,8141522.501362647,8534830.7887101,14280054.303930314 
 03/27  02:00:00,8274489.252547479,7772704.136046509,7755319.555485563,7817593.152619721,7881413.257140474,7953910.6049464755,8381493.212899061,14161268.712472733 
 03/27  03:00:00,8170952.348838029,7696438.210891644,7674650.177640425,7727221.824904276,7783262.5232487265,7855703.799311183,8311856.114830516,14148042.984676111 
 03/27  04:00:00,8345700.020192712,7897348.9952242775,7870002.337122838,7912435.763698342,7960508.929584014,8032826.43938088,8525133.604929196,14639753.74889829 
 03/27  05:00:00,8501020.607625905,8085927.27295394,8059435.771933248,8096827.610235443,8140691.103095391,8214731.855970047,8733459.002639065,14952061.208358329 
 03/27  06:00:00,8525309.906311177,8146047.471989191,8126883.788256957,8164249.070962261,8207544.771802841,8284253.662011008,8811837.885599198,14877572.244649112 
 03/27  07:00:00,8584563.234803142,8232258.699603895,8216885.313570356,8252508.465442348,8294049.769895531,8372316.534237259,8911519.1060644,14963609.929100186 
 03/27  08:00:00,8656085.432816867,8331460.316651763,8321517.718100656,8356920.524276648,8397887.80845368,8478410.849242477,9028980.286590474,15070715.844538486 
 03/27  09:00:00,8450493.427438052,8160386.939933756,8165631.599204286,8207870.825392613,8253376.974720417,8338601.971052023,8884167.9126182,14631680.029737102 
 03/27  10:00:00,7996660.777166695,7759797.811921228,7799731.625874205,7862828.418092774,7923131.506353328,8018824.473940977,8539267.444050217,13617219.76987978 
 03/27  11:00:00,6407851.429175579,6269395.445336502,6403922.336585257,6531671.580328443,6639205.83191387,6763082.455835618,7171154.9565181285,10015796.318427429 
 03/27  12:00:00,5010122.368211706,4891244.103167363,5082877.137462436,5253644.834006077,5392459.226519643,5527206.739071485,5757146.4274427965,6232759.308233858 
 03/27  13:00:00,4189145.0190319666,4073489.1821623724,4299319.362240122,4497832.817919845,4657179.455542195,4791781.42705733,4852982.179175667,4043296.04117125 
 03/27  14:00:00,3295946.1979224156,3187093.637350407,3437227.7312857187,3655659.963157478,3829401.507825776,3966107.703737939,3942654.1776809697,2609387.2013517455 
 03/27  15:00:00,2736849.6031035553,2646674.86953091,2921207.8177868854,3159596.9028379624,3348031.5797960404,3490924.5544885066,3472129.329764664,2262435.7309857137 
 03/27  16:00:00,2851688.7373521486,2728695.754970564,2991522.5030619884,3222538.7076644446,3404812.89520752,3546892.6299840678,3576952.2385629015,2911083.6895495625 
 03/27  17:00:00,3594378.4299185565,3419860.340908589,3658598.0639898735,3878878.603646237,4054420.8037994085,4198825.007966526,4333168.051543477,4653882.488137983 
 03/27  18:00:00,4177688.783915066,3981499.039885303,4217369.999265465,4435183.1662440915,4610302.986297466,4763290.637151202,5005790.552261089,6769713.829833711 
 03/27  19:00:00,4916077.687931599,4645883.81085633,4834638.865728341,5021747.773303153,5175518.422509126,5323765.236675198,5697818.981463224,9649954.395090643 
 03/27  20:00:00,7896228.797790032,7497122.255019791,7540537.254219759,7621374.75763257,7695344.528505752,7791208.519933015,8256791.669656808,14138029.514863128 
 03/27  21:00:00,8512170.873833936,8132890.974414099,8162725.5453604385,8230569.013758745,8294715.557479273,8389085.370594598,8918463.257730149,15578509.670365801 
 03/27  22:00:00,9186350.622231832,8835299.229759136,8854782.891981352,8911582.8709941,8967456.087370723,9061692.518830689,9655894.90434088,17117844.67125998 
 03/27  23:00:00,10129061.497048128,9818933.256616727,9833477.31896913,9882846.992652956,9933225.945749544,10029290.155683577,10687256.901718078,18934829.028700255 
 03/27  24:00:00,11101801.08417124,10837746.288675586,10851148.357244793,10895851.618776761,10942858.567834996,11041493.15603376,11751590.216766492,20590936.957607925 
 03/28  01:00:00,11779337.042015485,11551016.051144678,11559272.16544309,11596631.266300144,11638149.004012179,11737352.437542697,12498013.407683766,21981068.366426192 
 03/28  02:00:00,12335004.668887138,12139831.332550433,12143421.625188846,12173872.667124696,12210184.862266269,12310068.486479247,13118457.522880133,23213445.62919093 
 03/28  03:00:00,13116475.403884843,12963563.261361,12967566.716238245,12994773.6830022,13028665.343618538,13130894.391990282,13983872.420947017,24632516.759845294 
 03/28  04:00:00,13794092.234144852,13682559.713191621,13688130.364371225,13713003.440515287,13745121.865941823,13849717.056930508,14741309.104593722,25861218.25987053 
 03/28  05:00:00,14187905.452438068,14107571.525817255,14113709.897746138,14136124.589082833,14166349.587510042,14272259.260172637,15190031.27526697,26580525.58465804 
 03/28  06:00:00,14625759.72597041,14577245.494651858,14584783.804881213,14605431.333797514,14634270.280896787,14741704.899433954,15685092.080255792,27360002.839643806 
 03/28  07:00:00,14910009.051017584,14899261.317056011,14916246.428936038,14940999.798533147,14972827.092576146,15083972.634688452,16032690.391156975,27543169.225441 
 03/28  08:00:00,14303385.45857104,14319508.152562259,14364089.30033473,14407936.621747633,14454247.092509372,14573809.767481042,15468535.253201505,25672393.840725183 
 03/28  09:00:00,10565818.150891908,10480444.704398774,10558796.460179519,10636579.14636847,10710170.737512257,10835334.971514318,11476929.214623025,16943689.29143642 
 03/28  10:00:00,6675678.604512412,6432088.341646863,6522242.448164251,6621334.794218751,6711632.606346594,6822997.280989058,7103846.256190138,7914275.318855866 
 03/28  11:00:00,4124775.9679460158,3789483.6815932943,3892987.2055975213,4011627.0647649607,4116554.7517778846,4209668.395607766,4184475.057504034,2179074.7049386324 
 03/28  12:00:00,2275615.093980962,1844023.6110001884,1884317.985540496,1964679.106025525,2037727.227964366,2074209.5965924934,1750321.4300393267,0.0 
 03/28  13:00:00,1124194.9116569012,607214.3245162196,594203.1284641664,642596.8072897677,684058.9748454859,669549.2760283288,162369.21448681093,0.0 
 03/28  14:00:00,77882.8411469658,0.0,0.0,0.0,0.0,0.0,0.0,0.0 
 03/28  15:00:00,0.0,0.0,0.0,0.0,0.0,0.0,0.0,0.0 
 03/28  16:00:00,0.0,0.0,0.0,0.0,0.0,0.0,0.0,0.0 
 03/28  17:00:00,0.0,0.0,0.0,0.0,0.0,0.0,0.0,0.0 
 03/28  18:00:00,0.0,0.0,0.0,0.0,0.0,0.0,0.0,0.0 
 03/28  19:00:00,337362.34274475137,0.0,0.0,0.0,0.0,0.0,0.0,0.0 
 03/28  20:00:00,3940805.5505057313,2874426.7265162943,2704395.3541130964,2761059.7511618417,2804356.239719243,2647725.5756240524,1902772.174743352,2084253.6900714303 
 03/28  21:00:00,5200979.031411663,4310289.488018371,4186102.1859744303,4217798.240656706,4243118.892021222,4148344.5989717105,3784624.570781176,6040315.631000153 
 03/28  22:00:00,5531301.322024878,4698402.60594397,4590224.783553228,4612587.741669649,4631663.321410105,4565100.136140286,4374154.018787613,7405550.718059057 
 03/28  23:00:00,5425296.861927665,4594168.416766656,4487776.125447564,4506659.531904566,4525202.022266696,4471662.073016323,4410267.235183097,7672344.367183499 
 03/28  24:00:00,5341756.943937428,4542481.232882759,4437242.367841163,4455834.161627047,4474971.857248297,4429998.864851236,4409455.592575244,7738285.682966871 
 03/29  01:00:00,5432637.376804709,4676049.238840013,4575955.017399055,4593445.672959904,4612741.789146652,4579920.977470013,4612382.135500042,8045030.789957506 
 03/29  02:00:00,5678458.107338394,4966165.126305842,4870973.071396579,4886322.813788818,4904947.621363898,4884318.979565455,4983043.1730943965,8712288.308554348 
 03/29  03:00:00,5990466.2565797,5323534.581148673,5234170.384470313,5247777.584319264,5265958.304337701,5257307.077726665,5422998.298622275,9499656.467103766 
 03/29  04:00:00,6310591.330384373,5688140.7812219765,5605201.090947057,5617586.163819758,5635535.791799715,5638127.314159005,5866369.806692706,10274645.590918852 
 03/29  05:00:00,6579005.140308985,5998014.441209964,5921494.223158713,5932875.118737618,5950705.93382514,5963515.250123914,6246835.745516187,10931836.552599873 
 03/29  06:00:00,6876180.06787193,6334566.673846849,6264510.037778726,6275380.022838308,6293382.924463349,6315562.585600239,6648737.290367076,11596750.74035851 
 03/29  07:00:00,7093209.615461266,6587740.445805185,6524605.63771789,6535798.044633729,6554507.703555886,6585052.671137631,6957918.094823701,12066971.166155575 
 03/29  08:00:00,7062915.827231766,6600095.837632781,6553832.611690193,6572625.428846975,6597355.273798155,6638257.838863904,7026414.569630508,11892430.875368576 
 03/29  09:00:00,5946231.910663738,5537421.496795914,5539961.098195825,5590680.1574338805,5639566.512412776,5698352.199986417,6020927.492691692,9268613.270401213 
 03/29  10:00:00,3696820.5570583874,3306750.4037924055,3364143.0110503826,3456875.396016227,3538668.1800889648,3613752.338763504,3773789.407341346,4552864.470956888 
 03/29  11:00:00,1056030.5387483605,738493.1652474552,850390.5438023533,993144.0775489567,1108788.4964539495,1193269.2191890094,1164847.443982889,402201.9681481717 
 03/29  12:00:00,0.0,0.0,0.0,0.0,4658.69398384384,19741.93963962898,0.0,0.0 
 03/29  13:00:00,0.0,0.0,0.0,0.0,0.0,0.0,0.0,0.0 
 03/29  14:00:00,0.0,0.0,0.0,0.0,0.0,0.0,0.0,0.0 
 03/29  15:00:00,0.0,0.0,0.0,0.0,0.0,0.0,0.0,0.0 
 03/29  16:00:00,0.0,0.0,0.0,0.0,0.0,0.0,0.0,0.0 
 03/29  17:00:00,0.0,0.0,0.0,0.0,0.0,0.0,0.0,0.0 
 03/29  18:00:00,0.0,0.0,0.0,0.0,0.0,0.0,0.0,0.0 
 03/29  19:00:00,0.0,0.0,0.0,0.0,0.0,0.0,0.0,0.0 
 03/29  20:00:00,0.0,0.0,0.0,0.0,0.0,0.0,0.0,0.0 
 03/29  21:00:00,0.0,0.0,0.0,0.0,0.0,0.0,0.0,0.0 
 03/29  22:00:00,0.0,0.0,0.0,0.0,0.0,0.0,0.0,0.0 
 03/29  23:00:00,29539.98768582096,0.0,0.0,0.0,0.0,0.0,0.0,0.0 
 03/29  24:00:00,297699.6752956693,0.0,0.0,0.0,0.0,0.0,0.0,0.0 
 03/30  01:00:00,601927.3883408183,0.0,0.0,0.0,0.0,0.0,0.0,0.0 
 03/30  02:00:00,1115786.9692674533,0.0,0.0,0.0,0.0,0.0,0.0,849265.4627857062 
 03/30  03:00:00,1856094.5937095229,483416.9978824255,218962.55799612124,206817.52455674432,228412.31019526022,208735.70905535307,193304.76153226773,2516718.2290330064 
 03/30  04:00:00,2324973.0003766892,1105379.6475234674,815381.3083725865,798665.5609465524,824209.8006361849,806141.1161866344,867325.2332669363,3610035.993841512 
 03/30  05:00:00,2581883.4975708686,1475332.4824852825,1216237.682460586,1199764.5850584654,1223264.975551334,1216840.651257946,1335491.0644738935,4031547.4209870347 
 03/30  06:00:00,2880378.522795002,1841804.5207616058,1614810.4166239807,1599274.8877459832,1620579.2820362188,1624577.8779791554,1790534.5058104056,4510360.187176644 
 03/30  07:00:00,3240197.8323521456,2234169.9353788323,2045605.1114407645,2032328.580938511,2051935.3954974273,2065776.4484776836,2271135.807658675,5134307.161735775 
 03/30  08:00:00,3423179.719726007,2468113.8434902607,2297962.597793476,2293233.3271127776,2316258.351417931,2340470.8068756927,2564527.955526927,5386075.638903954 
 03/30  09:00:00,2640472.3788910722,1815965.7839960377,1702964.0574451147,1726325.0012514985,1770145.9469129099,1809830.231923195,1999713.5343420594,3891400.862204657 
 03/30  10:00:00,547293.2634027427,188649.42279841486,177027.1115946889,214056.71915815183,253559.10720252577,289045.71826246683,343888.26442152937,506206.43928111246 
 03/30  11:00:00,0.0,0.0,0.0,0.0,0.0,0.0,0.0,0.0 
 03/30  12:00:00,0.0,0.0,0.0,0.0,0.0,0.0,0.0,0.0 
 03/30  13:00:00,0.0,0.0,0.0,0.0,0.0,0.0,0.0,0.0 
 03/30  14:00:00,0.0,0.0,0.0,0.0,0.0,0.0,0.0,0.0 
 03/30  15:00:00,0.0,0.0,0.0,0.0,0.0,0.0,0.0,0.0 
 03/30  16:00:00,0.0,0.0,0.0,0.0,0.0,0.0,0.0,0.0 
 03/30  17:00:00,0.0,0.0,0.0,0.0,0.0,0.0,0.0,0.0 
 03/30  18:00:00,0.0,0.0,0.0,0.0,0.0,0.0,0.0,0.0 
 03/30  19:00:00,0.0,0.0,0.0,0.0,0.0,0.0,0.0,0.0 
 03/30  20:00:00,0.0,0.0,0.0,0.0,0.0,0.0,0.0,0.0 
 03/30  21:00:00,92409.90047076048,0.0,0.0,0.0,0.0,0.0,0.0,0.0 
 03/30  22:00:00,834710.487550027,0.0,0.0,0.0,0.0,0.0,0.0,187274.2759470668 
 03/30  23:00:00,1424822.798812043,16720.96951691201,0.0,0.0,0.0,0.0,0.0,1358834.2389541478 
 03/30  24:00:00,1864480.3280327267,479218.13261651405,172081.3970177187,170319.3261292865,220080.3954342351,229512.59134672,231552.27307112364,2675723.875989451 
 03/31  01:00:00,2211032.437169775,934603.2615530554,661882.736430873,659038.340158586,703971.4140647135,717092.1421367966,808210.4802125106,3777554.3874359545 
 03/31  02:00:00,2361636.9603716247,1235503.7906055863,979858.7773735186,973920.2754370852,1014069.9145669031,1034352.0032019777,1179519.6891697212,4020521.5114424094 
 03/31  03:00:00,2370072.556286943,1342125.1751688453,1118522.4472318399,1113626.0723037298,1150411.530716995,1176363.1575102208,1344362.715249516,3825283.1697231038 
 03/31  04:00:00,2373714.9035372683,1396271.4530842553,1199648.1235167973,1193978.1864539343,1226160.2079187958,1255638.8436701149,1443075.6901020433,3790870.4742634012 
 03/31  05:00:00,2641743.435003312,1662290.7810473102,1485011.9941566633,1472899.5550330728,1496386.647088353,1526864.2409611566,1747615.3909725195,4446142.339974414 
 03/31  06:00:00,2964168.666927268,1989273.9877335117,1803342.6317264312,1785433.2780853698,1803009.4146966762,1835029.0950845375,2093858.3984467697,5190010.669912909 
 03/31  07:00:00,3229653.51360566,2296297.0765947653,2112324.014183019,2094687.3351302845,2113444.4113199455,2150386.9940020363,2436284.345693105,5658417.591983476 
 03/31  08:00:00,3362065.5124927275,2503077.567167,2344574.9617326176,2338012.462104329,2363850.1376666916,2408870.1525203926,2700332.682753168,5683051.18784618 
 03/31  09:00:00,2688245.4504121444,1950162.3090589112,1854407.1263100228,1880859.4772325407,1928378.72720975,1987380.423599403,2224623.0881593265,4064486.8896361645 
 03/31  10:00:00,1397118.6158961193,779704.8741083317,748505.5916355517,806526.7356409446,871554.5976814349,936868.3211835129,1072975.2617154825,1569528.0520070712 
 03/31  11:00:00,111476.62391992928,0.0,0.0,7029.231806707687,19478.98469800857,30934.255585316,50854.86031556503,19134.146289966884 
 03/31  12:00:00,0.0,0.0,0.0,0.0,0.0,0.0,0.0,0.0 
 03/31  13:00:00,0.0,0.0,0.0,0.0,0.0,0.0,0.0,0.0 
 03/31  14:00:00,0.0,0.0,0.0,0.0,0.0,0.0,0.0,0.0 
 03/31  15:00:00,0.0,0.0,0.0,0.0,0.0,0.0,0.0,0.0 
 03/31  16:00:00,0.0,0.0,0.0,0.0,0.0,0.0,0.0,0.0 
 03/31  17:00:00,0.0,0.0,0.0,0.0,0.0,0.0,0.0,0.0 
 03/31  18:00:00,0.0,0.0,0.0,0.0,0.0,0.0,0.0,0.0 
 03/31  19:00:00,0.0,0.0,0.0,0.0,0.0,0.0,0.0,0.0 
 03/31  20:00:00,2038829.3053912318,864803.3088705299,799911.9855905359,923398.4498266422,1090859.064660425,1178726.9966404145,1106967.5370470854,2816623.222463031 
 03/31  21:00:00,3210725.69485578,2059703.436538567,1965864.9346357314,2080810.5415448258,2203039.9955827612,2268094.6897172853,2335460.6252601296,5334004.739289907 
 03/31  22:00:00,3844591.555098966,2835060.963643575,2734216.413869726,2824908.204679567,2925574.566599973,2987821.742692772,3150726.283887508,6885248.616430735 
 03/31  23:00:00,4419650.054946703,3529378.9989973493,3430687.2942486634,3500767.099695957,3581935.6031863024,3641860.753357147,3885248.458299789,8134506.135806251 
 03/31  24:00:00,5020659.712799124,4160367.9795778794,4068201.5703228437,4119758.338512661,4185854.528085608,4246250.626544296,4542619.4854204,9100984.979865696 
 04/01  01:00:00,5418920.840629904,4571597.199829277,4475447.702043155,4524730.388980247,4591184.87777211,4657574.5856502345,5006216.90516761,9980095.178815447 
 04/01  02:00:00,5736959.627646851,4934827.021869807,4838840.846910542,4882980.012820162,4944334.687730678,5014247.143427363,5423308.291565526,10956570.011003124 
 04/01  03:00:00,6092793.864000471,5342392.191315712,5249637.320418281,5288343.5476286225,5344411.422113252,5416915.113436979,5867828.844765811,11646434.885278337 
 04/01  04:00:00,6505085.457245736,5813369.979597281,5729483.155998535,5766106.021613816,5819403.507233231,5894775.431730891,6365286.522186197,12022233.851382038 
 04/01  05:00:00,6889086.520987483,6256503.885467607,6182656.48781162,6217856.35278336,6268729.014257352,6346558.654384295,6837326.40518436,12493374.648769863 
 04/01  06:00:00,6941845.309916585,6356126.658269326,6289709.67810707,6322348.597016547,6369989.199892655,6448883.123358261,6950665.90503143,12495954.498817211 
 04/01  07:00:00,7256354.3577697845,6709080.777827726,6644420.551204613,6671018.763400714,6712918.31492066,6791461.30662461,7321542.657161636,13195014.843761072 
 04/01  08:00:00,7341990.516533242,6841638.3055189755,6789303.607508946,6817858.926882185,6860090.344015682,6941789.5015158905,7481255.223910891,13294838.421002628 
 04/01  09:00:00,6096388.79392217,5640634.329359422,5629473.44879942,5682856.9889530735,5742617.014316554,5832965.055772705,6278282.5313664675,10213333.407092666 
 04/01  10:00:00,4312676.546373521,3860914.4393965257,3883242.6282926886,3960025.3731171787,4036970.912804334,4130929.923397214,4429546.745919599,6086037.487735151 
 04/01  11:00:00,2866190.702338812,2405082.669000603,2440240.4257742036,2525876.549749381,2608434.5651789876,2692822.714254598,2813232.3728860025,2797943.435930727 
 04/01  12:00:00,1922359.2416249812,1462348.4989297476,1509151.3345558792,1601095.3190165628,1687077.30375009,1759748.9583800752,1752520.0067457263,856107.917951858 
 04/01  13:00:00,1436004.5354987802,983896.5423646225,1044793.066725998,1142255.9911529461,1227581.8964554698,1290987.2251008493,1241799.8437423813,14425.907735878722 
 04/01  14:00:00,1180546.1128127775,752656.8786240068,824934.9347723371,928802.3387976616,1020520.7303010016,1082076.9097800252,1028114.7771064409,0.0 
 04/01  15:00:00,1212194.5721374536,853973.9847116566,905922.9105009886,999478.2848806906,1076133.5277412278,1127137.4607072026,1094142.6636916688,626101.5240100911 
 04/01  16:00:00,2538858.7192921652,2080382.0271700635,2118525.962388639,2218159.500089195,2314702.083447301,2391091.2903464665,2438954.6853237157,3905883.8501911247 
 04/01  17:00:00,2810333.2953218445,2326025.5768409013,2374724.6461932664,2447170.9854345657,2538624.1816445785,2611567.3539721393,2627912.4057568526,3527561.9906096477 
 04/01  18:00:00,2833709.508381139,2343251.3397467816,2412861.1637294977,2531388.0654891515,2632184.2477671467,2713639.1835735897,2791244.6389323105,3330831.1397141907 
 04/01  19:00:00,2542905.4710070766,2028525.4870604314,2098635.158121516,2220271.1334546637,2330217.3495750604,2430424.7455270933,2618472.205196212,4468058.849719182 
 04/01  20:00:00,5746668.552798013,5169228.213379815,5144985.133872147,5194985.604080514,5248604.298620091,5315218.407515876,5635537.054535824,9921425.41584661 
 04/01  21:00:00,6618381.2343840115,6084786.763746617,6062179.032193158,6109171.981292796,6160484.218152778,6231047.862245627,6606547.265326924,11427598.097818363 
 04/01  22:00:00,6920916.036197407,6419698.176717266,6399043.630314658,6443490.47275052,6492620.942670151,6565361.317269786,6969244.0718037365,11865045.572786402 
 04/01  23:00:00,7102416.319166658,6627514.553945133,6606255.999890516,6646545.536131957,6692306.576646871,6766132.267508226,7197754.843324875,12247117.806074727 
 04/01  24:00:00,7530917.434633572,7080581.688876251,7054753.858006094,7088064.905579009,7128397.97396459,7202687.149178861,7678496.328202888,13231820.21086177 
 04/02  01:00:00,8016052.349084797,7595489.400616951,7568764.33297508,7597689.988244952,7634557.746207669,7710546.423943467,8227230.489859189,14241506.022383407 
 04/02  02:00:00,8320495.333363452,7925099.89466197,7897009.67814816,7921478.387754168,7954752.917389004,8031693.4789814735,8583274.436998764,14976448.463571068 
 04/02  03:00:00,8601684.892070064,8227695.414964173,8197321.0143891005,8217047.5401017945,8246566.660721358,8324161.728432855,8907223.865021575,15647064.2302216 
 04/02  04:00:00,8858311.771543715,8510590.210480992,8483049.817725405,8501878.858695073,8530540.715923762,8609964.295864,9211482.7546459,16054442.693658378 
 04/02  05:00:00,8778378.058414325,8451579.67005423,8428330.366080362,8447597.235705875,8476326.569272155,8557034.7412634,9159366.068693234,15808668.086996611 
 04/02  06:00:00,8540001.591132337,8226034.895767643,8207188.3965863045,8227695.61558344,8257043.16072797,8338327.524062842,8929449.30739982,15228205.52895797 
 04/02  07:00:00,8489740.024859106,8183058.418790394,8164625.5059878025,8183949.32996428,8212191.322400749,8293055.091286859,8884349.000759922,15146814.757548222 
 04/02  08:00:00,8279467.708703336,7985353.3033254575,7973198.432688369,7995433.970140444,8025621.600920241,8107928.800941795,8687496.752448427,14650785.954332119 
 04/02  09:00:00,7795251.167831911,7523604.890830727,7531588.390564204,7567007.748574223,7606691.048055802,7693877.924228877,8235304.655605986,13423518.35890749 
 04/02  10:00:00,7077805.794492484,6828289.711983307,6863551.845202751,6917877.318859876,6971300.344740354,7065169.182537405,7552739.904908773,11758401.67881475 
 04/02  11:00:00,6396171.75875415,6158373.21879737,6216536.179705053,6287447.765218385,6352929.040126736,6451856.59588171,6886621.4080402795,10232694.242408246 
 04/02  12:00:00,5836686.678396596,5594095.684900511,5671003.544036913,5757459.998392292,5834800.624658963,5937473.2649115585,6303055.625857327,8652163.147127308 
 04/02  13:00:00,4749183.31162409,4500921.207886219,4610123.198509236,4724029.853213928,4822352.722964514,4930126.890541697,5161635.748275497,5736272.278501218 
 04/02  14:00:00,4475585.034693265,4231950.118898763,4352052.77102954,4473835.343291582,4577282.7648411365,4686602.981165011,4911676.649713112,5576748.422154327 
 04/02  15:00:00,4281802.887899725,4035573.749257968,4161429.6513198796,4287778.954087164,4394127.905747011,4503967.410724055,4723448.791418698,5465365.471752256 
 04/02  16:00:00,4591046.054648742,4323504.380248589,4434418.326962596,4550268.804461268,4648415.280415993,4753291.693807856,5002093.899689121,6334688.741359065 
 04/02  17:00:00,4734452.255547997,4454433.732368842,4559317.750757763,4671606.565540149,4767091.866329408,4870344.095452828,5132166.671416887,6753508.481670269 
 04/02  18:00:00,5668933.315084537,5348032.533294626,5411742.858092304,5494575.237352465,5568111.169712548,5659936.379467569,5995694.688809192,8957045.40033488 
 04/02  19:00:00,6268853.833276959,5941213.488730479,5987806.866419768,6057593.275523684,6121509.221457579,6210117.251376838,6600503.94531466,10465805.0353562 
 04/02  20:00:00,7157273.222822443,6799044.377896367,6808262.086557342,6851319.110112907,6895790.163618501,6974342.190022867,7417793.260706848,12204543.896082576 
 04/02  21:00:00,7495180.277776001,7147385.955491889,7152341.120717913,7191230.7636207985,7232655.34544298,7311172.451678991,7779647.921879346,12851132.953101795 
 04/02  22:00:00,7784049.462333757,7449601.109476957,7451958.413110431,7487700.890813158,7526838.919373841,7605861.147004353,8097267.296089452,13407263.513217084 
 04/02  23:00:00,7988688.444348771,7666177.222619623,7666519.600419205,7699602.548351692,7736792.956674301,7816231.284586942,8325763.328845148,13810125.126512498 
 04/02  24:00:00,8090540.194905494,7777258.379660377,7775655.428988318,7806260.902206998,7841616.677641345,7921176.544850392,8444022.313120529,14032956.486607298 
 04/03  01:00:00,8188792.365170327,7884003.088898965,7880884.522130104,7909407.296894263,7943220.019259073,8022933.721349312,8557180.85253733,14236579.471365452 
 04/03  02:00:00,8306563.906809702,8011152.398729621,8007178.130077575,8034089.407223265,8066704.265944054,8146726.446914851,8691631.899173964,14462281.680252366 
 04/03  03:00:00,8380738.00459757,8093047.027551094,8088391.400556579,8113964.061639664,8145576.344242725,8225791.34946991,8778563.706852883,14607383.97388225 
 04/03  04:00:00,8459533.653420446,8179596.421300902,8174506.271500574,8198899.4589367155,8229623.248253776,8310061.52976954,8869949.152073823,14751969.196974464 
 04/03  05:00:00,8450137.833317138,8175740.181764835,8170204.653087072,8193565.565199007,8223495.644685205,8303957.3324523885,8867738.072490962,14748474.004398989 
 04/03  06:00:00,8417260.235523004,8145143.064360462,8138876.665995808,8161214.6730785575,8190355.104108638,8270572.8168814685,8835354.103788108,14700926.201207673 
 04/03  07:00:00,8461817.92752391,8195225.445776274,8189354.357515218,8211390.518307989,8240279.180542636,8320807.053755514,8889416.527741207,14778760.850721307 
 04/03  08:00:00,8434230.671106182,8182414.568429403,8183796.893323343,8210078.624996793,8242015.698080579,8324947.982104719,8890870.86832118,14657764.363523372 
 04/03  09:00:00,8027251.101628579,7811010.641855035,7839679.51962992,7883982.964555598,7928923.699921238,8019705.193552462,8555907.551271873,13676573.116940435 
 04/03  10:00:00,7109451.307736559,6962424.158741254,7050913.407288874,7135970.656582227,7210416.770189626,7318570.329969219,7791921.651904679,11645427.179712825 
 04/03  11:00:00,5602439.998210068,5495685.684159972,5649674.755610909,5783262.29117851,5893607.198780648,6019818.859344079,6377717.2076290855,8314678.409274273 
 04/03  12:00:00,4444469.424322659,4322460.219335057,4502071.646130702,4658393.813217446,4785780.924722943,4914991.596624282,5155322.247000489,5653907.141164689 
 04/03  13:00:00,3709915.095960772,3598876.3661939357,3802430.845843177,3976950.8914666153,4116202.699547681,4244552.300605088,4385481.15665468,4112966.6381679876 
 04/03  14:00:00,2687205.1349726142,2599340.70523249,2844255.8086100463,3050909.122311181,3213297.3400969235,3346649.793227804,3369071.6501857564,2387009.374395994 
 04/03  15:00:00,1877670.9064539885,1834044.1735155007,2114557.5540812863,2349859.8116885275,2533923.9438343374,2675721.7789774863,2664300.761803214,1441844.3971389865 
 04/03  16:00:00,1183095.9554960676,1183660.047656046,1477029.8037102346,1727266.4629018165,1927063.6787439713,2079719.9350738288,2080828.8961811531,868236.3539686166 
 04/03  17:00:00,1173668.843532978,1150590.566118875,1441536.1289029694,1695294.856069649,1899742.6327741328,2058895.8514825106,2113331.610054015,1550936.548374333 
 04/03  18:00:00,1850864.660841167,1745963.1745243766,2038554.7430366674,2298087.141718397,2504319.437536187,2674584.0386643875,2846032.0932550505,3515290.3927789377 
 04/03  19:00:00,2838241.20066387,2657678.5457934267,2918896.5908067883,3157866.1690462064,3349035.3721949346,3518950.265133802,3824182.8807990495,6428161.204352352 
 04/03  20:00:00,6701504.627949459,6238145.208893778,6292971.988756228,6385834.742140563,6466709.516527747,6561548.2868845295,6967995.768814508,12125248.16751245 
 04/03  21:00:00,7588413.1217894675,7140398.413540238,7170163.386088857,7244445.64587204,7312855.992986402,7404471.588517845,7869589.057316846,13744365.952782355 
 04/03  22:00:00,8177421.058472826,7750060.2746867575,7767383.453475387,7829843.583502816,7889710.353644694,7980015.649732504,8493985.10835121,14865531.71636564 
 04/03  23:00:00,8759636.017106146,8359074.670432613,8366622.356752235,8418795.959782787,8471191.915933546,8560760.34564408,9121218.185813714,15980799.19667281 
 04/03  24:00:00,9456075.399439892,9091875.829244042,9093279.34840955,9137216.461578013,9183556.198749838,9273611.71889998,9884890.748460628,17337040.763362613 
 04/04  01:00:00,10109884.180687428,9781873.208428703,9778800.74549994,9815861.957148395,9857151.73580997,9947933.381613342,10604695.866584174,18592084.22588764 
 04/04  02:00:00,10753527.539918473,10462099.257213697,10456006.128609266,10487370.126038723,10524494.968611911,10616206.498844428,11313183.631513162,19760902.060843915 
 04/04  03:00:00,11331582.566361414,11076527.045316776,11068724.66829298,11095368.369848512,11128997.820704183,11221801.53865857,11955594.276786895,20831497.260243274 
 04/04  04:00:00,11887369.518498242,11667689.496964015,11659144.672735851,11681947.73028264,11712707.981479784,11806742.547499476,12574911.283994196,21860957.441926513 
 04/04  05:00:00,12486132.660574347,12303757.276034852,12295985.352436129,12316056.912613088,12344745.62766391,12440477.248835936,13243118.245391592,22964024.569976967 
 04/04  06:00:00,13078704.608764848,12933517.876215052,12927454.592638327,12945586.361069359,12972773.692470713,13070418.769525193,13906012.400560148,24051849.493078798 
 04/04  07:00:00,13542864.483151345,13434973.183738198,13433430.953387883,13451843.401019638,13479162.00693015,13579360.879567763,14439764.588504985,24846470.610604893 
 04/04  08:00:00,12931702.453566581,12887851.585409343,12926717.237246113,12970392.795267563,13016039.83300379,13129311.865998996,13964923.573601784,23545312.50877644 
 04/04  09:00:00,9883803.547286272,9900165.744048603,10045139.152541367,10166015.284699464,10269456.73184785,10417985.714718405,11113913.359508872,17511444.531875905 
 04/04  10:00:00,7032016.568725921,7007163.837159364,7208949.481450022,7374658.001635615,7511735.751099393,7667916.633317465,8143194.773917441,10931696.13766777 
 04/04  11:00:00,5252056.610122242,5199353.193805156,5439020.34316823,5639486.208362727,5801353.188296257,5960405.204612389,6214310.985050701,6502206.891597413 
 04/04  12:00:00,3822436.2112847613,3702594.619742805,3937854.080432776,4143003.4381820997,4309403.4084498575,4448920.00625497,4446834.247671644,2840104.028901694 
 04/04  13:00:00,2804072.153032351,2641043.605070919,2869944.4349133456,3076912.296879529,3243992.732080977,3364331.8924733847,3206941.3050001636,244690.05215392972 
 04/04  14:00:00,1399656.3112459015,1259112.6461071908,1492495.732865602,1705952.7036525165,1875392.6460597971,1986234.3666186254,1803908.882825647,0.0 
 04/04  15:00:00,358245.45731849066,188503.1415503341,364628.3010125873,593681.7546453982,778326.2613279861,891053.3098888615,574285.4895175362,0.0 
 04/04  16:00:00,0.0,0.0,0.0,15751.549402222738,97197.08430745377,181421.87288324058,7098.268407443538,0.0 
 04/04  17:00:00,0.0,0.0,0.0,0.0,113452.79936606821,181359.97150032638,55479.356854413345,0.0 
 04/04  18:00:00,340569.5726561549,178398.62515726854,381497.2772575653,674922.9076427161,845980.5472901512,974636.6899966625,912029.4318506072,317474.0083476921 
 04/04  19:00:00,1224351.4088944867,1008850.0636668004,1225029.887024431,1439240.711375093,1614539.209963901,1744741.8064800047,1818062.6827885394,2987653.806495732 
 04/04  20:00:00,5603178.915111906,4996617.887476873,4996387.278948486,5102903.878989366,5205386.028289853,5272204.041124356,5461860.209178931,9529218.84108736 
 04/04  21:00:00,6929790.442197793,6345206.759574976,6369446.998328907,6461207.474110537,6537481.778582897,6602649.556369839,6884169.752807125,11934883.867818719 
 04/04  22:00:00,7993439.746294579,7451442.701808746,7468495.976617502,7550165.244808335,7619539.656850392,7689127.274989776,8060036.706902259,13999997.630443275 
 04/04  23:00:00,8807296.535003461,8311072.006353418,8320332.530505496,8390915.286717083,8452782.415161218,8525770.212710457,8974474.594589513,15642403.792484539 
 04/04  24:00:00,9540158.683095325,9092148.83280265,9094910.689650793,9155144.374836452,9210019.195732899,9286125.746900957,9805092.860451616,17128742.847201556 
 04/05  01:00:00,10361972.151575241,9966978.91847948,9965498.309840964,10016866.937160127,10065762.142046675,10145387.761872182,10734131.773333464,18771273.8408024 
 04/05  02:00:00,11210525.732219737,10871673.80732992,10868270.338325366,10912393.024080882,10956404.19160997,11039932.853410207,11696017.041154329,20460931.361162324 
 04/05  03:00:00,11898862.524295837,11611409.53606565,11606952.156683791,11644889.744252386,11684707.932163281,11771643.241858942,12484942.375032898,21850449.383622874 
 04/05  04:00:00,12484260.629997911,12244445.519039078,12239670.144132886,12272311.718652535,12308516.680223841,12398561.052554585,13161365.647960221,23030079.90861376 
 04/05  05:00:00,12883839.008821178,12691296.463718196,12691443.222142145,12723024.437670857,12758683.387413682,12852710.434893636,13646006.675487082,23669260.9610181 
 04/05  06:00:00,13292359.862454507,13151095.904696114,13161332.65937942,13195693.732242549,13233539.536228433,13332432.418914337,14144994.288442886,24160575.718011584 
 04/05  07:00:00,13730912.66329986,13629629.302543268,13643717.066486057,13677014.710945081,13714170.100037714,13815979.88232715,14658272.72948931,24982197.006983012 
 04/05  08:00:00,13103011.719922291,13043371.015616028,13087260.55312932,13139295.691864721,13190725.41358753,13304373.818082822,14133752.498061437,23827254.981484424 
 04/05  09:00:00,9320477.437528448,9228414.209803537,9342354.434627403,9454095.209636549,9552548.944283556,9690639.05590728,10311864.853154995,15730248.780871712 
 04/05  10:00:00,5965613.5926829325,5788188.881188658,5950590.986588137,6104048.074963357,6233156.085487811,6372158.920719056,6703519.1668813005,7913913.055773021 
 04/05  11:00:00,3833443.6187642915,3618160.3528498933,3805319.6560851363,3983184.5218561953,4131356.925505334,4261603.351525478,4311316.274273114,3132802.250734485 
 04/05  12:00:00,2509408.3392559234,2262710.9815103803,2441848.453575055,2616510.8173396992,2760458.173791378,2864907.671048581,2749541.2816393264,131021.75315339408 
 04/05  13:00:00,1645405.5526346054,1394641.2187120847,1565585.4448314176,1740391.158935892,1876228.4249691146,1952010.0401093005,1681026.232810883,0.0 
 04/05  14:00:00,346529.1474446087,183729.0234389424,292193.5745803057,442962.27302150795,590491.4975534687,678657.7929255087,283476.47978775937,0.0 
 04/05  15:00:00,0.0,0.0,0.0,0.0,0.0,0.0,0.0,0.0 
 04/05  16:00:00,0.0,0.0,0.0,0.0,0.0,0.0,0.0,0.0 
 04/05  17:00:00,0.0,0.0,0.0,0.0,0.0,0.0,0.0,0.0 
 04/05  18:00:00,0.0,0.0,0.0,0.0,0.0,0.0,0.0,0.0 
 04/05  19:00:00,146315.72316398233,0.0,0.0,0.0,42097.82134549023,102319.66168982034,0.0,0.0 
 04/05  20:00:00,4657481.222602986,3770077.8438702067,3787514.1684462475,3972281.8004792295,4118353.215483387,4140648.749863263,4084036.6114265155,7530420.370180998 
 04/05  21:00:00,6546615.154854361,5829368.209946869,5815333.896929313,5910530.1528375205,5995263.941832927,6027289.011550039,6153351.608498029,11234417.077067388 
 04/05  22:00:00,8300452.153551647,7615407.501382001,7605582.732882954,7704793.030988654,7794629.002908049,7839909.515053097,8076264.3850509655,14456514.307629477 
 04/05  23:00:00,9677945.236834537,9059620.239705158,9050326.251082188,9142851.362169694,9227187.37921723,9282489.384495398,9638350.761589054,17162805.92716767 
 04/05  24:00:00,10712225.700517153,10173165.358261812,10166650.873198347,10251661.884099744,10330204.90369642,10394657.87695356,10850059.878317427,19132302.4773663 
 04/06  01:00:00,11648686.159211017,11193593.321674583,11191985.207747102,11270267.433098465,11343680.94567976,11416816.289612701,11958396.834355267,20821542.967510365 
 04/06  02:00:00,12006379.765057646,11618572.632015703,11619363.035318447,11689953.809164733,11757410.417195624,11836266.545554945,12436946.236907799,21511639.2289368 
 04/06  03:00:00,12392665.419037784,12066283.649336364,12068244.730761671,12130577.490075413,12191636.061662693,12275251.848995684,12933505.887114368,22322984.132564835 
 04/06  04:00:00,13065238.386243768,12800990.308906343,12804492.51822889,12859580.264140358,12915038.892864853,13003646.261458457,13728487.178012675,23748547.330077212 
 04/06  05:00:00,13467999.749637157,13258615.88083335,13266367.531770784,13317181.107438292,13369279.51625096,13462742.529717755,14231377.947127296,24486752.682800256 
 04/06  06:00:00,13789730.159863098,13624391.317675836,13636879.008467684,13685044.258937169,13735075.944005871,13832317.131841183,14621622.62071517,24741099.497412376 
 04/06  07:00:00,13955170.70520551,13818614.585139345,13830690.701714376,13873264.670041662,13918880.579852948,14016626.260313323,14812841.89289808,24703347.327360984 
 04/06  08:00:00,12954330.595878191,12812374.645648038,12827517.669339245,12869455.678557165,12914493.079537421,13010765.6314966,13741228.140927726,22124641.02452118 
 04/06  09:00:00,10177842.732035156,9955555.041597795,9971765.066297231,10016716.00229944,10063933.45847048,10151057.225987371,10681996.102395173,15486625.303586213 
 04/06  10:00:00,6667694.082368906,6309280.264816762,6317251.269860544,6362209.662350734,6408971.844453515,6476974.1476257965,6714426.527275921,7797431.924061071 
 04/06  11:00:00,2915657.4289243696,2432729.4755241596,2434700.9953504354,2479681.2684102366,2523247.8108942653,2555237.889234741,2458086.723275336,724583.6223714564 
 04/06  12:00:00,1147649.7240407772,620042.9034499741,599794.1239644991,655283.6352790502,708773.4261815015,719345.4645267368,306100.16834511916,0.0 
 04/06  13:00:00,611742.3267303486,145038.6474154613,138099.12536716147,184332.10912114737,226287.39791056432,223887.9352340169,0.0,0.0 
 04/06  14:00:00,0.0,0.0,0.0,0.0,0.0,0.0,0.0,0.0 
 04/06  15:00:00,0.0,0.0,0.0,0.0,0.0,0.0,0.0,0.0 
 04/06  16:00:00,0.0,0.0,0.0,0.0,0.0,0.0,0.0,0.0 
 04/06  17:00:00,0.0,0.0,0.0,0.0,0.0,0.0,0.0,0.0 
 04/06  18:00:00,0.0,0.0,0.0,0.0,0.0,0.0,0.0,0.0 
 04/06  19:00:00,0.0,0.0,0.0,0.0,0.0,0.0,0.0,0.0 
 04/06  20:00:00,2268699.6495942175,789270.8328917259,631337.9102664767,631363.5980016,637391.1887559516,565733.3998916002,353317.11553294305,839176.8738810045 
 04/06  21:00:00,3442228.993917785,2310731.664386009,2108466.525108964,2102239.792387019,2105632.1270502377,2003686.8407787248,1637464.985900074,3754685.9993056324 
 04/06  22:00:00,4318541.1583736045,3343147.2474349607,3155789.29685332,3145389.594498153,3146245.9624662865,3069433.351391688,2920230.7810900183,6434558.071685391 
 04/06  23:00:00,5780073.091855964,4896992.776069764,4742097.688349882,4734551.009216581,4737889.185850193,4690695.183733791,4741659.852227805,9948303.395066407 
 04/06  24:00:00,6306367.482439265,5443724.635175888,5301580.3888504105,5295259.537476198,5300032.5487792,5274154.4205998555,5464021.986164123,11267520.600229984 
 04/07  01:00:00,6713775.281636728,5896278.343628792,5752775.286450019,5744352.574886951,5748642.315815068,5729310.342330414,5972136.487066848,11995353.227386644 
 04/07  02:00:00,7477648.153574631,6725279.507747802,6588701.616028559,6579298.367075565,6583678.111809652,6576445.910948525,6898092.194755979,13487965.526660398 
 04/07  03:00:00,8374900.213970801,7697078.262116877,7569732.451883191,7559284.5108254105,7563488.580847847,7569594.343674358,7986292.985596556,15414257.053070065 
 04/07  04:00:00,9470897.726546772,8878896.862663358,8767002.244071538,8759424.945681922,8766249.127963416,8787140.589375723,9294536.337842068,17499473.964937843 
 04/07  05:00:00,10354023.987017374,9844003.501607142,9748327.29553378,9744208.2066956,9753924.182246527,9788493.04760598,10373167.515129736,19169075.40672063 
 04/07  06:00:00,10404373.801400794,9952148.931433767,9869562.372534467,9867793.771555744,9879485.826189302,9924074.147015305,10542070.070484815,19188202.27276834 
 04/07  07:00:00,10238193.242406657,9829014.627836414,9757770.939945847,9758392.611768063,9772066.081983866,9824049.072192585,10452235.264641648,18686363.063473772 
 04/07  08:00:00,9881652.603258763,9525717.969135769,9481483.149617258,9496226.684233796,9520568.273281377,9584353.203590069,10200650.944209754,17675137.353564233 
 04/07  09:00:00,7664992.355053396,7323365.399650456,7333956.667377587,7388343.275184666,7443368.110665569,7524820.915259086,7991726.530695989,12357069.562781902 
 04/07  10:00:00,4911605.209714081,4552234.747649029,4615102.018717639,4706957.467379446,4792132.944688831,4882872.01974901,5120126.029755238,6131666.868166309 
 04/07  11:00:00,2692497.9625815167,2306495.5596512444,2398140.9829357797,2518028.652848434,2622990.9255832452,2705309.4765364556,2694708.0423083724,1269275.6751794717 
 04/07  12:00:00,1258544.3503606147,817335.1489293666,865828.8141722893,966406.0065187501,1057519.6814152675,1110195.5213240131,920236.8362683046,0.0 
 04/07  13:00:00,265397.2684742432,4878.846650449851,11171.087467511825,46734.31107568613,94292.66121100374,113152.76033393311,0.0,0.0 
 04/07  14:00:00,0.0,0.0,0.0,0.0,0.0,0.0,0.0,0.0 
 04/07  15:00:00,0.0,0.0,0.0,0.0,0.0,0.0,0.0,0.0 
 04/07  16:00:00,437745.6238405779,268423.78879931715,266748.53993115976,293360.73777315766,323910.58775883215,319184.081800031,217470.2829080656,0.0 
 04/07  17:00:00,4437556.661198027,3737684.8441850324,3713449.318509857,3789570.918129441,3856863.5973297367,3857715.5292485403,3725069.0692032212,5917503.537993588 
 04/07  18:00:00,977797.8221728454,669131.6733787389,664455.5819015369,707834.9753047341,786712.3444892016,814291.767516898,705511.8547134072,1102461.4579891309 
 04/07  19:00:00,1399077.797642004,840552.3440092483,882063.54134445,1011856.9369662917,1103273.0807217115,1158243.43302489,1129450.1226722074,2050984.929649583 
 04/07  20:00:00,5214242.289604932,4486434.397699823,4438425.729450853,4494753.695547023,4551431.824487083,4569828.149935928,4655129.268044374,8344313.711263776 
 04/07  21:00:00,6635041.519065418,5947656.020066243,5899487.801718041,5954456.775621224,6009219.440207064,6037596.876398282,6228039.940025479,11081044.428619424 
 04/07  22:00:00,7843457.092198614,7215725.776858519,7168451.277260697,7217997.186396303,7268854.107129979,7306923.406956087,7609136.386366473,13618080.047017597 
 04/07  23:00:00,8542282.464253299,7968465.373061328,7920248.602455994,7962155.507762514,8007417.733571026,8052644.565469919,8442037.662565576,15174721.41240098 
 04/07  24:00:00,9106205.014623862,8586043.158173757,8538431.545537196,8573681.91504293,8614065.315135706,8665913.294617562,9129354.166510597,16403858.397113388 
 04/08  01:00:00,9758753.248039676,9297530.54161758,9254133.3758021,9285286.656265892,9322633.567508224,9381602.211655328,9913174.278629256,17700033.349108104 
 04/08  02:00:00,10400367.1716512,9992536.526046071,9950836.577994827,9976485.567020154,10009730.255900642,10074373.658676036,10671923.256921038,19042316.341604173 
 04/08  03:00:00,11021605.329510095,10663415.463821772,10623182.34853448,10643694.336500201,10673117.44759833,10742691.210246697,11398619.98103132,20297649.87388601 
 04/08  04:00:00,11495473.030352535,11185457.363714704,11149130.485690186,11166613.862574507,11193705.081428548,11268179.078358388,11971455.294001883,21247011.08484634 
 04/08  05:00:00,11878768.575797964,11611472.5966766,11578879.120707855,11593806.671518544,11618880.427159134,11697624.230305543,12442179.355748352,22052844.83755809 
 04/08  06:00:00,12159169.972201072,11928958.674083099,11899938.678356323,11912803.742419088,11936197.264549568,12018549.128906678,12797424.070699858,22684013.696071204 
 04/08  07:00:00,12262107.610522073,12065542.798090234,12043066.55375111,12056626.136084968,12080442.308568988,12166821.259136261,12963388.437336337,22826934.14479884 
 04/08  08:00:00,11221234.318331374,11065442.127218802,11082212.486002855,11121365.263783535,11164286.649237804,11264095.508422086,12009970.302468466,20473421.84654814 
 04/08  09:00:00,7698445.214833697,7508615.675257347,7594360.688756781,7690033.439627617,7777063.458474236,7898564.347716162,8424855.02614601,12678722.779060831 
 04/08  10:00:00,4386622.931108538,4134922.433344276,4271313.247260278,4411250.198727064,4532898.140794178,4655025.804865018,4896182.786601508,5471432.13951696 
 04/08  11:00:00,2086283.1733186424,1821555.1097293212,1973008.7739165816,2128115.9140848117,2260341.9418991907,2370509.91782895,2384689.240662444,893971.1051837222 
 04/08  12:00:00,643922.8843736724,337395.2374194705,449474.3159010977,606034.7798743634,734802.0979711714,817730.4175348574,567357.2136746764,0.0 
 04/08  13:00:00,52069.262710971816,0.0,0.0,14408.961493178504,53137.67838546191,71778.3023015174,0.0,0.0 
 04/08  14:00:00,0.0,0.0,0.0,0.0,0.0,0.0,0.0,0.0 
 04/08  15:00:00,0.0,0.0,0.0,0.0,0.0,0.0,0.0,0.0 
 04/08  16:00:00,0.0,0.0,0.0,0.0,0.0,0.0,0.0,0.0 
 04/08  17:00:00,0.0,0.0,0.0,0.0,0.0,0.0,0.0,0.0 
 04/08  18:00:00,0.0,0.0,0.0,0.0,0.0,0.0,0.0,0.0 
 04/08  19:00:00,0.0,0.0,0.0,0.0,0.0,0.0,0.0,0.0 
 04/08  20:00:00,1634019.66279093,801104.8860819421,754093.8849211497,815995.9005565884,860454.2005677086,853042.2168610746,717199.7354701889,1571117.2197591811 
 04/08  21:00:00,3536586.121827958,2458128.0724496073,2378799.752190162,2477944.351612358,2565702.3542503887,2559492.0310689206,2417599.2446819893,5047172.485988119 
 04/08  22:00:00,4665157.433836494,3732669.9578252556,3647393.6898261877,3723152.827434982,3794279.529664314,3797012.5071867164,3806703.6404999215,7605860.452564631 
 04/08  23:00:00,5640242.1239182325,4802976.1603141045,4717189.961620386,4770570.231408585,4823376.119601411,4835287.203644267,4983603.318537945,9716047.595354812 
 04/08  24:00:00,6481892.339511142,5658608.073811814,5574893.812670565,5620819.289319083,5672513.395068572,5693382.404863338,5930924.958924204,11382211.693345947 
 04/09  01:00:00,7473213.676125916,6701788.500030646,6617973.13019282,6662965.869715859,6713323.712414829,6743940.707987584,7069066.379802175,13388921.536445387 
 04/09  02:00:00,8606974.582012087,7910850.173180331,7831912.207450337,7872816.4444542015,7920179.556912867,7960976.474120516,8381432.75451068,15604617.027374808 
 04/09  03:00:00,9579852.516384095,8963172.124912808,8890406.250102464,8926571.662591113,8970324.393325578,9020337.560032304,9526921.698251933,17512070.841842394 
 04/09  04:00:00,10097632.43482351,9553923.8714291,9488575.433479778,9520633.84025061,9561081.377371587,9618963.30462357,10189505.538548097,18583165.434407618 
 04/09  05:00:00,10452883.80781195,9974784.132993152,9917172.741225483,9945911.503540946,9983592.13547353,10048218.409306567,10667800.000998765,19278927.224533692 
 04/09  06:00:00,11104432.607492192,10692745.017399509,10641782.281971227,10666774.326238004,10701368.474306338,10772395.097113425,11450990.34626206,20581539.484098446 
 04/09  07:00:00,11628176.722130602,11283394.211528972,11243895.373622946,11269174.314880723,11303693.476093462,11382112.132819545,12105795.887844589,21539516.903178625 
 04/09  08:00:00,10410002.597682288,10086867.687594201,10073947.686214043,10114308.140344162,10160259.455935929,10247249.70774555,10900494.81264919,18494765.645743936 
 04/09  09:00:00,6296114.710386645,5835952.303792229,5828435.565192103,5877033.098815548,5929847.044676289,6005127.944759463,6337045.055581528,8686510.359956546 
 04/09  10:00:00,2806620.532543645,2257697.1054214654,2250415.806613474,2302461.799318096,2356144.919372989,2402256.2926219543,2411140.356892662,1402550.8965990874 
 04/09  11:00:00,782009.0412027391,306214.3844921957,288693.7758770961,316329.0913801786,347010.22841507656,365302.7232624954,243683.97602240878,0.0 
 04/09  12:00:00,0.0,0.0,0.0,0.0,0.0,0.0,0.0,0.0 
 04/09  13:00:00,0.0,0.0,0.0,0.0,0.0,0.0,0.0,0.0 
 04/09  14:00:00,0.0,0.0,0.0,0.0,0.0,0.0,0.0,0.0 
 04/09  15:00:00,0.0,0.0,0.0,0.0,0.0,0.0,0.0,0.0 
 04/09  16:00:00,0.0,0.0,0.0,0.0,0.0,0.0,0.0,0.0 
 04/09  17:00:00,0.0,0.0,0.0,0.0,0.0,0.0,0.0,0.0 
 04/09  18:00:00,0.0,0.0,0.0,0.0,0.0,0.0,0.0,0.0 
 04/09  19:00:00,0.0,0.0,0.0,0.0,0.0,0.0,0.0,0.0 
 04/09  20:00:00,159996.06821106139,0.0,0.0,0.0,0.0,0.0,0.0,0.0 
 04/09  21:00:00,2412304.3065513326,664670.6132504463,403688.250322298,385078.887021431,379455.59653805103,272684.9572891253,0.0,716734.224817672 
 04/09  22:00:00,4426268.79002568,2796954.859215595,2472687.6301477896,2445764.9440031517,2442028.8316746764,2267022.8500167127,1752244.3899007556,4681688.311054666 
 04/09  23:00:00,5630850.751946323,4230440.30961372,3935877.690614146,3915128.9165429906,3911693.7940112143,3779393.107479626,3481924.3282577754,7693162.5428006705 
 04/09  24:00:00,5606692.806469745,4445521.338473488,4193200.1669974662,4175391.133851887,4174014.315041472,4074993.452406902,3949640.3048099196,8545260.612864425 
 04/10  01:00:00,5976406.6175306,4979633.876013251,4766707.530388422,4752871.607665646,4754571.005995246,4685973.589906481,4695125.670076896,9400725.33591688 
 04/10  02:00:00,7004222.115522383,6074249.791833771,5905169.506196696,5895726.092097693,5900475.157023493,5861792.333039614,6006537.432211857,11174307.949141376 
 04/10  03:00:00,8032120.568787033,7144558.43931865,6978666.996464569,6969896.702585294,6975894.129766254,6954189.93644635,7214462.481750353,13109793.493307002 
 04/10  04:00:00,8941770.59682239,8134780.031524374,7978199.32054335,7971076.524616219,7979242.640334649,7967754.049525683,8298135.7336189635,14880839.77489295 
 04/10  05:00:00,9676074.78368105,8958662.165846832,8818279.221138937,8813880.986030363,8824600.297633553,8827490.723530259,9233604.381502548,16345890.111800954 
 04/10  06:00:00,10308011.493952299,9678234.376417574,9555016.971102709,9553054.766878936,9565843.780244835,9582627.403442416,10058901.23224791,17618386.911633004 
 04/10  07:00:00,10668256.188248731,10116779.496594034,10011493.175312541,10012876.762113342,10028302.483033026,10057784.364428077,10582741.866869967,18254372.132243074 
 04/10  08:00:00,9521426.198479645,8997260.143911114,8913231.404916909,8923169.590326965,8945173.972127227,8982958.749829695,9445505.514074646,15351687.99671514 
 04/10  09:00:00,5681816.783174895,5086871.080859743,5024629.202690127,5049014.351362661,5081978.017201538,5116670.585153045,5317900.014600825,6933956.547204942 
 04/10  10:00:00,1969224.207467327,1338787.9056575575,1291667.497383297,1316488.2295831398,1348532.4005103162,1364019.148905958,1310421.908120891,626435.6096076721 
 04/10  11:00:00,48916.400782471464,0.0,0.0,0.0,0.0,0.0,0.0,0.0 
 04/10  12:00:00,0.0,0.0,0.0,0.0,0.0,0.0,0.0,0.0 
 04/10  13:00:00,0.0,0.0,0.0,0.0,0.0,0.0,0.0,0.0 
 04/10  14:00:00,0.0,0.0,0.0,0.0,0.0,0.0,0.0,0.0 
 04/10  15:00:00,0.0,0.0,0.0,0.0,0.0,0.0,0.0,0.0 
 04/10  16:00:00,0.0,0.0,0.0,0.0,0.0,0.0,0.0,0.0 
 04/10  17:00:00,0.0,0.0,0.0,0.0,0.0,0.0,0.0,0.0 
 04/10  18:00:00,0.0,0.0,0.0,0.0,0.0,0.0,0.0,0.0 
 04/10  19:00:00,0.0,0.0,0.0,0.0,0.0,0.0,0.0,0.0 
 04/10  20:00:00,0.0,0.0,0.0,0.0,0.0,0.0,0.0,0.0 
 04/10  21:00:00,397128.87883745576,0.0,0.0,0.0,0.0,0.0,0.0,0.0 
 04/10  22:00:00,1422308.2864634169,0.0,0.0,0.0,0.0,0.0,0.0,0.0 
 04/10  23:00:00,2248191.7662619324,747662.0644172523,335343.8179229357,277278.33552165393,248821.11863601755,131894.7555638646,0.0,584558.3800711844 
 04/10  24:00:00,2479487.853218327,1114277.648892862,807562.4043569756,747408.4847366454,719651.6161209701,551618.7330283937,119554.89799373463,1807813.9877005946 
 04/11  01:00:00,2569455.4762951015,1368590.276896942,1072626.8205021874,1024348.252292037,1001193.268310526,885417.7716494785,613660.8089786139,2627268.5034317374 
 04/11  02:00:00,2913867.1390737905,1831612.4153941825,1562068.1648119981,1514288.8047266551,1491976.5335505204,1392077.250750532,1248007.3891539956,3653481.7831907673 
 04/11  03:00:00,3356799.9267602772,2344248.0660860734,2107250.634880761,2064732.3504998204,2046402.6780984015,1969714.3942695288,1929973.9957750253,4679602.322523342 
 04/11  04:00:00,3793197.9241762734,2808674.460389803,2611887.112061634,2575925.0954706995,2562104.6697676764,2508611.50894129,2560080.801647692,5568983.577585987 
 04/11  05:00:00,4263502.589607086,3308350.5314281974,3117011.522632434,3086552.8929643743,3076851.7289129393,3045236.6714514187,3180987.153828863,6496462.965151805 
 04/11  06:00:00,4760194.693761336,3857692.9897652697,3669600.021010638,3639133.5111895995,3630684.58534531,3604581.203547452,3789289.0436788043,7496423.580184231 
 04/11  07:00:00,5324941.686345212,4484981.266620646,4310286.122862529,4283644.0845479965,4278568.133081814,4263151.75698666,4496789.162442185,8550285.670977492 
 04/11  08:00:00,5357828.903132793,4574303.63250033,4418659.897146911,4398671.845935069,4398751.45636738,4394412.0871662125,4641842.362337925,8374753.319167062 
 04/11  09:00:00,4693270.777306374,3942218.5003676554,3804303.155161591,3790492.915773399,3795078.2189367805,3797558.794053203,4005207.828273863,6670843.152945433 
 04/11  10:00:00,3899130.00143054,3173819.735030398,3056660.8363547777,3052290.1607108973,3063769.4839756135,3071498.365186903,3207751.987492699,4556849.434083695 
 04/11  11:00:00,3119025.803282389,2478657.7825703616,2417971.7045703083,2448492.390401704,2486206.232297614,2513192.992348003,2590515.7807120765,2925331.6786339493 
 04/11  12:00:00,2205920.443911555,1631931.520777481,1612580.382682376,1664963.3000511474,1718553.6622118307,1748143.751216396,1731819.96471872,1264771.9084052981 
 04/11  13:00:00,825523.2339580865,332915.8104568284,327065.18464561965,374377.49520487996,428346.55905240367,455728.57536793017,339389.9866020089,0.0 
 04/11  14:00:00,5589.2358221623,0.0,0.0,0.0,0.0,0.0,0.0,0.0 
 04/11  15:00:00,0.0,0.0,0.0,0.0,0.0,0.0,0.0,0.0 
 04/11  16:00:00,0.0,0.0,0.0,0.0,0.0,0.0,0.0,0.0 
 04/11  17:00:00,0.0,0.0,0.0,0.0,0.0,0.0,0.0,0.0 
 04/11  18:00:00,0.0,0.0,0.0,0.0,0.0,0.0,0.0,0.0 
 04/11  19:00:00,0.0,0.0,0.0,0.0,0.0,0.0,0.0,0.0 
 04/11  20:00:00,1415645.1292039915,527669.9427670755,485466.8070912871,485948.42972321785,489543.58250487864,471573.834188265,236118.0167948187,540955.8537630598 
 04/11  21:00:00,3118860.3518369636,2053574.8554491121,1856775.4137225687,1866949.2163335977,1892460.1056549016,1830319.1961476766,1616422.3980509066,2937631.3975408934 
 04/11  22:00:00,4033690.601504431,3106007.221176979,2941210.5222593145,2947972.1616394976,2968939.2972712945,2927646.417315718,2818460.3268473865,5137198.896681717 
 04/11  23:00:00,4702826.382290874,3815717.2717614626,3677111.392226571,3682055.2414234583,3700455.2593940347,3676926.39000496,3684431.7650925973,6676068.238230142 
 04/11  24:00:00,5222855.5769981295,4352266.598111594,4217832.962814855,4222156.3623726675,4239984.981587061,4228304.606368009,4330405.488155502,7785929.056304779 
 04/12  01:00:00,5557177.104510047,4730334.818862604,4597881.92846424,4602484.102450421,4621680.116965886,4616782.312252191,4764359.969932262,8542668.16847982 
 04/12  02:00:00,5654130.274789474,4875449.156084931,4750234.525292024,4754507.033884531,4773627.872563571,4777281.542081552,4971141.359423798,8916237.620418958 
 04/12  03:00:00,5778746.959593039,5048863.868300476,4932397.857328817,4936493.96013135,4955450.876490911,4967563.711672492,5206407.267129967,9304711.65370091 
 04/12  04:00:00,5948255.7339684665,5265997.207003912,5158718.5327687925,5162825.17284974,5181643.511208802,5201773.899505898,5483843.686772731,9762902.083744664 
 04/12  05:00:00,6070009.904534393,5429861.609580858,5331034.308766309,5335031.811985815,5353557.122141732,5380741.787294703,5700914.328260656,10140388.15574737 
 04/12  06:00:00,6174622.073034928,5572563.779304276,5481688.153406204,5485642.144807586,5503900.232649051,5537389.600647308,5890531.507717855,10460998.825360216 
 04/12  07:00:00,6159449.163878136,5591816.396590594,5509729.879465281,5514774.681557771,5533594.096853505,5572875.126831004,5947986.8959323745,10506494.083813863 
 04/12  08:00:00,5800729.177843224,5270517.204499893,5207877.415078925,5222155.164481056,5247566.444505926,5294561.651688676,5658250.053931644,9663815.310924988 
 04/12  09:00:00,5153977.49804574,4656180.186615944,4620162.2279863935,4650480.163870221,4687633.088676216,4743029.825672603,5064478.447224578,8102669.058725557 
 04/12  10:00:00,4858066.772938419,4374003.463195162,4346606.987120636,4380490.27492714,4420006.870681704,4478424.168658998,4790818.615956355,7583611.4655790785 
 04/12  11:00:00,3943629.313232182,3475398.8137917244,3470595.45367916,3518990.4460543697,3569029.44141172,3632602.4141929527,3884189.44543442,5659779.053443576 
 04/12  12:00:00,2976227.190698033,2508886.7873908384,2520064.9769722605,2579706.875603677,2637908.477866852,2702688.3609705474,2877509.064373463,3625038.008884091 
 04/12  13:00:00,2258070.5979840653,1782927.8585011086,1799680.4496527056,1863476.178437597,1924435.8445740207,1986532.5801711122,2101848.658632464,2264890.7107771286 
 04/12  14:00:00,2089288.8797688487,1597637.8097234832,1610267.1754670502,1671496.7633027672,1730369.097377987,1790491.0927767311,1902822.0054375476,2134919.741410764 
 04/12  15:00:00,1869704.1541591026,1372662.4012811198,1388961.8625030692,1453881.814624349,1515817.4271670433,1573986.2724170075,1631428.54484891,1445909.844856712 
 04/12  16:00:00,2430474.7836189596,1906546.664344805,1910096.928537873,1967717.5984111223,2024584.2391254324,2082507.0640246968,2186783.9250140097,2577371.0519723957 
 04/12  17:00:00,4281857.585567655,3745968.5419582697,3709368.0015294477,3736199.9236698807,3770210.630165809,3823438.072053251,4094845.9093406615,7065964.554983975 
 04/12  18:00:00,4138359.142619444,3628907.0999354785,3608875.848258785,3645632.1990333004,3686640.6219899487,3745047.9262017296,4004591.8233654522,6531680.374705499 
 04/12  19:00:00,3776135.138827014,3290367.930251353,3292058.7882677466,3343349.588148094,3395011.05223717,3461282.0957557024,3712019.7146363715,5878328.17625994 
 04/12  20:00:00,4774522.5584727805,4261492.733496499,4230165.716073546,4257377.25053644,4291389.352449177,4350562.48108287,4673946.386285253,8030046.886466966 
 04/12  21:00:00,5683173.061890403,5177637.101854838,5132961.9922240265,5148856.448140417,5174474.593642301,5232533.4602540545,5617610.329897478,9893604.378372468 
 04/12  22:00:00,6691372.960214846,6213821.8086539395,6164955.129213445,6175258.232922684,6196803.627579856,6257924.977907316,6717656.6973345075,12080995.245123409 
 04/12  23:00:00,7801824.395768087,7363214.196502329,7313917.665414993,7320813.551979688,7339922.708317043,7405351.179047216,7938149.770728912,14331739.906475116 
 04/12  24:00:00,8415183.454877654,8009483.560215943,7961443.873554299,7966368.361759544,7984038.484770503,8052825.283143174,8631951.856028596,15576532.90467161 
 04/13  01:00:00,9014685.82205262,8639839.88690713,8592081.259523619,8594522.77032913,8610381.26298885,8681893.079650195,9304277.719515283,16750993.923851449 
 04/13  02:00:00,9869990.111575956,9534932.476689622,9490051.205218866,9491583.939398933,9506831.788788933,9582171.279442923,10252402.554897489,18315604.539636705 
 04/13  03:00:00,10496809.643745724,10202521.909782453,10163519.856847329,10166220.213511348,10182290.317014368,10261709.327266436,10968325.919340659,19433692.53405585 
 04/13  04:00:00,11077357.19252611,10822690.997395072,10790398.72047056,10795065.135390988,10812540.921239048,10895963.334088068,11633180.174516916,20414598.547247987 
 04/13  05:00:00,11704330.688379077,11488605.282742878,11461729.406774264,11467397.332556037,11485513.069759516,11572484.930483123,12345970.455678714,21597486.955216285 
 04/13  06:00:00,11914530.163278341,11724521.078725293,11700425.265938215,11705747.294241069,11723453.463463327,11812473.793862116,12610204.305463603,22133209.33828405 
 04/13  07:00:00,11641295.152268652,11471029.094878027,11455069.278331818,11464328.371445507,11484794.236562999,11576475.892506989,12368197.50590048,21565373.77093822 
 04/13  08:00:00,10062761.76833768,9883730.520094987,9896382.837786296,9928051.475841314,9965627.372759424,10063991.662456922,10746522.19202733,17715346.002761345 
 04/13  09:00:00,6722512.503217673,6416275.165209912,6438752.559342512,6487517.096949048,6538919.427843521,6627425.796047368,7008231.624716643,9235639.042485861 
 04/13  10:00:00,4209365.940019455,3867879.8702472877,3940252.8283056323,4032424.9662539056,4116162.421877604,4205432.8147599045,4303570.742456228,3871232.995634308 
 04/13  11:00:00,3073348.613086427,2745211.100249419,2854128.7484285757,2976804.912115217,3083037.2880289783,3172266.325720007,3125442.9743500035,1405312.3562984518 
 04/13  12:00:00,2013815.775234181,1647413.3132369157,1729263.440112224,1837218.5027688511,1929980.0397261293,1988396.650865572,1807766.818716547,0.0 
 04/13  13:00:00,1350711.1009323227,930794.6940003182,999542.7462142324,1117914.831562787,1217298.245658404,1258643.8737885968,765563.7909435581,0.0 
 04/13  14:00:00,432937.64691328834,76877.82667868596,104181.20337042784,175874.50215150893,255762.55385461118,280974.5288608916,10153.223448866629,0.0 
 04/13  15:00:00,7540.8238230491415,0.0,0.0,0.0,0.0,0.0,0.0,0.0 
 04/13  16:00:00,371247.84258313884,0.0,0.0,0.0,11629.698561409896,0.0,0.0,0.0 
 04/13  17:00:00,230454.0694383075,0.0,0.0,0.0,0.0,0.0,0.0,0.0 
 04/13  18:00:00,444520.7981420739,0.0,0.0,68704.37247294467,186129.29668341967,163131.72590349714,0.0,0.0 
 04/13  19:00:00,353293.48535352474,0.0,0.0,0.0,23302.97278317012,21187.367719113536,0.0,0.0 
 04/13  20:00:00,4549268.275178018,3908806.2486359756,3866425.5769900857,3926486.4313123194,3966541.59814039,3946676.4895664183,3755659.483397983,6033313.051244857 
 04/13  21:00:00,6538249.510954753,5820388.788902099,5773889.81931145,5833351.439853071,5884983.5915143,5868203.234289464,5849544.8244699575,9994365.741636347 
 04/13  22:00:00,7677067.147723751,7002226.939297363,6956728.360391261,7015641.736632537,7066838.561657929,7062460.170598232,7133293.623622486,12266362.387585951 
 04/13  23:00:00,8021234.311539057,7395989.557951776,7352843.537111963,7407328.922094624,7455790.306447807,7462789.239048412,7621048.456951295,13138825.1295863 
 04/13  24:00:00,8129155.1306177685,7551496.840759171,7511214.7332419455,7560928.861148679,7606556.5535114035,7624008.12162758,7849459.524584172,13412631.05434845 
 04/14  01:00:00,8583735.53089958,8061222.342242468,8025297.789430792,8070923.830528373,8114146.82544308,8141988.876966925,8442553.289176194,14351992.67556267 
 04/14  02:00:00,8910699.029490426,8439723.150520839,8409564.491505103,8452565.854165755,8494367.207744393,8531840.635279745,8893816.298315875,15016636.411605656 
 04/14  03:00:00,9195771.002235837,8763916.485850664,8732654.56159247,8768574.307483103,8805540.990002345,8849852.826956734,9280479.99529822,15908681.657082994 
 04/14  04:00:00,9625954.904588085,9230070.787781896,9195523.087511862,9223256.537151644,9254546.532446424,9304837.039488936,9811341.523643188,17192907.1093524 
 04/14  05:00:00,9892946.347889747,9533185.135859407,9499135.724178808,9521777.016953658,9549584.86210675,9605892.411060292,10170341.6461362,18010851.06733766 
 04/14  06:00:00,10000155.334256122,9670042.039656097,9637358.888135217,9656340.858134838,9681673.563848352,9743115.982344598,10349276.214813014,18421660.66602939 
 04/14  07:00:00,10046961.480244406,9746523.03471694,9719275.445386786,9738029.89409504,9763452.513332402,9830616.891451184,10462782.56614794,18517241.064622723 
 04/14  08:00:00,9306769.795784332,9005089.367694657,8989173.683013866,9014552.27996332,9045308.941647064,9116142.410763953,9688287.784744965,16255195.866565956 
 04/14  09:00:00,6559905.160703076,6143089.18151189,6121274.986702155,6146689.4716772195,6177112.513072526,6230368.1400375115,6518045.606609971,8525134.224789498 
 04/14  10:00:00,4414490.412100834,3897690.184807446,3865912.177702142,3888927.495215124,3916410.710817502,3944585.0854657535,3944995.96982503,3346826.169434817 
 04/14  11:00:00,2789810.4617606355,2244951.716705649,2225491.1653664922,2258418.696239032,2292113.383583575,2305840.746652932,2185633.503744404,149131.08909605074 
 04/14  12:00:00,2168479.034522131,1666552.460352093,1686502.1629110822,1747047.575854727,1802634.1296665703,1823923.9716753026,1627727.570582762,0.0 
 04/14  13:00:00,1799562.7362411355,1358019.5335040144,1408891.7364732013,1497905.5885073426,1571918.1633201793,1601720.4435585765,1346790.0021315583,0.0 
 04/14  14:00:00,2369427.6160531268,1901107.7659670324,1946832.9441356184,2035959.400566289,2115094.262642232,2147558.1016854877,1946895.8247581979,518034.49471157655 
 04/14  15:00:00,2750934.6525867176,2272633.794755953,2324501.446685019,2421604.823055347,2505911.675491679,2548422.8899856694,2390071.3338381336,1504456.5223023705 
 04/14  16:00:00,2974008.3674938404,2490580.5970716057,2543649.6417849865,2642117.011281253,2727394.2636947585,2773758.3404720775,2651096.666274723,1940003.8242200508 
 04/14  17:00:00,3036682.269079334,2552642.4723326173,2605670.647480471,2703899.566507469,2788950.833979472,2838183.5949473823,2747786.9630294666,2200628.7038318887 
 04/14  18:00:00,3062822.9084342793,2569654.354399863,2617811.6511660554,2711272.648876888,2792156.55035315,2843205.96621405,2807675.3615743713,2739826.1390391868 
 04/14  19:00:00,3608558.439092377,3102866.7933745007,3142860.138080499,3227280.79786765,3302793.5170985702,3360646.646587,3443598.351647705,4832453.311322922 
 04/14  20:00:00,5279039.089449854,4740357.553107415,4728323.97588785,4778243.788215704,4827495.709880857,4875598.337922237,5080399.209950311,8331309.472461339 
 04/14  21:00:00,6703301.927307089,6207438.513972206,6186932.94620296,6227645.166249897,6270698.0527394265,6322666.754833983,6617427.695658598,10978544.111101598 
 04/14  22:00:00,7360510.604828583,6903134.187176534,6882628.137986839,6919856.346173878,6960584.863371197,7017033.020795485,7366869.545004886,12202828.635227872 
 04/14  23:00:00,7570973.194974985,7137979.047076485,7116652.948060367,7150150.049094705,7188145.330621758,7247310.507123245,7631708.175607421,12621020.850306932 
 04/14  24:00:00,7561696.969999154,7142609.162764839,7119367.770227645,7148556.188567975,7183135.057655116,7244216.81536329,7662825.028544327,12861807.11034569 
 04/15  01:00:00,7664209.811466779,7252726.679922352,7222987.884333172,7244862.943729509,7273754.60858672,7336054.883593583,7809305.60282263,13658198.825490905 
 04/15  02:00:00,7823041.808273947,7428898.309940227,7396641.337558359,7414035.244949006,7439582.438115236,7504149.084479522,8018099.872450219,14272200.294874638 
 04/15  03:00:00,7775164.962978263,7395163.167624818,7363313.200011816,7378882.748565342,7403109.913154162,7469671.384381359,7999137.193122771,14199853.712048613 
 04/15  04:00:00,8062979.9002043195,7703720.5226136185,7675416.628121804,7691580.158436897,7716355.227264091,7785942.623301537,8330271.088979035,14533117.208012516 
 04/15  05:00:00,8245952.779772046,7907279.318604561,7882431.806276873,7899115.33330825,7924327.130958037,7996436.762455073,8553962.614563584,14768545.620392794 
 04/15  06:00:00,8137271.398010634,7811780.029624797,7789523.678006886,7806572.689157786,7832171.388714159,7905534.616302603,8456088.139535405,14386596.703713413 
 04/15  07:00:00,8179542.922959503,7868740.800846608,7847717.69517775,7864546.604511243,7890206.300287254,7963928.129820462,8508204.73799268,14249072.581205666 
 04/15  08:00:00,8066175.736595763,7763047.719318275,7742709.845148418,7758922.869977709,7784085.36753365,7858186.872303076,8403814.778959723,14108991.274181865 
 04/15  09:00:00,6707113.459715142,6460825.572567994,6500537.746481199,6557213.658667274,6611356.983236431,6702310.63805657,7173575.575050138,11336089.075277952 
 04/15  10:00:00,4916969.061617727,4742556.885440137,4870469.487663012,4990818.137864653,5091941.176115339,5207999.849126254,5541480.846662826,7292704.562518774 
 04/15  11:00:00,4473305.612329563,4288289.053419003,4428688.1148146335,4560105.145032255,4669365.639834889,4785827.508128752,5053570.8521788325,6077652.409012894 
 04/15  12:00:00,3077920.7834654227,2894800.527290889,3073023.2195675345,3235330.6928204214,3366793.8954210114,3481823.7680935855,3540456.4013592014,2855653.355058699 
 04/15  13:00:00,5594282.92882806,5320956.918885075,5407916.376445776,5503787.757141037,5585570.299553153,5679428.099639608,5966210.246956015,8438195.487718508 
 04/15  14:00:00,5019533.914806576,4779964.674252396,4890342.564554658,5003983.735926705,5099802.767096408,5200582.847980375,5447735.021982161,7383331.288689492 
 04/15  15:00:00,3814803.5405596034,3604555.9368920038,3765929.27890578,3917623.8533627926,4042282.2590470347,4158422.0394461732,4329607.381961149,4675880.969243931 
 04/15  16:00:00,4540995.509512423,4327207.556183515,4477792.997288398,4620327.829222723,4736415.438282767,4849913.349258826,5082558.062355435,6376216.237177841 
 04/15  17:00:00,5491678.943411576,5226484.563925926,5335127.674846924,5448859.45540953,5544001.623665086,5646706.827068256,5944193.817458292,8383574.751701502 
 04/15  18:00:00,5844753.878441943,5548062.7894534655,5632267.824457899,5729481.501621676,5812809.084666639,5909275.220935847,6237324.849380024,9189904.53212178 
 04/15  19:00:00,6116709.885721182,5803849.76251553,5869008.500374361,5952404.140949909,6025658.480829884,6118034.949150922,6489359.489152822,10123749.632529587 
 04/15  20:00:00,6883436.053386891,6529804.455413244,6552515.47885845,6605903.395724588,6657380.274571148,6738320.2805374,7165396.412040348,11774530.441276224 
 04/15  21:00:00,7224368.792738605,6861505.717389264,6866934.0628829235,6907453.920322912,6949639.97880754,7026550.7691669455,7484558.371688002,12521159.634598602 
 04/15  22:00:00,7484123.54426873,7121584.930335222,7116313.341933489,7148362.034406251,7184510.9887895305,7259818.375699751,7746893.213740549,13144959.077652846 
 04/15  23:00:00,7698807.62114968,7346566.16891639,7337541.5751600405,7365730.512124022,7399141.176744105,7474664.667591529,7981921.4021364795,13564293.248418193 
 04/15  24:00:00,7853669.601025403,7512604.447004968,7501541.781339262,7527053.288813985,7558541.528549511,7634465.472074744,8157612.001215706,13867537.269833865 
 04/16  01:00:00,8013147.499753796,7675166.503871204,7657429.692741349,7677260.520666119,7704652.2345683705,7779628.504142922,8323890.9050844535,14294993.320789851 
 04/16  02:00:00,8261008.502927827,7927109.286745377,7902589.322100553,7916649.5822454635,7939904.71306514,8014147.80809787,8582715.46902763,14882627.52304963 
 04/16  03:00:00,8461674.447711999,8136961.894751123,8109599.518754326,8120553.384464651,8141595.077963595,8216124.420758414,8802455.064368363,15298469.136151616 
 04/16  04:00:00,8697248.522348378,8381132.096861263,8350154.328436891,8357462.209413225,8375880.481262864,8450438.193646323,9057566.068857674,15817433.846750451 
 04/16  05:00:00,8985475.278903859,8680689.20048498,8647155.759673735,8651409.772011634,8667600.550535886,8742648.954750318,9373664.567758027,16467620.99638167 
 04/16  06:00:00,9385257.11665104,9096026.42715116,9060940.34833074,9062706.374693315,9077086.983151799,9153230.706015654,9812955.296381775,17313812.848323558 
 04/16  07:00:00,9695177.072963463,9432580.552865623,9404582.89467847,9409720.352305314,9426642.246718312,9506437.012354229,10180787.287599677,17780969.796290465 
 04/16  08:00:00,8930836.903140312,8731562.085589333,8754577.73329703,8794045.782306578,8836112.041727986,8931911.86851431,9556495.01679544,15928522.296997026 
 04/16  09:00:00,6660476.523030677,6533275.737165185,6653281.796917826,6762743.692322751,6856615.190184121,6981743.608010632,7465855.458108165,11034966.136944313 
 04/16  10:00:00,5217825.352435555,5099721.282653896,5261868.091116801,5403941.884221344,5521679.3439814355,5654408.252054644,6007570.771982945,7646565.431861445 
 04/16  11:00:00,4502405.405299785,4364243.1973528145,4534054.676583409,4684049.097149312,4807203.356884733,4936288.702509653,5203819.995759342,5931770.146911979 
 04/16  12:00:00,3717257.47372174,3538317.4983899314,3706091.115536251,3861565.8230338665,3989431.8639716147,4112242.601478346,4269754.274437573,4116663.652926362 
 04/16  13:00:00,3337918.7735097,3133514.18219817,3297298.296083404,3453810.4475425296,3582371.673804109,3699450.418306771,3802581.035938559,3402855.0595850265 
 04/16  14:00:00,2995165.493491761,2779367.9441599916,2949334.066629685,3111836.79482631,3244715.6545681194,3360858.4233501144,3439444.5159471473,2968554.121645192 
 04/16  15:00:00,3108162.7221697792,2880605.6789533123,3053957.031794456,3217250.0544341896,3349337.978812742,3465157.4902991243,3573800.0285280882,3383118.932972974 
 04/16  16:00:00,3613409.0412500794,3366314.842821068,3525010.2964640055,3677188.3429458966,3800320.6454512794,3912221.97925098,4070631.749412815,4600473.001556067 
 04/16  17:00:00,4309481.645111312,4031891.997788509,4164172.146822633,4297576.986139686,4406668.364466618,4512072.4035118185,4728915.266994476,6197962.038345885 
 04/16  18:00:00,4944624.836061052,4650690.682719486,4763577.772840336,4883057.746294176,4981987.774248061,5083613.943608796,5351647.802753378,7618646.153031482 
 04/16  19:00:00,5062446.6648516795,4795354.983276164,4922535.951888581,5051347.706030339,5157595.554829063,5269466.883001366,5598200.03942885,8627624.688653395 
 04/16  20:00:00,6344205.820302247,6003008.842640253,6064572.933573579,6148274.62871052,6221904.992939758,6315647.385973779,6715567.920974327,11023695.253199361 
 04/16  21:00:00,7134701.754287179,6763407.364806101,6787511.611206691,6844239.855859222,6898193.314343061,6980453.721862275,7412996.85364332,12231713.299396494 
 04/16  22:00:00,7438109.580772188,7079137.425202267,7096824.907455025,7147504.202942889,7197148.545467262,7279126.548115094,7739606.358098751,12827338.901369026 
 04/16  23:00:00,7641697.428713637,7293461.318948591,7305749.199109597,7351204.67819725,7397115.962376582,7478725.142895971,7960634.292713851,13238028.114416817 
 04/16  24:00:00,7829727.6630978305,7487956.835115834,7492602.696365017,7531376.49599872,7572498.839760663,7652949.373531693,8157206.410222597,13668710.762062551 
 04/17  01:00:00,8061839.681092552,7720300.327048302,7713616.696508388,7743321.788658582,7777937.0546032665,7856324.660731221,8389070.351536164,14285794.199821686 
 04/17  02:00:00,8284732.463239508,7944231.7096553175,7927320.053910724,7948729.375476317,7977389.537978733,8053984.675946962,8613439.728558866,14873869.458092768 
 04/17  03:00:00,8497140.10157805,8165719.6326588765,8143816.30339024,8160386.16424524,8185581.333838282,8261885.97896068,8842400.350933062,15337510.587001633 
 04/17  04:00:00,8646728.810863849,8327449.551008437,8304064.994758638,8318283.468615203,8341792.792643223,8418561.514738364,9013258.671135949,15622053.832910068 
 04/17  05:00:00,8760812.724042064,8452262.118989643,8427799.030135695,8440057.654697653,8462147.198307507,8539275.12765865,9145356.676449582,15841276.305332849 
 04/17  06:00:00,8922774.522119522,8623547.917429136,8597340.877237977,8607289.032034814,8627713.472702948,8705033.943191655,9324028.936882365,16158880.404245634 
 04/17  07:00:00,8849955.175964534,8564025.776486946,8541052.92147958,8552048.404849244,8573210.93576411,8651868.950445343,9271672.879197486,15990962.614571813 
 04/17  08:00:00,8207895.72714038,7953134.252873993,7956066.634936756,7984025.679775788,8017417.62814053,8103122.074774871,8685302.877341975,14564195.24342588 
 04/17  09:00:00,6696442.994436709,6498857.265935499,6567262.293177548,6641353.334138076,6708527.8906256575,6812481.276348245,7292797.121966034,11192777.296123939 
 04/17  10:00:00,4525765.7972502075,4357973.204484179,4502487.237702426,4635619.972282081,4747166.6468959665,4872021.276358763,5189041.871289129,6513512.453684724 
 04/17  11:00:00,3368573.6413097787,3157790.6628256477,3306119.2092541824,3446917.7500596507,3564036.1871921606,3680728.53551491,3843449.3273472893,3780311.6462032665 
 04/17  12:00:00,2550198.632660299,2299460.5971368714,2445500.2983636325,2590718.30046329,2710787.8487774115,2814317.692268304,2846324.5916978214,2070945.3398020912 
 04/17  13:00:00,2402604.49659773,2117523.4074389404,2251534.541194,2388856.695494972,2504865.22272522,2603216.3116346127,2626244.1052670996,1919124.5853028204 
 04/17  14:00:00,1830072.447093253,1549720.299458527,1694386.8563371783,1840325.5929386828,1959743.939646738,2054912.7568239262,2038040.4202996974,1181779.4317701294 
 04/17  15:00:00,1273167.4249178658,991701.8514516051,1137809.281336599,1289190.2746647568,1412875.1586104205,1504943.012364705,1457910.3747165864,373860.8104721003 
 04/17  16:00:00,699279.3937927142,445073.4684134936,577374.439299728,722001.4457220458,844334.9369755655,932823.3721241923,883932.4386272988,0.0 
 04/17  17:00:00,428412.05613433704,166939.07637962548,280373.79587638134,421947.5957156639,536783.2187188411,617530.1151451771,571157.4189533233,0.0 
 04/17  18:00:00,38661.75294848654,0.0,0.0,34306.03129876836,101247.34618020302,190051.68593482522,176078.12920818105,0.0 
 04/17  19:00:00,350176.53556339064,84725.74650163588,144681.81293608504,257521.957875941,388408.0936889921,483242.51257677097,570947.3826954461,1300994.2202977808 
 04/17  20:00:00,2950597.8595513795,2360996.7437195447,2382482.4966947376,2478566.3074586135,2563080.375121758,2639296.4741519345,2847283.452223953,5543635.574463668 
 04/17  21:00:00,4500291.2602333585,3866327.4183660955,3854818.872633638,3916760.117745484,3974908.95662859,4038553.0732185626,4309462.722121015,7928131.906485215 
 04/17  22:00:00,5194344.370010047,4579003.2445301525,4558955.422070275,4612232.943804247,4664366.686996965,4729580.417706482,5057676.9784108745,9265287.130694985 
 04/17  23:00:00,5835862.002611074,5245654.325277037,5217929.188063849,5262471.518436683,5308524.466188835,5375070.999396569,5757515.987420869,10533064.477989756 
 04/17  24:00:00,6584451.013972921,6026206.349731357,5991913.092895909,6027987.989973263,6068096.156070771,6136304.1534338845,6578414.177554368,12046219.80672858 
 04/18  01:00:00,7306307.827390054,6785494.845572496,6746874.23695901,6775614.422486274,6810518.222364541,6880812.441012236,7380993.388686647,13532833.247745719 
 04/18  02:00:00,7977653.972186722,7499673.429125752,7461343.530087075,7485975.556662613,7517987.209911446,7591293.237784697,8140668.7028010795,14825258.359403042 
 04/18  03:00:00,8699415.486033143,8268234.485707838,8231964.299746612,8253554.296826822,8283395.447962852,8360196.018233401,8959378.431665806,16205618.287446367 
 04/18  04:00:00,9190032.453575663,8799245.150368614,8765168.32460765,8784223.175116817,8812205.595832003,8891805.2769948,9529728.699574243,17182806.831099108 
 04/18  05:00:00,9435610.673021853,9077588.373996004,9045142.451327093,9061656.25259597,9087686.31130635,9169198.073245274,9836412.869812261,17757305.741210163 
 04/18  06:00:00,9701119.71692269,9373938.638905006,9343009.944859918,9357099.107982898,9381231.271822978,9464701.84961097,10162917.510065949,18412181.80884549 
 04/18  07:00:00,9794243.734957237,9496101.167320454,9471508.204195166,9487201.446901007,9512534.44737186,9599007.5425741,10306818.963747371,18490345.866761062 
 04/18  08:00:00,8323714.7695405185,8031401.21189219,8038405.594133281,8077475.5516963955,8120782.782206599,8215108.273514152,8815622.597242154,14785176.088190138 
 04/18  09:00:00,5206723.724458399,4848357.730459183,4891699.951662814,4965928.762190083,5037255.883062034,5133645.63944377,5451251.942026937,7022625.841277111 
 04/18  10:00:00,2967699.0620182566,2556662.265190201,2627723.442312055,2727574.322567301,2817696.1840295494,2901424.168166891,2917543.7863022,1710851.9198996117 
 04/18  11:00:00,1616518.4611013392,1190262.1476282584,1239578.1005770883,1336027.2762033916,1420548.7842182221,1478449.4025608015,1316339.8129956464,0.0 
 04/18  12:00:00,282736.1190589072,42667.02341460477,51226.69649025629,88175.73404546856,120743.57893813576,135511.56891343708,19444.991078376188,0.0 
 04/18  13:00:00,0.0,0.0,0.0,0.0,0.0,0.0,0.0,0.0 
 04/18  14:00:00,0.0,0.0,0.0,0.0,0.0,0.0,0.0,0.0 
 04/18  15:00:00,0.0,0.0,0.0,0.0,0.0,0.0,0.0,0.0 
 04/18  16:00:00,0.0,0.0,0.0,0.0,0.0,0.0,0.0,0.0 
 04/18  17:00:00,0.0,0.0,0.0,0.0,0.0,0.0,0.0,0.0 
 04/18  18:00:00,0.0,0.0,0.0,0.0,0.0,0.0,0.0,0.0 
 04/18  19:00:00,0.0,0.0,0.0,0.0,0.0,0.0,0.0,0.0 
 04/18  20:00:00,108815.22447460014,0.0,0.0,0.0,0.0,0.0,0.0,0.0 
 04/18  21:00:00,1676139.2850624165,256588.2472347643,99871.79564447142,97031.37827158207,101771.08911851101,0.0,0.0,0.0 
 04/18  22:00:00,2857731.8242384708,1419784.4958936113,1179006.7702094559,1182232.6081054374,1193395.19827668,1073795.3885895535,456195.12435173534,2271113.3016279666 
 04/18  23:00:00,3771069.1032132707,2501931.3260935307,2267949.361173061,2269094.0976808183,2277605.0052438616,2156605.0003302475,1813522.0603494847,5019430.522463583 
 04/18  24:00:00,4698860.320644333,3622552.5101618147,3409983.8211494144,3407410.498591637,3414053.8614249267,3319327.5209646644,3159795.0121560236,7326722.998113218 
 04/19  01:00:00,5671362.277537957,4718138.38373273,4531528.904733121,4525829.42786764,4530762.988656501,4463761.149103232,4466373.553321971,9360715.696051994 
 04/19  02:00:00,6542375.419036771,5626686.1582332915,5469648.791127911,5462584.4578034235,5466597.306261974,5428971.564983962,5596797.235654948,11379860.612499896 
 04/19  03:00:00,7313248.333724672,6452156.624389737,6296001.380917737,6290623.782923165,6297135.400251942,6271733.466632776,6557391.26212392,13414831.24847158 
 04/19  04:00:00,8120088.5835079085,7337000.062044434,7190662.564914182,7186088.708642489,7194177.352012778,7183080.709885651,7558258.0892392015,15250378.501812492 
 04/19  05:00:00,8888297.243812127,8187445.212177504,8052774.688138409,8047627.47510863,8055908.104179031,8059373.907094689,8526683.290834619,16941191.806198504 
 04/19  06:00:00,9514569.151206996,8896993.310184572,8776989.133120187,8772770.223729013,8782229.421743928,8800778.015037417,9355570.368117854,18429371.869239636 
 04/19  07:00:00,9752664.899508389,9202058.174966017,9098698.320921768,9097618.818659253,9109770.096611435,9140599.34390506,9724191.401116678,18415680.070679836 
 04/19  08:00:00,7704935.740665964,7129118.317837932,7036572.21473838,7038233.572643009,7052101.63566004,7080598.979927549,7490922.770535439,12485751.454809029 
 04/19  09:00:00,3988894.8764980524,3315282.502492555,3224999.1100001973,3227149.30893792,3239906.934947212,3248256.4738832517,3322966.273417056,3748892.515320404 
 04/19  10:00:00,1119707.310938483,559536.9128989391,496420.35405411443,498699.8915084071,508672.175166523,503518.959606369,443746.3747279733,0.0 
 04/19  11:00:00,0.0,0.0,0.0,0.0,0.0,0.0,0.0,0.0 
 04/19  12:00:00,0.0,0.0,0.0,0.0,0.0,0.0,0.0,0.0 
 04/19  13:00:00,0.0,0.0,0.0,0.0,0.0,0.0,0.0,0.0 
 04/19  14:00:00,0.0,0.0,0.0,0.0,0.0,0.0,0.0,0.0 
 04/19  15:00:00,0.0,0.0,0.0,0.0,0.0,0.0,0.0,0.0 
 04/19  16:00:00,0.0,0.0,0.0,0.0,0.0,0.0,0.0,0.0 
 04/19  17:00:00,0.0,0.0,0.0,0.0,0.0,0.0,0.0,0.0 
 04/19  18:00:00,0.0,0.0,0.0,0.0,0.0,0.0,0.0,0.0 
 04/19  19:00:00,0.0,0.0,0.0,0.0,0.0,0.0,0.0,0.0 
 04/19  20:00:00,0.0,0.0,0.0,0.0,0.0,0.0,0.0,0.0 
 04/19  21:00:00,0.0,0.0,0.0,0.0,0.0,0.0,0.0,0.0 
 04/19  22:00:00,1285100.842253394,0.0,0.0,0.0,0.0,0.0,0.0,0.0 
 04/19  23:00:00,2715374.487339582,792912.6785093845,361170.7837780996,296232.0294373189,270526.79528033186,140549.48950655237,0.0,1539194.40207773 
 04/19  24:00:00,4036504.5729769752,2345721.7440022756,1948557.993852445,1878486.8802164753,1837327.3916760476,1625129.00230979,1118786.228295893,4903168.774130245 
 04/20  01:00:00,5132810.645900645,3680085.804033712,3310116.532124294,3247640.9979115007,3212019.6103128507,3050891.1541352337,2833151.9616176886,7762310.51295678 
 04/20  02:00:00,6077660.185556067,4877404.242055059,4553718.928628424,4495718.468419657,4464054.877828353,4340022.071475638,4326062.658211302,10269035.240902727 
 04/20  03:00:00,6995252.182729643,5936278.216094726,5662163.69557347,5609663.331349061,5582468.2516108295,5495257.1668177545,5647537.226610582,12208396.56887172 
 04/20  04:00:00,7728040.157576925,6716732.505862117,6492795.396109521,6449897.267528018,6430026.5351565955,6380895.308132494,6665618.731930076,13605426.812079825 
 04/20  05:00:00,8360383.784983965,7418197.587865256,7192509.614837509,7149802.4809648525,7131058.557223618,7094290.905383825,7470644.018761904,15007678.15493652 
 04/20  06:00:00,8765524.03385792,7909479.967277259,7697173.027869763,7655552.606957646,7638313.2346971305,7613679.380196036,8054364.09895937,16040989.142796934 
 04/20  07:00:00,8764144.266064541,7999881.169767837,7814051.077995911,7780586.763637845,7769836.977753992,7761868.986405182,8244350.657201342,16065205.944108505 
 04/20  08:00:00,7271649.790873408,6604313.499153828,6486395.125518419,6491556.535954134,6510209.091630051,6529640.5974075375,6939683.880203177,12439774.554427633 
 04/20  09:00:00,4342936.52181758,3697983.183222855,3646977.427262152,3694789.977049596,3746682.196442042,3784334.847651291,3954406.086217072,5281038.3099793615 
 04/20  10:00:00,2341844.8712820187,1751366.7882434397,1742102.9456793854,1811740.582005863,1881418.0160400444,1919365.3319790042,1875308.539186101,832692.298316557 
 04/20  11:00:00,810440.7893654979,241630.44309087563,229346.47541868326,287240.52254820714,344159.591862472,366349.5635411324,193975.03355289664,0.0 
 04/20  12:00:00,93422.50698192656,0.0,0.0,0.0,0.0,0.0,0.0,0.0 
 04/20  13:00:00,0.0,0.0,0.0,0.0,0.0,0.0,0.0,0.0 
 04/20  14:00:00,0.0,0.0,0.0,0.0,0.0,0.0,0.0,0.0 
 04/20  15:00:00,0.0,0.0,0.0,0.0,0.0,0.0,0.0,0.0 
 04/20  16:00:00,0.0,0.0,0.0,0.0,0.0,0.0,0.0,0.0 
 04/20  17:00:00,0.0,0.0,0.0,0.0,0.0,0.0,0.0,0.0 
 04/20  18:00:00,0.0,0.0,0.0,0.0,0.0,0.0,0.0,0.0 
 04/20  19:00:00,0.0,0.0,0.0,0.0,0.0,0.0,0.0,0.0 
 04/20  20:00:00,2174807.918890013,1183806.6463019147,1075541.1613505844,1092775.8783465761,1107531.7774480458,1019146.3352357444,587198.7153801587,1085649.8596282837 
 04/20  21:00:00,4134446.646383747,2940524.098527104,2741496.595119052,2769361.278769249,2792944.30692022,2648239.4651709343,2098975.451472332,4124351.8023709487 
 04/20  22:00:00,4710478.976425277,3688796.5529445778,3504337.5116452016,3521032.04329621,3537501.843448141,3422106.992192872,3093579.7412036546,6160838.398000077 
 04/20  23:00:00,5431352.957429068,4494232.454634087,4331162.899736694,4339470.411977782,4350605.497282332,4265644.84478087,4120895.4330923776,8111516.365493024 
 04/20  24:00:00,6442470.260796389,5529157.423877113,5381734.947657143,5385186.464189282,5393518.714635501,5334869.666980703,5372901.451841367,10339527.332636919 
 04/21  01:00:00,7225854.27789892,6370915.575118061,6222526.1314218445,6225951.292780798,6235781.971030529,6185726.988133568,6319402.8935413435,12080462.261365375 
 04/21  02:00:00,7740315.885955893,6962889.807594141,6827210.634170394,6832055.669216078,6843835.935378766,6810267.780167187,7025847.404681797,13326699.977718238 
 04/21  03:00:00,8112473.988930249,7411359.385021666,7290891.711843116,7297586.008829711,7311507.990394582,7294715.716543637,7587453.932903945,14188082.39406613 
 04/21  04:00:00,8399352.164161751,7765597.978567415,7656868.7185709085,7662805.288517205,7676816.396545427,7674836.405356587,8043119.663059065,14997482.331628574 
 04/21  05:00:00,8810355.253071032,8241452.55021104,8144230.427719584,8149679.579563237,8163913.323405422,8175738.655729523,8614879.629459634,15939404.669465005 
 04/21  06:00:00,9396203.659506485,8888957.197104538,8800770.445490636,8804573.175443657,8818211.762038562,8842113.747323653,9348568.801026877,17101189.330433775 
 04/21  07:00:00,9248997.053033225,8792046.42024261,8718365.321282871,8725429.693622783,8741967.825740468,8777080.04690245,9306994.856165096,16754779.19848239 
 04/21  08:00:00,7742633.33214358,7328588.18890963,7300597.294173056,7336248.302717179,7374914.856980168,7428317.028591145,7876245.924178277,13108896.334864616 
 04/21  09:00:00,5287002.046314144,4860882.63832448,4874277.237145921,4941025.902891378,5004535.415422795,5069943.733099023,5336601.629948783,7307635.384415569 
 04/21  10:00:00,3400908.9155965517,2966571.5715743694,3005193.628187063,3090780.8503209585,3169744.473333718,3235609.042992011,3316292.915094141,3312044.8802466737 
 04/21  11:00:00,1534118.8355146265,1154255.7702347608,1247384.019718734,1368210.304536535,1471411.7852477953,1539134.6867929825,1483568.5466265888,221880.40912667202 
 04/21  12:00:00,914731.5585691759,554386.5454420127,650291.9930851262,772627.6519813983,874211.2483642341,933189.9468020769,823260.0725785233,0.0 
 04/21  13:00:00,655842.3903387041,302435.8648388239,385604.6166193686,508946.4340268896,609705.41345042,662035.307111463,511066.3413571354,0.0 
 04/21  14:00:00,7472.446461905203,0.0,0.0,0.0,16772.57278276957,28048.127755732276,0.0,0.0 
 04/21  15:00:00,0.0,0.0,0.0,0.0,0.0,0.0,0.0,0.0 
 04/21  16:00:00,0.0,0.0,0.0,0.0,0.0,0.0,0.0,0.0 
 04/21  17:00:00,0.0,0.0,0.0,0.0,0.0,0.0,0.0,0.0 
 04/21  18:00:00,0.0,0.0,0.0,0.0,0.0,0.0,0.0,0.0 
 04/21  19:00:00,0.0,0.0,0.0,0.0,0.0,0.0,0.0,0.0 
 04/21  20:00:00,218504.81532111444,0.0,0.0,0.0,0.0,0.0,0.0,0.0 
 04/21  21:00:00,1247042.0027168687,277898.87413435214,251198.06684588548,344016.8055086615,438129.9450771301,472458.8254457733,392763.67972236336,1496647.2657267703 
 04/21  22:00:00,2010595.8785771655,1097198.7096193729,1045143.3588531582,1139942.180426164,1228785.7396454334,1260928.5025729432,1254911.3403008555,2996493.4647935648 
 04/21  23:00:00,2537088.6758670723,1705086.5672652202,1645268.8092923188,1722977.8753092308,1798014.6115716577,1831314.1189618427,1892673.4049479263,4029837.0157762193 
 04/21  24:00:00,2993981.0009987717,2196034.523112375,2136129.0531828636,2197035.697451439,2258340.6670261584,2293489.9539431385,2409352.4191869777,4758545.811355279 
 04/22  01:00:00,3441504.538987119,2640689.940594681,2580565.729120614,2637978.5454455367,2701482.6187253976,2742781.6349081667,2895345.1815314195,5515333.78371383 
 04/22  02:00:00,3738988.923206137,2952825.488152917,2888542.4519946817,2944024.1390188485,3005175.096930843,3050067.0824711346,3239114.7790415776,6088510.1758276485 
 04/22  03:00:00,3986210.14884313,3220179.577562829,3150772.5019210307,3199034.918382339,3254518.199957436,3301243.6545969015,3527375.695326254,6631526.279938673 
 04/22  04:00:00,4200953.349726087,3459851.4834443396,3386654.029130554,3427292.4668348613,3476781.1984367613,3525019.7871851763,3785431.0516137076,7120487.928997249 
 04/22  05:00:00,4340978.7155286865,3628515.101973283,3554276.033805055,3588646.539503521,3633050.8793357452,3682801.414651163,3970419.073323792,7443121.088206291 
 04/22  06:00:00,4447922.346757399,3767986.6860002256,3696379.1412466513,3727071.6893442553,3768279.290013795,3820144.245704457,4127222.480015572,7625031.581064962 
 04/22  07:00:00,4534767.053925769,3898810.8267123643,3837946.8223191183,3870207.530259434,3911972.3359037293,3967878.0690237796,4285216.262353442,7677872.766966876 
 04/22  08:00:00,4006960.7594372095,3443278.697505906,3419163.944229938,3470714.5141143897,3525731.1683457694,3591627.6030728817,3876802.7758737546,6449620.667175785 
 04/22  09:00:00,3136724.6833731583,2635493.7774625476,2650761.213886802,2724910.2467554305,2795669.6360189226,2870616.8104827143,3098223.5066873753,4629970.103212783 
 04/22  10:00:00,1853600.4216682124,1416018.5951404972,1473928.0759826826,1572863.275860752,1662416.4588398272,1742380.1178205104,1848821.4224728027,1967373.7958214653 
 04/22  11:00:00,1318175.5197263425,918413.3393489146,998876.688976717,1111242.433570893,1206927.8995165848,1283147.8951008585,1303497.9123073367,859753.9884927726 
 04/22  12:00:00,693362.5639844002,361906.33260651666,471690.80896741943,600883.6502040126,705517.1295984357,779908.0601810464,749269.2018012617,14871.71096655802 
 04/22  13:00:00,458527.77921310044,108971.5591470158,212990.22589544475,353732.7376804082,465110.813089172,534215.1015134412,438407.0928882182,0.0 
 04/22  14:00:00,865191.7496163617,514187.2525099607,580741.4392734529,686112.0827073217,768815.0376097257,818456.1439111305,746150.9126869191,452960.98981872486 
 04/22  15:00:00,226659.48281087622,0.0,0.0,44239.86099680333,151387.01724588027,220837.57063043013,56565.37294991868,0.0 
 04/22  16:00:00,236146.2427993145,0.0,0.0,30937.475691843436,90158.67641447985,125479.23978055915,24372.589942780905,0.0 
 04/22  17:00:00,0.0,0.0,0.0,0.0,0.0,0.0,0.0,0.0 
 04/22  18:00:00,0.0,0.0,0.0,0.0,0.0,0.0,0.0,0.0 
 04/22  19:00:00,377532.0386312975,0.0,0.0,0.0,0.0,20003.886584885186,0.0,0.0 
 04/22  20:00:00,1386532.70710214,689652.3329066143,667111.8103979665,726842.8866787639,786990.88421661,798878.4987397406,803229.4620400164,1619050.5079124356 
 04/22  21:00:00,2982794.4263332468,2233194.756158651,2185632.8780577183,2246863.1914788117,2310763.143795239,2347981.9073779727,2413287.057074512,4438941.50110456 
 04/22  22:00:00,3850824.929012914,3125738.4998641065,3078465.4503841233,3139851.113119917,3203629.750830395,3247071.1725746,3370696.4009837746,5908118.377202526 
 04/22  23:00:00,4295906.119004859,3597115.2919439003,3548033.1442312384,3604042.284660602,3663526.1034566327,3709874.5029841512,3876962.758992905,6670113.678887426 
 04/22  24:00:00,4608180.670626353,3939531.1696285084,3889556.5061297882,3939753.767312209,3994593.3370026504,4043396.9959882745,4250161.567808654,7273144.155793019 
 04/23  01:00:00,4839804.350041249,4201120.606619171,4150895.8725893116,4195533.180239334,4245891.556485694,4296715.651109918,4537661.077077119,7747306.702968709 
 04/23  02:00:00,5236426.009094303,4630451.612953367,4580797.39168817,4620480.472256928,4666842.891919377,4720059.376846538,4998554.4200670095,8487541.78036042 
 04/23  03:00:00,5685451.7012009425,5090996.05625128,5029354.6846374925,5055160.475965396,5090454.0646253005,5143544.7396281725,5506814.521273093,10160748.332819719 
 04/23  04:00:00,5973454.3375449125,5405926.861454895,5341516.659697383,5360179.531777297,5389844.375248559,5444956.971288832,5859456.456060166,11066391.060081871 
 04/23  05:00:00,6546687.687009163,6013760.130431678,5950490.529892986,5965130.91613545,5991638.208992399,6050178.980425581,6511353.377475306,12167001.673892152 
 04/23  06:00:00,7165794.341717353,6673770.324171565,6616621.735139175,6631032.080819883,6657236.958163906,6720283.645680506,7217023.070143468,13147146.112711873 
 04/23  07:00:00,7411698.883082412,6962862.363878856,6920683.396777878,6941579.37493229,6972445.502370652,7041438.234372364,7540440.57290944,13152649.701207744 
 04/23  08:00:00,6221413.455661656,5803619.068052093,5802443.322697198,5851585.420840657,5903798.713818662,5983726.2535026185,6378622.39663598,9891935.637111224 
 04/23  09:00:00,3163927.896900945,2725011.970370388,2775624.703275894,2868112.352858597,2951957.5382502885,3041092.731901161,3197632.9707200406,3569780.187278909 
 04/23  10:00:00,529397.0097370634,313011.4574777734,355820.4204753347,433129.8319234222,506071.1409593132,574370.2097193382,560949.3835358603,65615.15836722247 
 04/23  11:00:00,0.0,0.0,0.0,0.0,0.0,0.0,0.0,0.0 
 04/23  12:00:00,0.0,0.0,0.0,0.0,0.0,0.0,0.0,0.0 
 04/23  13:00:00,0.0,0.0,0.0,0.0,0.0,0.0,0.0,0.0 
 04/23  14:00:00,0.0,0.0,0.0,0.0,0.0,0.0,0.0,0.0 
 04/23  15:00:00,0.0,0.0,0.0,0.0,0.0,0.0,0.0,0.0 
 04/23  16:00:00,0.0,0.0,0.0,0.0,0.0,0.0,0.0,0.0 
 04/23  17:00:00,0.0,0.0,0.0,0.0,0.0,0.0,0.0,0.0 
 04/23  18:00:00,1756965.0205035766,673473.4915167064,634094.8881726406,743172.9210271311,817278.3568621016,808605.6441778026,497921.87081347813,650714.1350112506 
 04/23  19:00:00,2838333.1379687507,1801210.7972530038,1753837.8824062543,1873348.2634972576,1977528.9783559055,1969069.7764574494,1703732.536102657,2788206.863650175 
 04/23  20:00:00,3202548.375320627,2268630.6303868345,2206551.426575758,2300242.823371351,2384273.610799131,2380810.6882110313,2239681.2384076025,4168555.0257402146 
 04/23  21:00:00,3910398.734162317,3061841.5762651134,2985859.5386013947,3054313.3644004995,3118585.061703068,3120492.146974983,3110351.840506037,6077544.018313017 
 04/23  22:00:00,4673343.293198509,3868912.792693047,3801270.647993604,3856702.4833150245,3912422.0002761297,3924531.817156505,4013941.889774932,7416595.604657277 
 04/23  23:00:00,5268262.017555648,4493329.142491561,4432687.337629496,4493925.174499882,4555964.743426588,4577501.792327456,4705318.102653969,8241940.514143701 
 04/23  24:00:00,5483121.481032851,4740901.078999973,4678746.418356164,4735054.548349223,4793230.827744,4820635.698538528,5000383.516218649,8834501.28257281 
 04/24  01:00:00,5556618.430159214,4839280.7951967465,4773735.658302255,4821549.842705654,4872982.313857902,4904738.743939133,5136516.976562613,9242415.18721545 
 04/24  02:00:00,5963626.07484013,5294123.641028557,5232114.604679389,5275573.646056504,5323633.57053012,5361731.128647348,5644305.734640615,10032694.25352866 
 04/24  03:00:00,6334378.796293061,5702494.491886381,5638313.966701105,5673553.7124919025,5715366.816877343,5757884.505290418,6099679.473934075,11011781.425165065 
 04/24  04:00:00,6735282.6693442175,6143281.607338224,6077965.972345873,6105567.171179265,6141493.952453773,6188565.332527963,6591907.989118947,12096975.381407999 
 04/24  05:00:00,6982872.709085547,6428228.41135455,6363415.592022038,6384960.007061243,6416126.788339072,6467384.467631671,6921420.838722511,12876813.865100726 
 04/24  06:00:00,7067661.747569336,6545129.239490343,6482749.293113692,6500513.518971284,6528657.798403822,6583670.665206341,7068772.250001491,13150613.29105432 
 04/24  07:00:00,6905612.160344288,6415656.739000037,6363457.819131005,6383452.016834975,6413069.142835363,6472774.08859741,6952852.320764609,12536700.28909816 
 04/24  08:00:00,6071488.519461374,5590584.377387127,5554936.445863581,5584458.242377046,5621250.328301376,5683767.817569146,6078515.235665702,9931841.844818162 
 04/24  09:00:00,4325928.062466359,3839814.104431408,3832573.0083076134,3882905.5221658014,3935555.5268040234,4000771.289357037,4235413.906321313,5574456.90290343 
 04/24  10:00:00,2539744.523072097,2070522.8766115967,2098287.5798535547,2173195.7750974153,2244661.8708025143,2310116.814612925,2367814.641925038,2077194.3069448129 
 04/24  11:00:00,726689.5070336628,352456.8275013473,387230.0201756414,466998.2869776635,543733.1318239842,593280.3538591135,500038.49306351185,0.0 
 04/24  12:00:00,0.0,0.0,0.0,0.0,0.0,0.0,0.0,0.0 
 04/24  13:00:00,0.0,0.0,0.0,0.0,0.0,0.0,0.0,0.0 
 04/24  14:00:00,0.0,0.0,0.0,0.0,0.0,0.0,0.0,0.0 
 04/24  15:00:00,0.0,0.0,0.0,0.0,0.0,0.0,0.0,0.0 
 04/24  16:00:00,0.0,0.0,0.0,0.0,0.0,0.0,0.0,0.0 
 04/24  17:00:00,0.0,0.0,0.0,0.0,0.0,0.0,0.0,0.0 
 04/24  18:00:00,0.0,0.0,0.0,0.0,0.0,0.0,0.0,0.0 
 04/24  19:00:00,0.0,0.0,0.0,0.0,0.0,0.0,0.0,0.0 
 04/24  20:00:00,440160.9737397768,0.0,0.0,0.0,0.0,0.0,0.0,0.0 
 04/24  21:00:00,2068508.5518145775,571644.3457684086,422149.04815382324,450689.26095573267,486566.2924851422,414164.228070082,128133.9403265796,645101.715490842 
 04/24  22:00:00,2714319.1056636935,1476301.1206554908,1289804.9040277125,1322765.88514943,1361561.2568570273,1283050.4628613999,922187.6977318448,2812834.6463112338 
 04/24  23:00:00,3268494.193985737,2179925.174917006,1996444.122086643,2018617.804692044,2049396.5948014783,1982742.1428127347,1795422.295578025,4658906.96582404 
 04/24  24:00:00,3677090.2324867863,2715630.531584579,2549361.7406703867,2565167.9355953285,2590760.268481981,2543612.2406492243,2490387.3278119923,5983137.653140922 
 04/25  01:00:00,4292466.342605786,3388948.306731263,3248516.51558983,3261442.2009645873,3284143.0855999393,3258225.762290228,3329548.5437050536,7386965.084527191 
 04/25  02:00:00,5051615.699245719,4165071.569385863,4035718.887281411,4047596.6106644627,4070027.567728715,4057903.4739094153,4210753.871791361,8313398.197856709 
 04/25  03:00:00,5817203.251009162,4983032.901690591,4857356.744392441,4872491.339023447,4898589.153121351,4894774.790742091,5088337.821747579,9413411.32825793 
 04/25  04:00:00,6651871.012869583,5877679.093978336,5756298.696938045,5768747.977164506,5793306.97973595,5799953.842791881,6078405.153800085,11273731.488853496 
 04/25  05:00:00,7061119.621695509,6344026.95667483,6228409.028115164,6237515.595838014,6259745.372549534,6275884.877888036,6622890.772332653,12358505.859576281 
 04/25  06:00:00,7538696.599971482,6887332.796013807,6784424.693080258,6794593.854956213,6817701.3537248885,6844396.326298211,7240780.56083753,13152433.595150746 
 04/25  07:00:00,7686728.264501921,7102659.133072898,7020660.140809111,7037910.7800419945,7066190.21696892,7104187.710117108,7520098.843610802,13126426.431213059 
 04/25  08:00:00,6273093.122497027,5736005.791934619,5693578.128391393,5733430.014786726,5778550.306979152,5829539.554530076,6162945.558816219,9798540.236813199 
 04/25  09:00:00,4246577.207318421,3759302.4217850124,3773405.0962054664,3849741.4196071187,3922028.0534415254,3988568.9358907766,4190073.4046560787,5469696.83508547 
 04/25  10:00:00,2858690.622768008,2401609.8402354037,2447568.4258506056,2543624.0779333184,2628775.156912339,2696506.362344999,2750411.5874988525,2602270.68639782 
 04/25  11:00:00,1716675.16799336,1282669.563680707,1347559.6081701994,1453682.4153163894,1544350.7943718259,1604788.7846191123,1548148.575198182,373325.59745593026 
 04/25  12:00:00,570606.6705322171,179190.2796941562,224156.92837598326,322245.4597462871,423006.75250310457,483740.9973753035,277360.58151614416,0.0 
 04/25  13:00:00,20744.939374962996,0.0,0.0,0.0,0.0,0.0,0.0,0.0 
 04/25  14:00:00,0.0,0.0,0.0,0.0,0.0,0.0,0.0,0.0 
 04/25  15:00:00,0.0,0.0,0.0,0.0,0.0,0.0,0.0,0.0 
 04/25  16:00:00,0.0,0.0,0.0,0.0,0.0,0.0,0.0,0.0 
 04/25  17:00:00,0.0,0.0,0.0,0.0,0.0,0.0,0.0,0.0 
 04/25  18:00:00,0.0,0.0,0.0,0.0,0.0,0.0,0.0,0.0 
 04/25  19:00:00,0.0,0.0,0.0,0.0,0.0,0.0,0.0,0.0 
 04/25  20:00:00,329972.43914819264,0.0,0.0,0.0,0.0,0.0,0.0,0.0 
 04/25  21:00:00,2738075.3468516497,1460694.5259484188,1282537.07355496,1391393.339169203,1504809.5395345853,1435628.817292089,1012491.1764054517,2356997.863152955 
 04/25  22:00:00,4390187.651668441,3252780.3855804964,3113061.6968600783,3181699.388703473,3249976.420025055,3211225.511179344,3032848.0360498363,6318591.174434552 
 04/25  23:00:00,5603840.907917211,4645294.38477287,4511792.83457127,4563278.118486213,4617936.087343826,4595378.396707056,4591218.50529383,9148884.00502954 
 04/25  24:00:00,6933980.241625052,6067191.398786423,5953424.747007506,5990594.630981494,6033833.745639764,6030037.960135886,6186354.379311776,11701809.432284892 
 04/26  01:00:00,8163480.824530572,7330421.752220065,7220227.433988043,7256176.823418425,7299934.901726011,7307186.346932671,7573842.757044838,14044509.607599555 
 04/26  02:00:00,8906519.763358887,8139253.4201055365,8031793.109270647,8064784.924109402,8106645.85772404,8124396.507010979,8474874.204202734,15679433.141098427 
 04/26  03:00:00,9383642.777595576,8689291.865346348,8587172.331192994,8614692.554993453,8652397.982740026,8680146.2657583,9113049.839695346,16887124.90244431 
 04/26  04:00:00,9724161.865234327,9101578.886772709,9006069.204325894,9028106.444264052,9061445.435976163,9098374.739816463,9605897.767846016,17865403.243977938 
 04/26  05:00:00,10197827.397886312,9650897.567736464,9564893.378446894,9583323.915121255,9613601.231443765,9660181.311826155,10241726.181095287,19043268.70804955 
 04/26  06:00:00,10613260.443293897,10139046.362107292,10066442.81757825,10085060.251870124,10115183.28840819,10171464.88644597,10803593.56557309,19765787.64654196 
 04/26  07:00:00,10418417.615960244,9998150.886532817,9943840.94278007,9967712.359189596,10001585.085174851,10066422.418724524,10697145.260610605,18965622.996852357 
 04/26  08:00:00,7834536.789832716,7363945.214968358,7321454.706053472,7351440.012475055,7389478.155531209,7450767.6907536,7892900.939142851,12457755.34832199 
 04/26  09:00:00,4027919.6938592233,3427386.5037999596,3379898.4988924293,3407666.5410614605,3442210.072603615,3476752.4384060306,3563905.635331964,3701295.2198117943 
 04/26  10:00:00,1236223.4371743817,658801.122444446,609606.2215386438,626390.9622340435,653888.3492222072,663283.8980277799,576704.4433137504,0.0 
 04/26  11:00:00,10827.627264935292,0.0,0.0,0.0,0.0,0.0,0.0,0.0 
 04/26  12:00:00,0.0,0.0,0.0,0.0,0.0,0.0,0.0,0.0 
 04/26  13:00:00,0.0,0.0,0.0,0.0,0.0,0.0,0.0,0.0 
 04/26  14:00:00,0.0,0.0,0.0,0.0,0.0,0.0,0.0,0.0 
 04/26  15:00:00,0.0,0.0,0.0,0.0,0.0,0.0,0.0,0.0 
 04/26  16:00:00,0.0,0.0,0.0,0.0,0.0,0.0,0.0,0.0 
 04/26  17:00:00,0.0,0.0,0.0,0.0,0.0,0.0,0.0,0.0 
 04/26  18:00:00,0.0,0.0,0.0,0.0,0.0,0.0,0.0,0.0 
 04/26  19:00:00,0.0,0.0,0.0,0.0,0.0,0.0,0.0,0.0 
 04/26  20:00:00,0.0,0.0,0.0,0.0,0.0,0.0,0.0,0.0 
 04/26  21:00:00,0.0,0.0,0.0,0.0,0.0,0.0,0.0,0.0 
 04/26  22:00:00,229407.85378265718,0.0,0.0,0.0,0.0,0.0,0.0,0.0 
 04/26  23:00:00,1512908.9722295364,0.0,0.0,0.0,0.0,0.0,0.0,0.0 
 04/26  24:00:00,2849299.8313851366,1192809.9872128544,673063.822183729,567195.1690482427,491502.32669053366,288127.7052719801,0.0,1540974.1938429754 
 04/27  01:00:00,3688551.0283272397,2204186.849042721,1824970.8321380038,1742047.5826922283,1685295.9309256712,1476824.7338046553,1009363.7282524505,3711336.326664209 
 04/27  02:00:00,4041856.849001392,2780777.5194574133,2436579.604977183,2360766.1387683228,2308924.3714600643,2137977.1441419856,1852958.0313592204,4936623.617670195 
 04/27  03:00:00,4461758.982256489,3348717.5523601985,3048910.779302259,2982362.333198214,2938500.4956273874,2800521.5295826625,2664898.5115889623,6191727.837853983 
 04/27  04:00:00,5050459.492726095,4017819.781091499,3765753.7686891723,3709754.472812676,3674790.54837006,3571792.2976786275,3568662.499333802,7503599.61415159 
 04/27  05:00:00,5782506.757117894,4781179.036192763,4569806.977931925,4526012.973546571,4500806.5972750485,4433758.994800594,4551951.625299418,8910228.798744028 
 04/27  06:00:00,6286036.117851804,5339509.485493861,5122878.043471727,5077796.149879285,5053358.8933570245,5002791.662865858,5224661.706252959,10237594.753438443 
 04/27  07:00:00,6394778.8536090115,5513633.888751719,5310747.809861228,5268597.4104650095,5247035.915473142,5204903.879589088,5452743.583559025,10437205.775858043 
 04/27  08:00:00,4814393.204061615,3976550.183207241,3807031.9298775857,3780052.9926885935,3770548.057212461,3741184.543339278,3891949.085561201,6567743.189902879 
 04/27  09:00:00,1544494.729638151,855544.309785041,756437.2114406361,749805.6521716109,752297.5155331312,736890.6760267201,711116.6527930414,732155.7277002649 
 04/27  10:00:00,0.0,0.0,0.0,0.0,0.0,0.0,0.0,0.0 
 04/27  11:00:00,0.0,0.0,0.0,0.0,0.0,0.0,0.0,0.0 
 04/27  12:00:00,0.0,0.0,0.0,0.0,0.0,0.0,0.0,0.0 
 04/27  13:00:00,0.0,0.0,0.0,0.0,0.0,0.0,0.0,0.0 
 04/27  14:00:00,0.0,0.0,0.0,0.0,0.0,0.0,0.0,0.0 
 04/27  15:00:00,0.0,0.0,0.0,0.0,0.0,0.0,0.0,0.0 
 04/27  16:00:00,0.0,0.0,0.0,0.0,0.0,0.0,0.0,0.0 
 04/27  17:00:00,0.0,0.0,0.0,0.0,0.0,0.0,0.0,0.0 
 04/27  18:00:00,0.0,0.0,0.0,0.0,0.0,0.0,0.0,0.0 
 04/27  19:00:00,0.0,0.0,0.0,0.0,0.0,0.0,0.0,0.0 
 04/27  20:00:00,0.0,0.0,0.0,0.0,0.0,0.0,0.0,0.0 
 04/27  21:00:00,0.0,0.0,0.0,0.0,0.0,0.0,0.0,0.0 
 04/27  22:00:00,0.0,0.0,0.0,0.0,0.0,0.0,0.0,0.0 
 04/27  23:00:00,0.0,0.0,0.0,0.0,0.0,0.0,0.0,0.0 
 04/27  24:00:00,0.0,0.0,0.0,0.0,0.0,0.0,0.0,0.0 
 04/28  01:00:00,0.0,0.0,0.0,0.0,0.0,0.0,0.0,0.0 
 04/28  02:00:00,170075.3901168122,0.0,0.0,0.0,0.0,0.0,0.0,0.0 
 04/28  03:00:00,558198.297732632,0.0,0.0,0.0,0.0,0.0,0.0,0.0 
 04/28  04:00:00,1080923.3331521726,0.0,0.0,0.0,0.0,0.0,0.0,99433.32792400906 
 04/28  05:00:00,1580742.0231498037,0.0,0.0,0.0,0.0,0.0,0.0,1428956.2686441904 
 04/28  06:00:00,1869569.237190411,187168.5362677803,0.0,0.0,0.0,0.0,0.0,2389052.426154638 
 04/28  07:00:00,1973600.8119369494,509256.6146425641,4646.745196645498,0.0,0.0,0.0,0.0,2714750.6506959153 
 04/28  08:00:00,1181760.2447888888,148973.14316581178,0.0,0.0,0.0,0.0,0.0,1094456.2695464324 
 04/28  09:00:00,33001.90952361591,0.0,0.0,0.0,0.0,0.0,0.0,0.0 
 04/28  10:00:00,0.0,0.0,0.0,0.0,0.0,0.0,0.0,0.0 
 04/28  11:00:00,0.0,0.0,0.0,0.0,0.0,0.0,0.0,0.0 
 04/28  12:00:00,0.0,0.0,0.0,0.0,0.0,0.0,0.0,0.0 
 04/28  13:00:00,0.0,0.0,0.0,0.0,0.0,0.0,0.0,0.0 
 04/28  14:00:00,0.0,0.0,0.0,0.0,0.0,0.0,0.0,0.0 
 04/28  15:00:00,0.0,0.0,0.0,0.0,0.0,0.0,0.0,0.0 
 04/28  16:00:00,0.0,0.0,0.0,0.0,0.0,0.0,0.0,0.0 
 04/28  17:00:00,0.0,0.0,0.0,0.0,0.0,0.0,0.0,0.0 
 04/28  18:00:00,0.0,0.0,0.0,0.0,0.0,0.0,0.0,0.0 
 04/28  19:00:00,0.0,0.0,0.0,0.0,0.0,0.0,0.0,0.0 
 04/28  20:00:00,0.0,0.0,0.0,0.0,0.0,0.0,0.0,0.0 
 04/28  21:00:00,0.0,0.0,0.0,0.0,0.0,0.0,0.0,0.0 
 04/28  22:00:00,0.0,0.0,0.0,0.0,0.0,0.0,0.0,0.0 
 04/28  23:00:00,0.0,0.0,0.0,0.0,0.0,0.0,0.0,0.0 
 04/28  24:00:00,0.0,0.0,0.0,0.0,0.0,0.0,0.0,0.0 
 04/29  01:00:00,0.0,0.0,0.0,0.0,0.0,0.0,0.0,0.0 
 04/29  02:00:00,0.0,0.0,0.0,0.0,0.0,0.0,0.0,0.0 
 04/29  03:00:00,0.0,0.0,0.0,0.0,0.0,0.0,0.0,0.0 
 04/29  04:00:00,72385.64715116083,0.0,0.0,0.0,0.0,0.0,0.0,0.0 
 04/29  05:00:00,525351.6898621805,0.0,0.0,0.0,0.0,0.0,0.0,22304.80280743068 
 04/29  06:00:00,837548.4520827958,0.0,0.0,0.0,0.0,0.0,0.0,668493.2475678478 
 04/29  07:00:00,1124006.5065866234,0.0,0.0,0.0,0.0,0.0,0.0,1356049.9212278011 
 04/29  08:00:00,1381533.7027969465,0.0,0.0,0.0,0.0,0.0,0.0,1904983.3675141914 
 04/29  09:00:00,951286.5139096641,0.0,0.0,0.0,0.0,0.0,0.0,924712.6750071533 
 04/29  10:00:00,48573.44205692061,0.0,0.0,0.0,0.0,0.0,0.0,0.0 
 04/29  11:00:00,0.0,0.0,0.0,0.0,0.0,0.0,0.0,0.0 
 04/29  12:00:00,0.0,0.0,0.0,0.0,0.0,0.0,0.0,0.0 
 04/29  13:00:00,0.0,0.0,0.0,0.0,0.0,0.0,0.0,0.0 
 04/29  14:00:00,0.0,0.0,0.0,0.0,0.0,0.0,0.0,0.0 
 04/29  15:00:00,0.0,0.0,0.0,0.0,0.0,0.0,0.0,0.0 
 04/29  16:00:00,0.0,0.0,0.0,0.0,0.0,0.0,0.0,0.0 
 04/29  17:00:00,0.0,0.0,0.0,0.0,0.0,0.0,0.0,0.0 
 04/29  18:00:00,0.0,0.0,0.0,0.0,0.0,0.0,0.0,0.0 
 04/29  19:00:00,0.0,0.0,0.0,0.0,0.0,0.0,0.0,0.0 
 04/29  20:00:00,0.0,0.0,0.0,0.0,0.0,0.0,0.0,0.0 
 04/29  21:00:00,0.0,0.0,0.0,0.0,0.0,0.0,0.0,0.0 
 04/29  22:00:00,0.0,0.0,0.0,0.0,0.0,0.0,0.0,0.0 
 04/29  23:00:00,31534.989469776334,0.0,0.0,0.0,0.0,0.0,0.0,0.0 
 04/29  24:00:00,785304.3681624739,0.0,0.0,0.0,0.0,0.0,0.0,0.0 
 04/30  01:00:00,1690488.820821309,32302.767449282695,0.0,0.0,0.0,0.0,0.0,1295507.8385971123 
 04/30  02:00:00,2659514.2954314346,996945.2016885087,406587.5549693694,291403.9804255663,280937.03009569435,277015.8049932347,353367.20387955726,3346119.7430665246 
 04/30  03:00:00,3407510.38034914,1925961.499363196,1460864.433427657,1345910.0645885451,1339107.0606682072,1343053.8910690565,1511278.618315261,4984963.462558366 
 04/30  04:00:00,3976755.0374122337,2691255.221074964,2265303.585373658,2163383.479607184,2160310.9133776757,2178104.1148998532,2434991.0883434145,6192754.600021944 
 04/30  05:00:00,4519685.826509372,3360850.04032224,2996290.935301235,2908677.196856443,2908099.2464295723,2936159.93128982,3250513.7417788473,7190211.03901723 
 04/30  06:00:00,4977518.642097427,3887785.0053044204,3590420.1963928854,3518391.766905859,3520666.583345553,3557013.419766197,3910417.125374114,8070687.724691527 
 04/30  07:00:00,5198875.293831565,4160593.7382186004,3914314.236034044,3864640.987023227,3873032.393769275,3917440.7636817414,4280074.009692736,8461744.813949903 
 04/30  08:00:00,4712982.650194498,3784319.572294093,3576153.5848701512,3551497.1561436765,3577063.0855291984,3633987.1662240606,3966967.989677648,7196473.305800894 
 04/30  09:00:00,3456701.920015378,2651475.6374307447,2515229.4555917326,2527599.07779154,2576813.0783078726,2644888.3176583974,2878274.582795,4332462.79689274 
 04/30  10:00:00,2010457.742745773,1343827.446631127,1278399.2169150545,1319029.3395532386,1380808.5267481308,1443227.3075769101,1531056.6700349306,1462324.934569128 
 04/30  11:00:00,722819.4931197403,210028.25585045794,187989.2267468924,235524.4848632734,295108.3712602296,357032.04912682995,332415.64134234365,0.0 
 04/30  12:00:00,24469.19811945845,0.0,0.0,0.0,0.0,0.0,0.0,0.0 
 04/30  13:00:00,0.0,0.0,0.0,0.0,0.0,0.0,0.0,0.0 
 04/30  14:00:00,0.0,0.0,0.0,0.0,0.0,0.0,0.0,0.0 
 04/30  15:00:00,0.0,0.0,0.0,0.0,0.0,0.0,0.0,0.0 
 04/30  16:00:00,0.0,0.0,0.0,0.0,0.0,0.0,0.0,0.0 
 04/30  17:00:00,0.0,0.0,0.0,0.0,0.0,0.0,0.0,0.0 
 04/30  18:00:00,0.0,0.0,0.0,0.0,0.0,0.0,0.0,0.0 
 04/30  19:00:00,0.0,0.0,0.0,0.0,0.0,0.0,0.0,0.0 
 04/30  20:00:00,0.0,0.0,0.0,0.0,0.0,0.0,0.0,0.0 
 04/30  21:00:00,589572.6035665909,0.0,0.0,0.0,0.0,0.0,0.0,426521.5371262282 
 04/30  22:00:00,1764851.5475955543,444140.54765142646,274869.72193658876,290797.12922392355,336968.9832960707,353233.95994161116,343021.13873378694,2594305.6778177884 
 04/30  23:00:00,2657630.2475212794,1476535.1955497984,1257735.4467447642,1278811.5129999265,1338345.8737907158,1364563.8151042862,1441602.0250188713,4386151.719597583 
 04/30  24:00:00,3206094.8247474115,2165439.1339734998,1961768.0898861205,1975672.138082814,2026347.7210979997,2057302.2447649946,2212747.769528617,5556935.694882238 
 05/01  01:00:00,3879855.45066139,2913006.2966287965,2728846.1311897817,2735839.4730137633,2777161.0675422763,2812544.477344344,3046412.0150495106,6916511.995289325 
 05/01  02:00:00,4372470.453738563,3425531.645877811,3266880.245561594,3267986.2505396614,3299740.004491456,3338452.7169080307,3632376.54024717,8004175.858170267 
 05/01  03:00:00,4661895.073541678,3742306.009706213,3579621.4317748365,3579603.5682003787,3611557.5642569386,3655979.9341992373,3991417.4270553105,8607743.478612583 
 05/01  04:00:00,4876815.73608651,4004334.8290629913,3845699.025663678,3844329.4287606087,3874834.112723442,3923672.9441437367,4296467.043014248,9100581.83424858 
 05/01  05:00:00,5287124.928766239,4467574.774102699,4315838.696292912,4312375.896444813,4340168.242883649,4392932.740315788,4807248.399788625,9917247.331804702 
 05/01  06:00:00,5469875.836161284,4700253.543468561,4557282.057524256,4552532.610292585,4577988.044288316,4633721.016610583,5072728.242547443,10231809.612766756 
 05/01  07:00:00,5332901.090352093,4615199.579324268,4488990.8331652,4488033.116172017,4514595.562712846,4573696.31749675,5008106.792065319,9767112.130233103 
 05/01  08:00:00,4575382.457241348,3933165.0506923767,3850706.9776213192,3872503.205697803,3913812.8960611713,3981769.9412287576,4354087.119140626,7776696.514744328 
 05/01  09:00:00,3318721.5592629546,2739022.2837341763,2706242.057000505,2757176.4434858738,2818185.7975256834,2893914.6437765714,3153062.2318405346,4715153.139138339 
 05/01  10:00:00,2144547.380324038,1610679.6133260082,1611187.6886509666,1679019.9243156677,1751194.9948139633,1825141.6557218328,1956339.0700356571,2164130.9708115472 
 05/01  11:00:00,890826.670616257,446842.83298507944,471048.48166930175,539463.5700693849,608957.4487248393,674006.4956941875,676050.2369158728,268698.2782266118 
 05/01  12:00:00,0.0,0.0,0.0,0.0,0.0,0.0,0.0,0.0 
 05/01  13:00:00,0.0,0.0,0.0,0.0,0.0,0.0,0.0,0.0 
 05/01  14:00:00,0.0,0.0,0.0,0.0,0.0,0.0,0.0,0.0 
 05/01  15:00:00,0.0,0.0,0.0,0.0,0.0,0.0,0.0,0.0 
 05/01  16:00:00,0.0,0.0,0.0,0.0,0.0,0.0,0.0,0.0 
 05/01  17:00:00,0.0,0.0,0.0,0.0,0.0,0.0,0.0,0.0 
 05/01  18:00:00,19856.083436732297,0.0,0.0,0.0,0.0,0.0,0.0,0.0 
 05/01  19:00:00,997503.2889247509,159083.84825588,119502.95564082626,167643.32486493367,227714.73953429377,212989.31263692066,46100.081275287084,189694.23816028578 
 05/01  20:00:00,298850.3086842422,0.0,0.0,0.0,0.0,0.0,0.0,215560.1826377235 
 05/01  21:00:00,2297917.523360038,1197111.1075721171,1064651.6495972087,1157265.5823395732,1255671.6364450434,1258353.3412681906,1089509.8346969767,3009460.552761484 
 05/01  22:00:00,3271391.170262675,2319608.0091238823,2201906.081714989,2260214.7973114117,2325744.3920133593,2332252.3337424328,2322819.939477906,5126302.21736667 
 05/01  23:00:00,3918885.5711695333,3036854.6599663245,2925090.9040625775,2968783.776401471,3021010.8897570753,3034299.528963142,3126041.504387678,6522759.807230653 
 05/01  24:00:00,4412333.215106896,3550582.1764034387,3453046.888842548,3489271.7107231147,3536583.6768157445,3557957.0345235206,3716095.8223772775,7279381.45183341 
 05/02  01:00:00,4870761.3584436495,4037235.4508916764,3939061.4620435783,3977749.4795663245,4027881.5208521457,4056492.353742966,4256052.435437525,8086386.437258435 
 05/02  02:00:00,5223570.553098595,4421866.163249028,4319473.533205763,4351064.093378015,4395760.336510905,4428605.911239874,4682551.522143934,8927965.319685508 
 05/02  03:00:00,5587012.047962334,4817446.351569277,4708999.57077685,4730167.486382055,4766798.041397472,4802499.045904719,5115297.258420329,9873725.008103456 
 05/02  04:00:00,5965408.439354047,5236084.88505289,5126425.05865905,5139733.885874492,5170075.090198292,5209405.975284983,5574652.567628195,10749083.137693528 
 05/02  05:00:00,6421173.188799013,5741202.7518532,5635889.132125095,5644904.649174824,5671488.745203062,5715592.03372904,6128658.863592549,11658185.076314194 
 05/02  06:00:00,6862420.294553233,6231648.414879874,6132003.896435868,6137878.208206672,6161559.178110741,6210383.77376551,6665950.4575988045,12504875.100473188 
 05/02  07:00:00,6887022.080118305,6303119.404055317,6214231.726519238,6221000.134231514,6244688.322994869,6298481.765498789,6772217.77169559,12513207.218188826 
 05/02  08:00:00,5780240.370089339,5271302.760641805,5231145.174744703,5265438.222499704,5308386.594491118,5376154.366269071,5797289.409267808,10188163.16388358 
 05/02  09:00:00,2956804.686454851,2550941.355695414,2617938.309560865,2723347.940896261,2817432.461462537,2910921.5329571296,3114781.1291020624,3998885.227830934 
 05/02  10:00:00,1308092.5173288211,1007154.4367255819,1144761.2654792278,1296577.688824058,1424228.6578440005,1526718.192209145,1564769.6960144194,910769.8269520537 
 05/02  11:00:00,404212.8087687772,208260.91563605005,293509.811014522,406514.7981677146,511776.1587742134,597858.1072609712,571778.8593115824,0.0 
 05/02  12:00:00,0.0,0.0,0.0,0.0,0.0,0.0,0.0,0.0 
 05/02  13:00:00,0.0,0.0,0.0,0.0,0.0,0.0,0.0,0.0 
 05/02  14:00:00,0.0,0.0,0.0,0.0,0.0,0.0,0.0,0.0 
 05/02  15:00:00,0.0,0.0,0.0,0.0,0.0,0.0,0.0,0.0 
 05/02  16:00:00,0.0,0.0,0.0,0.0,0.0,0.0,0.0,0.0 
 05/02  17:00:00,0.0,0.0,0.0,0.0,0.0,0.0,0.0,0.0 
 05/02  18:00:00,0.0,0.0,0.0,0.0,0.0,0.0,0.0,0.0 
 05/02  19:00:00,0.0,0.0,0.0,0.0,0.0,0.0,0.0,0.0 
 05/02  20:00:00,0.0,0.0,0.0,0.0,0.0,0.0,0.0,0.0 
 05/02  21:00:00,0.0,0.0,0.0,0.0,0.0,0.0,0.0,0.0 
 05/02  22:00:00,862542.6049817906,0.0,0.0,0.0,0.0,0.0,0.0,747807.3862388672 
 05/02  23:00:00,1835579.5791752418,470618.655344042,312611.565238997,381470.1161097634,474321.36587033747,484611.25551642757,393617.23291062954,2816315.599868815 
 05/02  24:00:00,2639123.990230478,1395634.2056187,1230203.0981772144,1295535.3504844652,1374595.6674139306,1388739.809397931,1415971.4350663389,4529912.542741174 
 05/03  01:00:00,3398427.555086498,2306643.5071455836,2140666.559992348,2190915.8789163656,2257141.7389565846,2277392.680137088,2406085.122712881,6111928.149399405 
 05/03  02:00:00,4175774.7147484166,3201059.360982006,3044549.9600717346,3080326.3231681474,3133613.4711911525,3160176.789860883,3379233.7495883927,7607067.063085954 
 05/03  03:00:00,5155115.823792899,4224075.578153366,4085157.7124923426,4107943.0691598887,4148568.915970082,4181734.3596613603,4488635.3026386695,9497814.010363845 
 05/03  04:00:00,6123717.0508708535,5223960.752852873,5085538.344110418,5106742.469819825,5148444.634834912,5190307.641426685,5573712.199352167,11411242.085195731 
 05/03  05:00:00,6928282.3911482785,6090688.017983256,5955736.885624409,5974958.788865782,6015063.257667216,6064284.485196915,6515279.611614315,12959792.877741255 
 05/03  06:00:00,7388347.608685065,6619906.637289986,6493141.250365103,6509401.476716376,6546506.047724792,6601851.1243040515,7107616.295685381,13963821.402761944 
 05/03  07:00:00,7286915.97035134,6598503.627434835,6497780.465442415,6522486.786147101,6564865.538223298,6630032.7002651645,7150614.699467769,13674446.313427186 
 05/03  08:00:00,4927246.160439691,4294626.460533274,4253312.037740165,4310862.464527874,4377515.499048415,4454815.436213541,4804140.029610794,7928367.493669301 
 05/03  09:00:00,1834538.8372079267,1241119.4202340469,1237031.5583804331,1314678.560005981,1394463.645759922,1460282.1303190952,1520549.8058204132,1317293.302601369 
 05/03  10:00:00,74461.09365237207,0.0,0.0,0.0,0.0,5472.406352034888,0.0,0.0 
 05/03  11:00:00,0.0,0.0,0.0,0.0,0.0,0.0,0.0,0.0 
 05/03  12:00:00,0.0,0.0,0.0,0.0,0.0,0.0,0.0,0.0 
 05/03  13:00:00,0.0,0.0,0.0,0.0,0.0,0.0,0.0,0.0 
 05/03  14:00:00,0.0,0.0,0.0,0.0,0.0,0.0,0.0,0.0 
 05/03  15:00:00,0.0,0.0,0.0,0.0,0.0,0.0,0.0,0.0 
 05/03  16:00:00,0.0,0.0,0.0,0.0,0.0,0.0,0.0,0.0 
 05/03  17:00:00,0.0,0.0,0.0,0.0,0.0,0.0,0.0,0.0 
 05/03  18:00:00,0.0,0.0,0.0,0.0,0.0,0.0,0.0,0.0 
 05/03  19:00:00,0.0,0.0,0.0,0.0,0.0,0.0,0.0,0.0 
 05/03  20:00:00,0.0,0.0,0.0,0.0,0.0,0.0,0.0,0.0 
 05/03  21:00:00,0.0,0.0,0.0,0.0,0.0,0.0,0.0,0.0 
 05/03  22:00:00,0.0,0.0,0.0,0.0,0.0,0.0,0.0,0.0 
 05/03  23:00:00,0.0,0.0,0.0,0.0,0.0,0.0,0.0,0.0 
 05/03  24:00:00,236511.55455748455,0.0,0.0,0.0,0.0,0.0,0.0,0.0 
 05/04  01:00:00,1516536.8889038074,0.0,0.0,0.0,0.0,0.0,0.0,0.0 
 05/04  02:00:00,2009335.7479853428,0.0,0.0,0.0,0.0,0.0,0.0,1234731.6088626394 
 05/04  03:00:00,2616275.4683244876,671113.4155240624,120376.42868476111,18645.136125711728,0.0,0.0,0.0,3013750.4914519233 
 05/04  04:00:00,3244355.0881580063,1526744.02647119,993100.4575324566,845960.4539155102,730980.6428704179,462648.9788775638,268868.9534132718,4574267.952644692 
 05/04  05:00:00,3796978.7307504592,2309440.320290021,1835179.882754675,1708859.5048058347,1633124.483666658,1465494.7214645045,1372630.7996811564,5930589.33618257 
 05/04  06:00:00,4264451.1097269505,2979871.5037915753,2557257.2703788453,2437219.3531972445,2367206.422920649,2232674.5092114024,2298528.2123885364,7083857.718460791 
 05/04  07:00:00,4124196.649440665,2994107.723259134,2654415.210694447,2563200.142808299,2513575.2485880516,2419727.3061280507,2561279.0972384405,6821479.101137469 
 05/04  08:00:00,2120825.3177775084,1238249.7994417588,1047282.1438658648,1024130.877097683,1025697.1422260773,986849.8990168737,1050540.8644261858,2767824.5328199747 
 05/04  09:00:00,123123.73872859025,0.0,0.0,0.0,0.0,0.0,0.0,11950.889775044927 
 05/04  10:00:00,0.0,0.0,0.0,0.0,0.0,0.0,0.0,0.0 
 05/04  11:00:00,0.0,0.0,0.0,0.0,0.0,0.0,0.0,0.0 
 05/04  12:00:00,0.0,0.0,0.0,0.0,0.0,0.0,0.0,0.0 
 05/04  13:00:00,0.0,0.0,0.0,0.0,0.0,0.0,0.0,0.0 
 05/04  14:00:00,0.0,0.0,0.0,0.0,0.0,0.0,0.0,0.0 
 05/04  15:00:00,0.0,0.0,0.0,0.0,0.0,0.0,0.0,0.0 
 05/04  16:00:00,0.0,0.0,0.0,0.0,0.0,0.0,0.0,0.0 
 05/04  17:00:00,0.0,0.0,0.0,0.0,0.0,0.0,0.0,0.0 
 05/04  18:00:00,0.0,0.0,0.0,0.0,0.0,0.0,0.0,0.0 
 05/04  19:00:00,0.0,0.0,0.0,0.0,0.0,0.0,0.0,0.0 
 05/04  20:00:00,0.0,0.0,0.0,0.0,0.0,0.0,0.0,0.0 
 05/04  21:00:00,0.0,0.0,0.0,0.0,0.0,0.0,0.0,0.0 
 05/04  22:00:00,0.0,0.0,0.0,0.0,0.0,0.0,0.0,0.0 
 05/04  23:00:00,0.0,0.0,0.0,0.0,0.0,0.0,0.0,0.0 
 05/04  24:00:00,0.0,0.0,0.0,0.0,0.0,0.0,0.0,0.0 
 05/05  01:00:00,0.0,0.0,0.0,0.0,0.0,0.0,0.0,0.0 
 05/05  02:00:00,127723.81018805466,0.0,0.0,0.0,0.0,0.0,0.0,0.0 
 05/05  03:00:00,820594.0563701123,0.0,0.0,0.0,0.0,0.0,0.0,863692.248932377 
 05/05  04:00:00,1390399.1911309087,0.0,0.0,0.0,0.0,0.0,0.0,2371212.5593778184 
 05/05  05:00:00,2065493.2170044445,116770.02517075598,0.0,0.0,0.0,0.0,0.0,3617341.922717143 
 05/05  06:00:00,2793273.944525237,1000533.3631871574,372807.1176180267,258217.23540454404,245892.05751138943,228948.62756109796,427261.4601935129,4899444.679725958 
 05/05  07:00:00,2993501.929771123,1445259.3939445242,976793.5427265243,859413.5142751113,851833.5368841218,842473.5910648277,1111596.9105822719,4989752.760350251 
 05/05  08:00:00,1489618.9372956245,406539.12052947277,158250.721213402,122833.44575191877,123550.55727843575,124257.11594477616,217779.21808211398,1346055.1223668086 
 05/05  09:00:00,59082.2116031588,0.0,0.0,0.0,0.0,0.0,0.0,0.0 
 05/05  10:00:00,0.0,0.0,0.0,0.0,0.0,0.0,0.0,0.0 
 05/05  11:00:00,0.0,0.0,0.0,0.0,0.0,0.0,0.0,0.0 
 05/05  12:00:00,0.0,0.0,0.0,0.0,0.0,0.0,0.0,0.0 
 05/05  13:00:00,0.0,0.0,0.0,0.0,0.0,0.0,0.0,0.0 
 05/05  14:00:00,0.0,0.0,0.0,0.0,0.0,0.0,0.0,0.0 
 05/05  15:00:00,0.0,0.0,0.0,0.0,0.0,0.0,0.0,0.0 
 05/05  16:00:00,0.0,0.0,0.0,0.0,0.0,0.0,0.0,0.0 
 05/05  17:00:00,0.0,0.0,0.0,0.0,0.0,0.0,0.0,0.0 
 05/05  18:00:00,0.0,0.0,0.0,0.0,0.0,0.0,0.0,0.0 
 05/05  19:00:00,0.0,0.0,0.0,0.0,0.0,0.0,0.0,0.0 
 05/05  20:00:00,0.0,0.0,0.0,0.0,0.0,0.0,0.0,0.0 
 05/05  21:00:00,0.0,0.0,0.0,0.0,0.0,0.0,0.0,0.0 
 05/05  22:00:00,0.0,0.0,0.0,0.0,0.0,0.0,0.0,0.0 
 05/05  23:00:00,0.0,0.0,0.0,0.0,0.0,0.0,0.0,0.0 
 05/05  24:00:00,0.0,0.0,0.0,0.0,0.0,0.0,0.0,0.0 
 05/06  01:00:00,0.0,0.0,0.0,0.0,0.0,0.0,0.0,0.0 
 05/06  02:00:00,200477.73969665577,0.0,0.0,0.0,0.0,0.0,0.0,0.0 
 05/06  03:00:00,1043939.5381956974,0.0,0.0,0.0,0.0,0.0,0.0,304492.4740071874 
 05/06  04:00:00,1628669.814067667,0.0,0.0,0.0,0.0,0.0,0.0,2151354.9080400453 
 05/06  05:00:00,2149413.2899528164,104365.13863063592,0.0,0.0,0.0,0.0,0.0,3738243.856024313 
 05/06  06:00:00,2468803.7467461387,643706.6322464787,11389.53983695392,0.0,0.0,0.0,0.0,4467379.295429543 
 05/06  07:00:00,2575430.4427885804,1001118.3344455932,421869.3781094669,192925.19095450843,133462.56871401274,82125.73966355559,280807.65199324815,4256859.484243951 
 05/06  08:00:00,1306556.62410353,251784.81378476426,32901.57296371036,2140.846602302918,0.0,0.0,16308.794135383505,959296.7121234075 
 05/06  09:00:00,32361.076577046337,0.0,0.0,0.0,0.0,0.0,0.0,0.0 
 05/06  10:00:00,0.0,0.0,0.0,0.0,0.0,0.0,0.0,0.0 
 05/06  11:00:00,0.0,0.0,0.0,0.0,0.0,0.0,0.0,0.0 
 05/06  12:00:00,0.0,0.0,0.0,0.0,0.0,0.0,0.0,0.0 
 05/06  13:00:00,0.0,0.0,0.0,0.0,0.0,0.0,0.0,0.0 
 05/06  14:00:00,0.0,0.0,0.0,0.0,0.0,0.0,0.0,0.0 
 05/06  15:00:00,0.0,0.0,0.0,0.0,0.0,0.0,0.0,0.0 
 05/06  16:00:00,0.0,0.0,0.0,0.0,0.0,0.0,0.0,0.0 
 05/06  17:00:00,0.0,0.0,0.0,0.0,0.0,0.0,0.0,0.0 
 05/06  18:00:00,0.0,0.0,0.0,0.0,0.0,0.0,0.0,0.0 
 05/06  19:00:00,0.0,0.0,0.0,0.0,0.0,0.0,0.0,0.0 
 05/06  20:00:00,0.0,0.0,0.0,0.0,0.0,0.0,0.0,0.0 
 05/06  21:00:00,0.0,0.0,0.0,0.0,0.0,0.0,0.0,0.0 
 05/06  22:00:00,0.0,0.0,0.0,0.0,0.0,0.0,0.0,0.0 
 05/06  23:00:00,0.0,0.0,0.0,0.0,0.0,0.0,0.0,0.0 
 05/06  24:00:00,0.0,0.0,0.0,0.0,0.0,0.0,0.0,0.0 
 05/07  01:00:00,0.0,0.0,0.0,0.0,0.0,0.0,0.0,0.0 
 05/07  02:00:00,0.0,0.0,0.0,0.0,0.0,0.0,0.0,0.0 
 05/07  03:00:00,0.0,0.0,0.0,0.0,0.0,0.0,0.0,0.0 
 05/07  04:00:00,0.0,0.0,0.0,0.0,0.0,0.0,0.0,0.0 
 05/07  05:00:00,0.0,0.0,0.0,0.0,0.0,0.0,0.0,0.0 
 05/07  06:00:00,328290.951029642,0.0,0.0,0.0,0.0,0.0,0.0,0.0 
 05/07  07:00:00,614207.7154402157,0.0,0.0,0.0,0.0,0.0,0.0,0.0 
 05/07  08:00:00,1420181.6252580713,0.0,0.0,0.0,0.0,0.0,0.0,481818.40161778964 
 05/07  09:00:00,720212.1222177697,0.0,0.0,0.0,0.0,0.0,0.0,531394.6406974792 
 05/07  10:00:00,0.0,0.0,0.0,0.0,0.0,0.0,0.0,0.0 
 05/07  11:00:00,0.0,0.0,0.0,0.0,0.0,0.0,0.0,0.0 
 05/07  12:00:00,0.0,0.0,0.0,0.0,0.0,0.0,0.0,0.0 
 05/07  13:00:00,72028.48952424538,0.0,0.0,0.0,0.0,0.0,0.0,0.0 
 05/07  14:00:00,0.0,0.0,0.0,0.0,0.0,0.0,0.0,0.0 
 05/07  15:00:00,0.0,0.0,0.0,0.0,0.0,0.0,0.0,0.0 
 05/07  16:00:00,0.0,0.0,0.0,0.0,0.0,0.0,0.0,0.0 
 05/07  17:00:00,594312.1748736086,0.0,0.0,0.0,0.0,0.0,0.0,0.0 
 05/07  18:00:00,862535.9170067635,0.0,0.0,0.0,0.0,0.0,0.0,0.0 
 05/07  19:00:00,975262.2802699364,0.0,0.0,0.0,0.0,0.0,0.0,223271.31379558705 
 05/07  20:00:00,724432.0429671891,0.0,0.0,0.0,0.0,0.0,0.0,713980.4554907009 
 05/07  21:00:00,1964140.5374599637,537050.1355028916,117484.90403589241,253.60684014303843,0.0,0.0,91694.17186230714,3270128.4432303426 
 05/07  22:00:00,2811714.0435012234,1530943.122207963,1004938.7792610942,840811.3862540951,750072.9862707696,740703.3792144153,1054479.1113460162,4730838.132974867 
 05/07  23:00:00,3227633.4230965716,2035883.3519109103,1594925.5508034972,1423130.1826505312,1361567.9340347315,1370247.950613215,1720891.3501415926,5219373.366585724 
 05/07  24:00:00,3382532.1577052134,2235038.0008407477,1869872.964442492,1722761.3857641101,1671056.974719116,1689182.180563253,2063689.851374444,5761752.618969772 
 05/08  01:00:00,3965756.071238064,2861157.2324474943,2533604.6978573245,2412618.1359782787,2370364.6934256903,2397619.8944278164,2801191.274791195,7009728.624360496 
 05/08  02:00:00,4318979.169460428,3280936.351042021,2954783.1366794882,2846938.5146371424,2815027.6826216816,2849568.686468138,3263224.8065010165,7609023.715670363 
 05/08  03:00:00,4546436.83801738,3575918.386355646,3268419.4257534575,3161111.5383168133,3128904.0593715026,3167521.600459353,3614391.7421011534,8094885.183340432 
 05/08  04:00:00,4870593.894303495,3967475.912442726,3683385.254725748,3583122.3583942167,3553543.673705707,3596932.573680223,4074492.8772524875,8833713.019542232 
 05/08  05:00:00,4960165.5917002335,4117893.2517849575,3859666.490110876,3768962.164486525,3743359.132289555,3790640.93013803,4280382.733907115,9074434.34378196 
 05/08  06:00:00,4977923.531107881,4191743.0105831837,3960765.858723986,3881447.7769184727,3861081.6910176408,3911876.465750618,4400350.519189457,9046489.583282463 
 05/08  07:00:00,4553966.524375457,3824653.083731639,3631595.095361266,3571846.360118648,3562487.143980439,3617346.7215449787,4058336.96285538,7849193.875261969 
 05/08  08:00:00,3374116.2733843364,2691005.1910814336,2545217.5087141413,2513507.267494603,2521324.6142695327,2579089.3467440414,2907764.040410774,4998493.137515366 
 05/08  09:00:00,1849385.1866300423,1241330.5863180591,1159885.7076615256,1167184.279132553,1199560.2884917376,1258762.690608678,1431760.614642168,1803731.4831332555 
 05/08  10:00:00,637381.3952588767,193336.25478618778,175499.17617569736,199780.19305486232,232381.2653066445,274557.35924916953,323812.05835117,140396.64282883314 
 05/08  11:00:00,0.0,0.0,0.0,0.0,0.0,0.0,0.0,0.0 
 05/08  12:00:00,0.0,0.0,0.0,0.0,0.0,0.0,0.0,0.0 
 05/08  13:00:00,0.0,0.0,0.0,0.0,0.0,0.0,0.0,0.0 
 05/08  14:00:00,0.0,0.0,0.0,0.0,0.0,0.0,0.0,0.0 
 05/08  15:00:00,0.0,0.0,0.0,0.0,0.0,0.0,0.0,0.0 
 05/08  16:00:00,0.0,0.0,0.0,0.0,0.0,0.0,0.0,0.0 
 05/08  17:00:00,0.0,0.0,0.0,0.0,0.0,0.0,0.0,0.0 
 05/08  18:00:00,0.0,0.0,0.0,0.0,0.0,0.0,0.0,0.0 
 05/08  19:00:00,0.0,0.0,0.0,0.0,0.0,0.0,0.0,0.0 
 05/08  20:00:00,0.0,0.0,0.0,0.0,0.0,0.0,0.0,0.0 
 05/08  21:00:00,0.0,0.0,0.0,0.0,0.0,0.0,0.0,0.0 
 05/08  22:00:00,0.0,0.0,0.0,0.0,0.0,0.0,0.0,0.0 
 05/08  23:00:00,0.0,0.0,0.0,0.0,0.0,0.0,0.0,0.0 
 05/08  24:00:00,622482.8956135097,0.0,0.0,0.0,0.0,0.0,0.0,0.0 
 05/09  01:00:00,1580923.5686373736,97257.07990835072,0.0,0.0,0.0,0.0,0.0,1300187.8143883923 
 05/09  02:00:00,2374883.569074675,935960.6437559822,610495.0828028494,602071.9729173492,651715.7881097243,628759.1064051201,558099.5032435167,3016006.3028668347 
 05/09  03:00:00,2964789.914467157,1676881.352026893,1400779.424814468,1399491.461496946,1438850.7827853232,1430748.0468386523,1470693.5756328183,4352652.347537366 
 05/09  04:00:00,3092252.578537643,1963976.050134687,1709866.9280341421,1704526.9107019715,1739355.6669424449,1740849.7401029426,1854485.2788126855,4845450.544895878 
 05/09  05:00:00,3339616.450029567,2303809.21266152,2077674.94497287,2070514.256990557,2100679.6554206014,2111340.2839645785,2282839.0795399523,5350826.14348816 
 05/09  06:00:00,3636651.6080867574,2651188.7708977708,2457796.959767466,2450896.8766332143,2477672.5239464575,2496957.028732148,2713625.39864491,5880700.546863572 
 05/09  07:00:00,3471699.907115066,2507957.62068607,2349194.753046788,2345668.9178583184,2369859.2757344916,2394552.8002603706,2597609.6539084623,5181066.353386771 
 05/09  08:00:00,2176125.549804718,1273606.8590224502,1138337.8922011834,1139828.8650196102,1163476.1771662468,1181908.1892633112,1250138.048083031,1799294.257948823 
 05/09  09:00:00,741231.0201110552,208367.15646604862,162686.1311449553,163528.20870057622,173078.49817638492,178767.00713042376,178013.40730684457,131626.4343837 
 05/09  10:00:00,0.0,0.0,0.0,0.0,0.0,0.0,0.0,0.0 
 05/09  11:00:00,0.0,0.0,0.0,0.0,0.0,0.0,0.0,0.0 
 05/09  12:00:00,0.0,0.0,0.0,0.0,0.0,0.0,0.0,0.0 
 05/09  13:00:00,0.0,0.0,0.0,0.0,0.0,0.0,0.0,0.0 
 05/09  14:00:00,0.0,0.0,0.0,0.0,0.0,0.0,0.0,0.0 
 05/09  15:00:00,0.0,0.0,0.0,0.0,0.0,0.0,0.0,0.0 
 05/09  16:00:00,0.0,0.0,0.0,0.0,0.0,0.0,0.0,0.0 
 05/09  17:00:00,0.0,0.0,0.0,0.0,0.0,0.0,0.0,0.0 
 05/09  18:00:00,348750.90387065284,0.0,0.0,0.0,0.0,0.0,0.0,0.0 
 05/09  19:00:00,872847.9060594619,0.0,0.0,0.0,0.0,0.0,0.0,0.0 
 05/09  20:00:00,495176.25929727074,0.0,0.0,0.0,0.0,0.0,0.0,0.0 
 05/09  21:00:00,1613119.4071383972,323139.7626646736,116172.48372055039,79194.26990930368,70258.06908790983,31673.605337561457,0.0,1463824.5771194533 
 05/09  22:00:00,2582206.0598996817,1425187.0322044867,1084876.1529265684,1018488.6552678901,1001396.4316067374,957113.1797777344,943773.5089335111,3767948.189710848 
 05/09  23:00:00,3354685.0163576268,2267877.164662482,1975345.2248871617,1908212.1590058247,1889311.3776172078,1847635.8233377137,1943750.766293335,5475786.920227071 
 05/09  24:00:00,3951344.287766658,2895637.3923673662,2650859.1384634497,2591654.9409413,2575295.500779612,2551054.4946030234,2732952.9380996684,6647997.392250252 
 05/10  01:00:00,4408599.981524774,3395730.008608207,3158580.196755802,3108098.600856736,3095970.7185510593,3088179.6282254,3337245.3651918406,7613660.502547684 
 05/10  02:00:00,4671714.79479002,3724733.74343895,3498817.74749684,3451332.5485492577,3442472.6618190603,3441797.1163682127,3720029.445805263,7998345.100431787 
 05/10  03:00:00,4940556.803096363,4063484.9336547824,3859120.3949158355,3819538.0947161834,3816061.0134393144,3824427.751104844,4119891.2403286006,8184978.270927146 
 05/10  04:00:00,5007511.43813901,4182613.133054127,3992332.671558863,3955075.527500555,3952431.955541599,3967239.9934775652,4290614.796136867,8448907.453747414 
 05/10  05:00:00,5067988.130131789,4280771.063088368,4098254.0861896556,4059290.4246504596,4054441.5235539973,4073833.768760083,4430360.548314032,8830741.552726362 
 05/10  06:00:00,5416940.39095716,4674699.152055347,4502920.259824833,4464519.842569158,4459161.644705336,4484408.912180015,4880191.137951238,9639808.164189443 
 05/10  07:00:00,5560925.304556269,4886201.704733517,4742907.136971775,4717161.035296176,4720044.821440972,4755782.380740174,5165600.91280214,9793664.85670306 
 05/10  08:00:00,4644610.080708204,4059567.4618164226,3979789.63883973,3991918.421526769,4021380.690169882,4075089.4668288017,4419075.498279566,7563100.785903346 
 05/10  09:00:00,3040405.156261944,2528438.275451471,2514717.434521759,2568169.124234187,2627027.42594764,2693785.9044611948,2904216.540450545,3942790.9812689847 
 05/10  10:00:00,1698566.8017909136,1233766.0617013753,1262190.4473196208,1343420.480229032,1421337.2754700934,1490277.8548942006,1544753.9670029029,1220362.402053445 
 05/10  11:00:00,930590.5680416764,499510.34458161745,549199.9268679661,640758.2607262885,723344.133814679,783047.6601165647,757686.5343744007,23255.00355143304 
 05/10  12:00:00,90444.22321798193,0.0,0.0,14480.846159820794,39224.72844763689,62471.59827538126,21290.48568251892,0.0 
 05/10  13:00:00,0.0,0.0,0.0,0.0,0.0,0.0,0.0,0.0 
 05/10  14:00:00,0.0,0.0,0.0,0.0,0.0,0.0,0.0,0.0 
 05/10  15:00:00,0.0,0.0,0.0,0.0,0.0,0.0,0.0,0.0 
 05/10  16:00:00,0.0,0.0,0.0,0.0,0.0,0.0,0.0,0.0 
 05/10  17:00:00,0.0,0.0,0.0,0.0,0.0,0.0,0.0,0.0 
 05/10  18:00:00,0.0,0.0,0.0,0.0,0.0,0.0,0.0,0.0 
 05/10  19:00:00,0.0,0.0,0.0,0.0,0.0,0.0,0.0,0.0 
 05/10  20:00:00,0.0,0.0,0.0,0.0,0.0,0.0,0.0,0.0 
 05/10  21:00:00,1036712.2380860338,199515.17014965793,115914.52868257622,161643.7786367329,215979.87048068902,211046.76256806997,84825.56942959929,1084865.0542710836 
 05/10  22:00:00,2931641.013040514,1654355.6451864396,1542013.3793679764,1604716.6731268372,1673053.4887343207,1670362.6946883684,1581352.0454283147,4367874.89664729 
 05/10  23:00:00,4032037.7351777237,2942120.442786154,2801106.297300523,2866656.1636293977,2941212.677171057,2945830.8249834464,2953255.5859854473,6613352.9453866 
 05/10  24:00:00,4326970.393387867,3380408.502442291,3248118.710949883,3298361.533042007,3359306.233219508,3371623.48971206,3472262.504954027,7381256.746984833 
 05/11  01:00:00,4671401.039298677,3780239.259123759,3660468.0235429583,3696184.9272460197,3742794.6541827326,3762183.4357685368,3947147.5886731385,8077213.512318909 
 05/11  02:00:00,5125393.193037201,4247818.628401879,4136246.4692013636,4166726.1074727327,4212399.757705541,4239393.791970437,4482825.417579418,8953169.945395144 
 05/11  03:00:00,5559327.05695735,4724738.541147485,4613907.810694222,4645474.8742132345,4691269.986283544,4725604.683304203,5018379.407555979,9807089.799283482 
 05/11  04:00:00,5794582.441541554,5015110.610416864,4912992.249572655,4944628.79895136,4990144.296970203,5031436.006695012,5354484.620737991,10045456.31445197 
 05/11  05:00:00,5807781.112229442,5076372.841148738,4980808.149856274,5009479.26450765,5052068.6290126955,5097540.663772417,5444007.061810316,10063938.890261125 
 05/11  06:00:00,5987566.177330415,5300211.558001223,5208621.693771498,5232584.660614055,5270955.45251449,5320247.126770753,5703624.20199775,10550609.630144654 
 05/11  07:00:00,5827327.503751606,5192139.04338586,5116610.008810918,5144325.924966346,5184658.276288343,5239750.713810483,5621224.541710828,10020263.659646966 
 05/11  08:00:00,5150746.56407972,4560640.003938193,4510482.2074821,4550143.570334311,4598632.170335792,4660184.966723123,4993678.632171844,8255600.900226016 
 05/11  09:00:00,4512638.920974113,3958665.005976521,3929551.3759537586,3978881.764287726,4033730.7843730366,4100157.8654002203,4398633.374981565,6943672.724520822 
 05/11  10:00:00,3198272.0671223844,2673052.7422619127,2676171.953918187,2745229.01816338,2814213.9663814176,2884513.239361001,3064327.859866658,3901543.8725315053 
 05/11  11:00:00,1823123.4102757403,1314948.5111612943,1332693.7463711817,1408920.8757912316,1482226.9318868043,1538133.7950831237,1534532.1343438323,908840.4133395964 
 05/11  12:00:00,625478.5275073315,203560.84853330394,229813.24556311156,304776.81451025273,383165.7547363546,440509.09181836905,328155.3920106948,0.0 
 05/11  13:00:00,28155.529256907175,0.0,0.0,0.0,0.0,0.0,0.0,0.0 
 05/11  14:00:00,0.0,0.0,0.0,0.0,0.0,0.0,0.0,0.0 
 05/11  15:00:00,0.0,0.0,0.0,0.0,0.0,0.0,0.0,0.0 
 05/11  16:00:00,0.0,0.0,0.0,0.0,0.0,0.0,0.0,0.0 
 05/11  17:00:00,0.0,0.0,0.0,0.0,0.0,0.0,0.0,0.0 
 05/11  18:00:00,0.0,0.0,0.0,0.0,0.0,0.0,0.0,0.0 
 05/11  19:00:00,1406956.5495501768,538392.1049849348,557771.8915175616,726637.1871022886,814421.540506911,825247.5799270696,540908.7724162221,691686.0383254171 
 05/11  20:00:00,1038833.1872813259,476840.02222680574,472547.9508801364,555379.4577592679,641072.769606598,675186.8958843218,559912.8851523012,1188324.8161546565 
 05/11  21:00:00,3602783.9624913544,2761774.880235968,2706065.1259250534,2795916.581839169,2875734.9517310224,2887291.800937275,2844264.050474932,5354552.209694809 
 05/11  22:00:00,4273301.386949178,3476926.447837296,3416848.2750928653,3480477.603368274,3542854.5086868387,3559770.7559061674,3623361.270373988,6777720.002068046 
 05/11  23:00:00,4802208.669596569,4009363.2693687514,3948358.960419083,4011312.063053415,4076793.0755149405,4101042.6074021654,4215310.68391197,7738548.780615751 
 05/11  24:00:00,5173985.41276945,4409355.036382613,4346460.796952357,4405416.3027447,4467426.016150648,4497704.805302078,4667805.679573323,8510335.093221024 
 05/12  01:00:00,5452407.090892896,4724882.290951124,4660859.866727294,4713108.79609574,4769713.852046337,4805271.616153011,5033195.994188401,9230155.170071296 
 05/12  02:00:00,5711991.97067467,5025675.277664573,4962652.953986075,5008795.223237608,5060503.614940471,5101205.469753692,5377456.008050483,9785361.469750945 
 05/12  03:00:00,5915146.498050418,5270369.851818974,5210185.371545759,5251496.6420640545,5299253.584201063,5344586.3908123225,5657700.676336366,10145831.341135511 
 05/12  04:00:00,6118266.93932131,5507132.6890297085,5445986.283642146,5480061.762293288,5522057.16946179,5570486.056982903,5925986.6830039,10692157.894723168 
 05/12  05:00:00,6283507.121664503,5699832.027215225,5635557.158611885,5661395.419553151,5696924.073530426,5747503.463091774,6144759.564954846,11247166.955624951 
 05/12  06:00:00,6326589.65727619,5771814.184610026,5708627.959301362,5729650.887844846,5761233.530573577,5814567.559963213,6240272.255173731,11458986.105735542 
 05/12  07:00:00,6094133.272992734,5576116.282279404,5526687.486890371,5552300.969977844,5586921.182540714,5645911.332673299,6069205.905712027,10868579.424596146 
 05/12  08:00:00,4884748.578573273,4417212.278293678,4415007.680699928,4470856.3517562235,4527750.486004727,4600015.874506994,4931514.700750572,7851205.454197024 
 05/12  09:00:00,2798145.986779762,2388022.3561447044,2455843.487884589,2558556.6704426487,2650858.645306349,2737101.104877677,2872942.222672355,3150271.9334197086 
 05/12  10:00:00,1260966.6906175,918030.8865116852,1023527.808321074,1152357.0370172223,1263935.5896535302,1348682.2182781848,1344152.5604592129,467748.7391266259 
 05/12  11:00:00,174182.05702212435,37399.33129185812,78248.86644007493,146508.5542163055,222106.34317726217,286691.95793513063,186802.5253592481,0.0 
 05/12  12:00:00,0.0,0.0,0.0,0.0,0.0,0.0,0.0,0.0 
 05/12  13:00:00,0.0,0.0,0.0,0.0,0.0,0.0,0.0,0.0 
 05/12  14:00:00,0.0,0.0,0.0,0.0,0.0,0.0,0.0,0.0 
 05/12  15:00:00,0.0,0.0,0.0,0.0,0.0,0.0,0.0,0.0 
 05/12  16:00:00,0.0,0.0,0.0,0.0,0.0,0.0,0.0,0.0 
 05/12  17:00:00,0.0,0.0,0.0,0.0,0.0,0.0,0.0,0.0 
 05/12  18:00:00,877817.8925418907,173111.56550783652,152791.2028819946,216005.18932139743,268409.9081258421,239586.0064850697,35603.4557245599,0.0 
 05/12  19:00:00,1665328.6472902517,769380.7383755251,743226.3646295381,816462.0943415139,921374.6353633674,896011.921782537,615513.5420972802,611674.3416435653 
 05/12  20:00:00,1058397.5296950273,343474.41264804226,338846.09403659706,473310.0672071902,590665.6087412615,597376.109378945,319194.37925085076,491404.1722961717 
 05/12  21:00:00,2947471.995880001,2091935.0738505705,2033162.8865544656,2117279.532235052,2188243.756119735,2169321.3099822784,1982758.7654978544,3395516.4805729846 
 05/12  22:00:00,3407312.112225738,2611192.729077433,2551866.123840996,2619543.6202486716,2677152.5199579555,2668750.3378904937,2589139.1901725437,4543886.361978482 
 05/12  23:00:00,3777705.8137422935,2982281.7884767023,2923019.217756637,2977807.9427876184,3030643.6477260767,3028884.5076033277,3037233.3114766693,5423766.7059981525 
 05/12  24:00:00,4050152.9547114624,3263250.5149038397,3199698.4731362103,3254888.1487798067,3307770.7181158722,3312157.1014905847,3358597.6158280307,6016483.731174454 
 05/13  01:00:00,4333778.996901754,3573729.7261062525,3508545.8105361387,3559318.7904599602,3609171.712365629,3620304.0067158886,3716849.9076823564,6642113.7559509855 
 05/13  02:00:00,4589629.946727796,3863170.1120524574,3798127.4871716513,3843885.1968638473,3890345.880004052,3908193.659941746,4053545.184645818,7204320.245501114 
 05/13  03:00:00,4852957.652937283,4156758.534609799,4089571.2157754386,4128273.7908853716,4169797.2627650904,4193175.999863705,4390896.712727395,7881658.575642754 
 05/13  04:00:00,5125422.663810041,4460751.704029352,4392458.141397985,4424653.600226909,4461604.884072091,4490369.010266181,4738246.14746305,8565507.309760867 
 05/13  05:00:00,5329213.930978598,4697042.631545008,4630377.959273189,4658195.852213451,4692061.054055249,4726024.013671172,5013086.2896416895,9035955.899928397 
 05/13  06:00:00,5448609.487747486,4843519.737012336,4777137.325240647,4800011.57997361,4830343.586244716,4868480.807310494,5190435.565450824,9396577.288939308 
 05/13  07:00:00,5255705.566232928,4683623.36199978,4626680.936800176,4651177.881251683,4682740.996014778,4726660.337976482,5056331.50399239,8982985.915901825 
 05/13  08:00:00,4756200.007292893,4230082.967089314,4201001.576371113,4240979.633920704,4283987.935611345,4337612.521869088,4633833.90309001,7639181.458077901 
 05/13  09:00:00,3764611.9773206,3286655.5407824754,3300985.647394756,3369359.2706745695,3433578.8331967313,3499225.9114686716,3705892.7493992914,5091128.640210371 
 05/13  10:00:00,2922773.8666471518,2456030.3451876,2488746.1510380297,2569442.94146342,2642993.500412032,2711068.142924116,2836206.675844069,3159948.3096141466 
 05/13  11:00:00,2260852.507653591,1788743.740314036,1822789.5578894385,1904339.4272113363,1978740.6402097298,2042305.3758778872,2095090.8707493613,1895411.4748004095 
 05/13  12:00:00,1079354.4775784642,630663.2906117957,681619.704534486,771038.8081925325,848021.0360776575,899031.0241187575,838358.9353020667,166672.43394374382 
 05/13  13:00:00,43912.1578608494,0.0,0.0,0.0,15530.167087139853,25612.370694754645,0.0,0.0 
 05/13  14:00:00,0.0,0.0,0.0,0.0,0.0,0.0,0.0,0.0 
 05/13  15:00:00,0.0,0.0,0.0,0.0,0.0,0.0,0.0,0.0 
 05/13  16:00:00,0.0,0.0,0.0,0.0,0.0,0.0,0.0,0.0 
 05/13  17:00:00,1105496.9537287354,217105.29159634025,155757.2742034463,206132.9017968805,280780.6412718303,227817.99582394015,0.0,0.0 
 05/13  18:00:00,1815376.793200939,1010229.792450885,930860.9863847538,982592.577680436,1032328.2758386864,1008694.4295580629,807390.3784048264,976869.9928865855 
 05/13  19:00:00,2084859.4198668087,1438877.2767931833,1376284.4969543978,1409740.3050031937,1443279.834131313,1432310.352013343,1315735.3807006832,2128873.1171420207 
 05/13  20:00:00,762377.6263035674,246475.6066721355,213037.30951728212,246746.76632916968,284888.3982459156,296346.5208328504,247642.19972085702,701896.3355644301 
 05/13  21:00:00,3282853.577161915,2498422.2493258,2423638.235437642,2438133.779403591,2458244.471025873,2453589.1435358543,2488330.367729402,4664086.070904341 
 05/13  22:00:00,4062731.9088497376,3262347.4226305466,3169154.2649538014,3196098.1905263,3231147.7171575185,3237315.9805552713,3317345.2038119566,6258692.826894608 
 05/13  23:00:00,4427525.090012981,3655187.757935576,3560746.6847341945,3584318.342787304,3617108.183372255,3629891.9432436936,3769765.993775221,7163702.865919396 
 05/13  24:00:00,4759612.906861274,4024373.4763749177,3933313.2825689036,3954740.4701261693,3986041.263835,4005899.2558015515,4196500.2412393745,7826699.808577319 
 05/14  01:00:00,5415638.3591877315,4724495.329895382,4637115.0715787085,4655910.902524606,4685307.283768211,4712576.7558038235,4968908.4527346855,9150053.545411423 
 05/14  02:00:00,5950599.467249036,5302070.236058042,5216427.949878665,5230601.183469817,5256480.279701382,5290351.573422287,5619733.69910841,10534560.837040503 
 05/14  03:00:00,6322470.504198542,5713858.657499988,5630894.625939593,5641248.47887251,5664147.749900624,5703990.119659095,6093862.7964077145,11549829.227385443 
 05/14  04:00:00,6393316.347993844,5818745.697315751,5740401.806447621,5748953.096137574,5770375.463231112,5815112.22776018,6235683.200052512,11719013.72886542 
 05/14  05:00:00,6308016.857331894,5759793.52101549,5686605.006111938,5694473.85439851,5715238.924964281,5763688.673957988,6195983.953353509,11464967.786359582 
 05/14  06:00:00,6267276.082699458,5743910.272709399,5676096.143942932,5683774.893114799,5704243.695888213,5756184.301390079,6198534.937109766,11321428.17622396 
 05/14  07:00:00,5966298.541096271,5470079.3018122995,5415681.281690249,5429264.948400875,5453974.003045617,5510887.539891626,5940660.80534146,10562276.16406118 
 05/14  08:00:00,4994126.432859127,4537556.472364487,4521248.832416838,4559827.6216153875,4602919.979160311,4670243.568995645,5021975.360236878,8082771.941653284 
 05/14  09:00:00,3716423.892658874,3296738.8132421444,3326423.835962283,3397205.8663595566,3464058.9716189657,3541329.661220587,3771693.7735083047,4933560.032536408 
 05/14  10:00:00,2497501.417147936,2082964.3038849523,2134030.1384805217,2219805.750227759,2297609.9153425195,2371944.9889868964,2452804.9778905595,2289297.6333530415 
 05/14  11:00:00,1122473.5946106464,736128.5749477233,790787.1438667674,881775.1857850237,969925.5096481618,1033988.5457883575,981648.1550372832,263045.66134226625 
 05/14  12:00:00,0.0,0.0,0.0,0.0,0.0,0.0,0.0,0.0 
 05/14  13:00:00,0.0,0.0,0.0,0.0,0.0,0.0,0.0,0.0 
 05/14  14:00:00,0.0,0.0,0.0,0.0,0.0,0.0,0.0,0.0 
 05/14  15:00:00,0.0,0.0,0.0,0.0,0.0,0.0,0.0,0.0 
 05/14  16:00:00,0.0,0.0,0.0,0.0,0.0,0.0,0.0,0.0 
 05/14  17:00:00,0.0,0.0,0.0,0.0,0.0,0.0,0.0,0.0 
 05/14  18:00:00,0.0,0.0,0.0,0.0,0.0,0.0,0.0,0.0 
 05/14  19:00:00,0.0,0.0,0.0,0.0,0.0,0.0,0.0,0.0 
 05/14  20:00:00,0.0,0.0,0.0,0.0,0.0,0.0,0.0,0.0 
 05/14  21:00:00,884488.9595208806,0.0,0.0,0.0,0.0,0.0,0.0,0.0 
 05/14  22:00:00,1777257.2507887045,483455.9072541292,327362.62261817465,412359.08456649195,508980.918289008,461870.00004745787,168925.09746195283,1167527.281277973 
 05/14  23:00:00,2500985.6602414525,1294270.6190299797,1155564.7881944098,1224792.474645611,1295682.0661271792,1263656.2304440464,1059448.2287415478,3106813.447639307 
 05/14  24:00:00,3093459.070704719,2022374.0442128736,1879254.295369124,1936786.475673889,1997846.9650663116,1975039.6615760168,1890997.3809307166,4577024.763669638 
 05/15  01:00:00,3478991.6825323747,2537084.324662006,2404372.6424862635,2450905.9503121073,2503027.8703736365,2492306.4571259296,2502435.796954819,5455158.591236711 
 05/15  02:00:00,3770178.614916986,2873275.2778975368,2747800.6315891854,2779907.359916493,2820043.7471971256,2818861.038883301,2914646.7682706197,6157532.439464194 
 05/15  03:00:00,4120251.44860822,3221370.4632572355,3101094.83111121,3121519.129883088,3153675.9659921764,3159528.6948628407,3328001.6968705924,6928628.121598984 
 05/15  04:00:00,4441302.280282564,3567016.2369449027,3440542.862447071,3459600.1343657896,3491837.0734518915,3503240.66514038,3714977.709127362,7680939.768033026 
 05/15  05:00:00,4724336.281408861,3893267.437934706,3769823.3295121654,3786344.274238777,3816797.4658283144,3835151.8896848424,4093069.4183958527,8317383.402767313 
 05/15  06:00:00,4835097.946631768,4055874.2914141524,3942276.550156652,3958974.4057468865,3989380.8266833234,4015337.2675435385,4303696.235253341,8491400.306826279 
 05/15  07:00:00,4505213.544013381,3793032.689453774,3706403.8286842355,3734210.1849047365,3772404.7293393584,3808675.6298648054,4081434.6946023656,7477914.65185092 
 05/15  08:00:00,3574847.1713002557,2944403.2464812654,2906986.2477916908,2962038.1403622697,3019848.748755722,3070338.724500503,3270828.56274906,5089405.839337308 
 05/15  09:00:00,2484296.9409334464,1920690.9805736155,1921759.058600324,1997180.3012866178,2069453.846323513,2128599.673354591,2253960.7263022903,2883118.609309143 
 05/15  10:00:00,1264694.1654328112,758077.2289378569,788864.592712006,873499.1291111903,950754.2149786837,1007696.5768952636,1020644.7946030501,733025.5144979602 
 05/15  11:00:00,175507.46624506573,19915.75735185907,28901.843389459827,56027.279161917984,85109.79996282404,107808.85474473325,96109.04290987238,0.0 
 05/15  12:00:00,0.0,0.0,0.0,0.0,0.0,0.0,0.0,0.0 
 05/15  13:00:00,0.0,0.0,0.0,0.0,0.0,0.0,0.0,0.0 
 05/15  14:00:00,0.0,0.0,0.0,0.0,0.0,0.0,0.0,0.0 
 05/15  15:00:00,0.0,0.0,0.0,0.0,0.0,0.0,0.0,0.0 
 05/15  16:00:00,0.0,0.0,0.0,0.0,0.0,0.0,0.0,0.0 
 05/15  17:00:00,0.0,0.0,0.0,0.0,0.0,0.0,0.0,0.0 
 05/15  18:00:00,0.0,0.0,0.0,0.0,0.0,0.0,0.0,0.0 
 05/15  19:00:00,0.0,0.0,0.0,0.0,0.0,0.0,0.0,0.0 
 05/15  20:00:00,0.0,0.0,0.0,0.0,0.0,0.0,0.0,0.0 
 05/15  21:00:00,0.0,0.0,0.0,0.0,0.0,0.0,0.0,0.0 
 05/15  22:00:00,680719.8932711049,0.0,0.0,0.0,0.0,0.0,0.0,379317.7503458195 
 05/15  23:00:00,1568961.0066608526,213079.5618381977,94762.38705570575,131712.81499111938,201329.1002516475,206158.89449981478,126353.88207085052,2126703.7006916683 
 05/15  24:00:00,2262524.6717976406,996618.4630577641,823384.7514522249,896040.439851895,979823.7076622593,990303.3429240095,957044.8247114443,3550729.7195166787 
 05/16  01:00:00,2816382.29697737,1689424.2930114183,1517613.9652563217,1572905.965022887,1645478.648532195,1661597.1033705487,1725443.625772797,4708393.541354836 
 05/16  02:00:00,3388454.5286721364,2385188.3977328385,2221651.6885311725,2263398.5681626145,2323792.3274842557,2345788.662851712,2488713.5514970785,5812058.538539825 
 05/16  03:00:00,3949588.7311138147,3008593.7684118445,2861046.585826573,2891745.8105589747,2940990.2466336554,2968749.674306496,3177495.022972285,6777466.637451591 
 05/16  04:00:00,4406138.56579972,3480746.614149824,3350039.764263056,3372443.2378416774,3414275.8021488246,3447463.864408248,3703480.8304283,7579519.565999569 
 05/16  05:00:00,4553746.817104354,3665356.5265074186,3534464.853456992,3559388.137885782,3604224.6620534016,3643582.96466185,3924943.015418046,7809688.490644486 
 05/16  06:00:00,4457393.756580438,3618686.712163549,3496747.770532459,3522357.8554687602,3567008.6836500578,3610995.459136731,3904978.4043091387,7576066.296247397 
 05/16  07:00:00,4456147.275498298,3671301.402260962,3561769.0138665903,3588507.9793395987,3632979.895917722,3681563.9498612992,3987541.3056796957,7512957.331133421 
 05/16  08:00:00,4415283.075416419,3697400.8423083397,3609920.0833647633,3643657.0460826466,3692070.982090262,3747608.9475014075,4057917.6857741913,7325221.962537542 
 05/16  09:00:00,4024593.453139685,3398292.81528076,3354858.2152115847,3410194.3192469925,3472931.3852321245,3540354.957480461,3823529.3986230795,6342313.531688143 
 05/16  10:00:00,3577327.6344591174,3036652.54923816,3039408.535841533,3119282.2636124194,3198660.168071097,3277966.3852800727,3522064.651854153,5226563.84232249 
 05/16  11:00:00,3107209.7304792632,2645521.8468567384,2691583.19642673,2794908.33831503,2890131.8873225506,2979654.780739345,3181989.065511193,4182123.3675366463 
 05/16  12:00:00,2337486.2895173384,1954420.586179555,2045003.955479135,2173335.2014751686,2286716.517439088,2384125.139272432,2500728.723423128,2547482.851028479 
 05/16  13:00:00,1829829.063196623,1460095.722377296,1561381.415516527,1693121.9686054876,1805149.7212737116,1896167.0403671204,1945770.7038136867,1614396.3569169198 
 05/16  14:00:00,1308195.6666312458,990022.6375884769,1106684.172635722,1245533.863669305,1363953.142914735,1453347.1702997251,1444895.4463500646,712659.084704156 
 05/16  15:00:00,769524.6174101981,551489.9767977884,700984.18283051,857457.1577636234,986423.9086062387,1080122.1548848045,1051850.6108158631,24858.460694679525 
 05/16  16:00:00,417235.63719167875,214537.31500496215,384293.5245529909,562815.3735631553,698248.0160714127,789373.1946604939,749061.8633359163,0.0 
 05/16  17:00:00,636264.4104986758,437747.53531038004,599279.3462905451,771441.8223569199,914674.1587016879,1014491.9747218082,967919.3782643985,167793.87472396338 
 05/16  18:00:00,906567.8492770517,655487.1651686147,818583.9180940443,994884.0268309432,1141799.718951373,1248572.5070741843,1265297.379799957,1043647.2133209115 
 05/16  19:00:00,1220174.4532035913,906097.1135975067,1057493.5501117187,1224401.9953617768,1363818.1681109155,1472993.819819701,1573495.5366844954,2277103.121577503 
 05/16  20:00:00,1550717.2014030514,1211534.260537452,1353384.6922370316,1512570.6639555718,1643274.9211375227,1749971.5346653056,1949795.1874105711,3902305.4466373688 
 05/16  21:00:00,3730543.1893834556,3107005.9056765125,3107966.8085978404,3183565.5266420916,3255729.9801619966,3326597.8162249667,3557782.229528861,6428959.008034371 
 05/16  22:00:00,4076607.3434721273,3458840.689204824,3451275.5219627116,3518399.4541166252,3583779.7460539346,3653763.4930181503,3920611.7440872556,7065136.194933701 
 05/16  23:00:00,4426727.623552172,3820786.8310947847,3805350.8610090315,3864102.9307315955,3923213.9472128795,3992656.9559847424,4291680.92156663,7698115.597031354 
 05/16  24:00:00,4687718.353338099,4097533.800164913,4076279.776306035,4127848.297157226,4181559.8000927204,4250552.591280261,4574884.953697093,8156206.983621376 
 05/17  01:00:00,5033488.729866548,4455981.426139874,4426081.937861855,4468552.044053893,4515494.763687802,4583223.200084481,4938529.554288128,8836466.532183934 
 05/17  02:00:00,5545260.705097905,4984726.726997275,4946969.837670954,4980785.743630716,5021367.873559119,5088571.6552334055,5480555.501768995,9803847.109526305 
 05/17  03:00:00,6092878.6450199485,5561679.255101322,5522639.636201165,5552009.500887185,5589233.668693102,5657732.808405065,6082874.059246349,10758996.037056824 
 05/17  04:00:00,6547241.464338849,6047591.526347165,6009666.616432043,6036238.72363707,6071253.46765966,6141397.240216711,6594125.91076546,11537548.250612833 
 05/17  05:00:00,6889067.198185916,6419833.39277022,6384539.258394643,6409603.252179546,6443316.918618561,6515122.020338597,6988643.511223245,12103281.812071122 
 05/17  06:00:00,7224497.015761608,6787109.303357024,6755906.894364839,6780563.79205556,6813763.207716348,6887618.614060473,7380828.332362135,12659473.315941561 
 05/17  07:00:00,7120341.1150450455,6732382.448461466,6721929.810664564,6757382.615248913,6798081.203175562,6878400.6412217,7370106.482524476,12401439.776039518 
 05/17  08:00:00,5781475.079056796,5475653.587423449,5531177.438138459,5609813.472187158,5681647.969489504,5780748.100472509,6200284.00064802,9699520.684797963 
 05/17  09:00:00,3793867.688375431,3543744.0629150616,3667854.550985158,3797088.689056416,3901631.2268410497,4015359.8111783285,4290192.5897225225,5496561.075728586 
 05/17  10:00:00,2573258.8407093952,2379225.628195367,2549368.395765316,2704566.207516522,2828193.0023381617,2940933.76200692,3088297.5134979584,3065974.7169069583 
 05/17  11:00:00,1656610.900038187,1441002.8203321563,1611515.4467355998,1769579.599827928,1895259.7159640207,2000708.631102331,2049599.1645130296,1502860.9746804796 
 05/17  12:00:00,1200505.7528195465,927932.9248961703,1062736.237416073,1200627.4842691696,1317483.6401284074,1412752.1143808495,1419350.8793609873,710336.9536153318 
 05/17  13:00:00,722110.8029310097,442621.92191792565,576204.2820074843,706463.4966266749,817118.9180755087,901168.9446322693,863185.4414013783,19419.315818611358 
 05/17  14:00:00,321905.1345483036,86320.76643061009,202665.51755115943,337777.82862056047,443210.40565294825,518752.3939762599,467324.9478100712,0.0 
 05/17  15:00:00,16645.055331397452,0.0,0.0,29293.05861655449,90269.4040986331,155523.6590124434,87580.18167441187,0.0 
 05/17  16:00:00,0.0,0.0,0.0,0.0,0.0,338.87329487042734,0.0,0.0 
 05/17  17:00:00,0.0,0.0,0.0,0.0,0.0,0.0,0.0,0.0 
 05/17  18:00:00,321855.44201964804,0.0,3988.814942532918,83731.29825398064,185477.29250845732,257558.08132562233,168995.14975588827,0.0 
 05/17  19:00:00,303471.78848299664,0.0,19099.201985054242,130565.19653212745,232636.76688259584,301222.90004565,281205.83424891665,177985.66742624243 
 05/17  20:00:00,911955.8255973563,442860.41413565114,520400.84396690363,638022.3735255117,737848.3672029834,822460.4279215754,888759.2845087771,1834787.0067389843 
 05/17  21:00:00,2937494.9890005225,2258930.195535983,2259825.3781893454,2344842.5577765536,2422197.093271991,2479011.5251779864,2601569.152240067,4602981.366847523 
 05/17  22:00:00,3550589.3335589096,2876771.5750183463,2871378.2808944033,2950324.4549005264,3022789.130436615,3082537.7967415275,3254870.594714985,5700718.647965053 
 05/17  23:00:00,4156605.0626110593,3495324.6859034393,3480930.0053369347,3550760.9235670874,3616568.304263361,3677378.36082012,3901658.1301531466,6865768.919075765 
 05/17  24:00:00,4605510.796449268,3960487.713893151,3936954.19847259,3996817.1364513617,4055414.400464409,4116590.6048223106,4386392.82765197,7785309.202524287 
 05/18  01:00:00,5034924.264848579,4407805.362576876,4374112.500442485,4422831.95989034,4473310.6650875425,4534342.420382841,4852860.911152295,8764879.974799357 
 05/18  02:00:00,5566981.52199103,4960607.58653543,4917206.464257969,4954999.725308215,4997579.098387006,5058724.260250615,5428401.777806804,9923816.925529858 
 05/18  03:00:00,6115681.009988338,5543128.437515265,5497559.1753337085,5529326.354849692,5567530.904149535,5630737.917879303,6043552.143041646,10965555.906448513 
 05/18  04:00:00,6581015.212828787,6045720.262522882,6001382.430407719,6029468.374576004,6064929.381853933,6130732.653004657,6579862.363968829,11825917.343991255 
 05/18  05:00:00,7131579.5378226675,6631428.445890168,6587059.231084384,6610843.240534595,6643114.2025736775,6711165.275646396,7200335.820555318,12878075.698220389 
 05/18  06:00:00,7710757.834324606,7248957.632265428,7206552.834605805,7227466.841778539,7257592.3203180395,7328583.779165024,7857953.16307368,13985048.484832525 
 05/18  07:00:00,7523187.401154253,7114605.914539944,7096150.909667994,7129755.396616834,7169084.921041345,7248086.333500989,7764650.471641736,13322007.704703245 
 05/18  08:00:00,5832120.025573053,5467035.351076511,5504136.04243,5576632.313414412,5645040.040973324,5738434.983055155,6127838.541746801,9225467.867140928 
 05/18  09:00:00,3934271.2310228655,3568234.1460400145,3640831.2998567494,3740302.6546523925,3829371.1584054735,3924207.0269052284,4126225.103098416,4697158.84342391 
 05/18  10:00:00,2366576.488676909,1985327.6656455186,2071892.8182888688,2186160.4992516297,2286524.011968155,2370548.209762237,2376679.169151954,1432755.6735826673 
 05/18  11:00:00,1072208.5500502521,704693.5446071918,801072.0749957793,924650.0472736778,1028456.7672737526,1098652.8906448805,996354.9888423558,0.0 
 05/18  12:00:00,446956.7426765527,31702.58812023676,70313.72678746266,199743.30608413147,310745.15656709264,370513.9310360915,82031.1363492292,0.0 
 05/18  13:00:00,640050.2898551393,175140.08078300685,228213.85678528753,336154.14101273054,427479.6451529721,468410.2853475488,130246.56188040388,0.0 
 05/18  14:00:00,269079.13694972673,9381.036794499962,20318.670128169473,61519.888110100874,108181.70049612672,128164.13720232958,5743.999363128388,0.0 
 05/18  15:00:00,0.0,0.0,0.0,0.0,0.0,0.0,0.0,0.0 
 05/18  16:00:00,73850.55309833553,0.0,0.0,0.0,0.0,0.0,0.0,0.0 
 05/18  17:00:00,101159.84700755216,0.0,0.0,0.0,0.0,0.0,0.0,0.0 
 05/18  18:00:00,8798.827430758683,0.0,0.0,0.0,0.0,0.0,0.0,0.0 
 05/18  19:00:00,0.0,0.0,0.0,0.0,0.0,0.0,0.0,0.0 
 05/18  20:00:00,242897.23917308293,0.0,0.0,0.0,0.0,0.0,0.0,0.0 
 05/18  21:00:00,2372777.0783774485,1479387.805841722,1391411.111587199,1479531.8611515816,1564355.1805142283,1566564.8211978655,1395601.6376291665,2591149.593461292 
 05/18  22:00:00,3027735.741989581,2202245.153485163,2121852.8309615185,2164075.3081500167,2210116.6366168912,2212285.9390709815,2201160.0719996393,4273173.695523748 
 05/18  23:00:00,3499640.340336677,2666107.8020063085,2577887.9060907224,2615857.8696171017,2661042.570168359,2668218.9277469576,2720959.740148242,5471099.616704378 
 05/18  24:00:00,3715408.436148856,2897508.885504035,2802805.7584832115,2835037.330883164,2875873.5224607754,2887828.963235235,2993105.115536414,6106298.894926594 
 05/19  01:00:00,4263361.847248659,3475301.281960584,3376717.692570167,3402077.974277946,3437851.046288609,3455600.5491448324,3629948.1271416564,7320472.812317871 
 05/19  02:00:00,4964620.384780548,4223927.824964268,4128526.7577511985,4150313.3839160483,4183331.3756297855,4208766.907430548,4454876.246580331,8763974.641452795 
 05/19  03:00:00,5563921.535913042,4874272.2404156625,4785170.807265508,4805036.192130077,4836444.062574634,4869564.660724152,5176466.286259693,9924140.162664602 
 05/19  04:00:00,6135227.298043068,5492674.621251187,5407788.34246544,5424267.86324627,5452966.579013049,5492501.006447597,5858185.800473039,11079016.300142244 
 05/19  05:00:00,6515929.236343408,5915498.6695191255,5834345.295704381,5847307.2802116675,5873138.391471392,5918007.935937615,6332694.769103448,11914505.587981954 
 05/19  06:00:00,6711018.514254948,6149511.270212706,6074294.903921596,6085813.787242819,6110326.015999017,6160332.68288455,6607514.125935967,12290688.608473504 
 05/19  07:00:00,6358741.373792626,5847184.713515709,5798980.449973553,5824791.772636083,5859766.12964042,5919991.236408383,6347662.0450273845,11207856.700743165 
 05/19  08:00:00,4131631.8661870435,3639446.098796541,3642314.433830264,3704167.4687964157,3766361.1056471323,3837923.7262415257,4090698.7416245556,5868529.840282022 
 05/19  09:00:00,1737452.2115143933,1275850.1155417268,1318041.9596653678,1405695.3461412373,1487588.6526178569,1555730.3992690882,1585817.6997266174,1101354.258444837 
 05/19  10:00:00,129626.05474906017,23693.195832503265,34166.68435811008,56935.6346493645,89062.03540796707,110347.45763824465,86953.49571381375,0.0 
 05/19  11:00:00,0.0,0.0,0.0,0.0,0.0,0.0,0.0,0.0 
 05/19  12:00:00,0.0,0.0,0.0,0.0,0.0,0.0,0.0,0.0 
 05/19  13:00:00,0.0,0.0,0.0,0.0,0.0,0.0,0.0,0.0 
 05/19  14:00:00,0.0,0.0,0.0,0.0,0.0,0.0,0.0,0.0 
 05/19  15:00:00,0.0,0.0,0.0,0.0,0.0,0.0,0.0,0.0 
 05/19  16:00:00,0.0,0.0,0.0,0.0,0.0,0.0,0.0,0.0 
 05/19  17:00:00,0.0,0.0,0.0,0.0,0.0,0.0,0.0,0.0 
 05/19  18:00:00,0.0,0.0,0.0,0.0,0.0,0.0,0.0,0.0 
 05/19  19:00:00,0.0,0.0,0.0,0.0,0.0,0.0,0.0,0.0 
 05/19  20:00:00,0.0,0.0,0.0,0.0,0.0,0.0,0.0,0.0 
 05/19  21:00:00,146450.1684939445,0.0,0.0,0.0,0.0,0.0,0.0,0.0 
 05/19  22:00:00,842794.1149288337,0.0,0.0,0.0,0.0,0.0,0.0,0.0 
 05/19  23:00:00,1439230.393648085,197343.53875633387,76873.7191048378,99679.01009674533,141349.59871986648,108137.91313235852,0.0,751168.8242849647 
 05/19  24:00:00,1922886.9908466968,780454.9935785485,603160.0190158861,650007.6674913099,706458.2410410615,671525.507698508,502701.7584804169,2010050.7666286067 
 05/20  01:00:00,2411169.67978168,1380076.7016218104,1204445.3878463537,1238667.7588573277,1285926.900182353,1258845.3290721942,1187396.444716514,3256267.179112643 
 05/20  02:00:00,3016156.564915211,2045537.628156478,1876405.089448899,1898543.5267729207,1935883.1869816352,1919375.91662785,1952023.3733714486,4732573.938817945 
 05/20  03:00:00,3640711.9500425914,2692345.004852281,2540287.103440313,2551418.9531305833,2578396.9095584294,2574091.067855456,2706896.9384896457,6137145.509723026 
 05/20  04:00:00,4187755.6745845918,3253288.257548959,3101267.5576488487,3107382.5826524715,3132548.3838919103,3135388.2971790023,3337402.133984139,7262023.892698511 
 05/20  05:00:00,4719187.695789532,3826384.0387957594,3672389.44994717,3677083.281525072,3701146.5013404367,3710769.526352793,3965081.345833766,8368541.552476342 
 05/20  06:00:00,5100516.823564084,4261427.384021452,4114631.4265496987,4118247.091847377,4141522.3873990625,4159157.8772217166,4460759.31524699,9113526.224943066 
 05/20  07:00:00,4762673.379931509,4006310.8483838295,3895459.7496367055,3915289.8943823907,3950011.97292805,3981516.442639532,4269277.704026128,8054816.777418696 
 05/20  08:00:00,3012408.2166263326,2345384.0995758674,2299673.6011947663,2352877.108741265,2412508.8152049067,2458509.925465417,2601632.557649142,3754072.4252702734 
 05/20  09:00:00,1104595.8730851635,547717.4368602296,544920.9673771881,612594.2468224211,688052.8687657717,733844.9623976238,705205.5698647121,325113.55560500966 
 05/20  10:00:00,40055.86241713317,0.0,0.0,0.0,0.0,0.0,0.0,0.0 
 05/20  11:00:00,0.0,0.0,0.0,0.0,0.0,0.0,0.0,0.0 
 05/20  12:00:00,0.0,0.0,0.0,0.0,0.0,0.0,0.0,0.0 
 05/20  13:00:00,0.0,0.0,0.0,0.0,0.0,0.0,0.0,0.0 
 05/20  14:00:00,0.0,0.0,0.0,0.0,0.0,0.0,0.0,0.0 
 05/20  15:00:00,0.0,0.0,0.0,0.0,0.0,0.0,0.0,0.0 
 05/20  16:00:00,0.0,0.0,0.0,0.0,0.0,0.0,0.0,0.0 
 05/20  17:00:00,0.0,0.0,0.0,0.0,0.0,0.0,0.0,0.0 
 05/20  18:00:00,0.0,0.0,0.0,0.0,0.0,0.0,0.0,0.0 
 05/20  19:00:00,0.0,0.0,0.0,0.0,0.0,0.0,0.0,0.0 
 05/20  20:00:00,0.0,0.0,0.0,0.0,0.0,0.0,0.0,0.0 
 05/20  21:00:00,0.0,0.0,0.0,0.0,0.0,0.0,0.0,0.0 
 05/20  22:00:00,475870.0587533531,0.0,0.0,0.0,0.0,0.0,0.0,0.0 
 05/20  23:00:00,1091784.7894579275,0.0,0.0,0.0,0.0,0.0,0.0,0.0 
 05/20  24:00:00,1570749.139367424,250773.68043023598,58068.28704307554,53353.92857840052,65592.76442621631,18238.314385054404,0.0,746240.090838018 
 05/21  01:00:00,2059133.7789103696,872294.5239360824,617621.2667888307,615008.6740324739,639412.8218607032,583014.1397342813,361733.23869123997,2076392.9339376716 
 05/21  02:00:00,2762780.0243788604,1676647.3787562717,1431684.6456386093,1423130.780312349,1441205.004973401,1386247.770016169,1319705.5395852993,3899698.6077864626 
 05/21  03:00:00,3599295.6466864157,2580057.387542681,2358263.9288260965,2345603.320847654,2359249.975795693,2321793.4154658597,2384128.921874183,5923650.842762047 
 05/21  04:00:00,4065963.176501614,3076314.7940243334,2892912.2568139373,2881105.1895223046,2892968.7087851227,2874269.568156419,3017455.5217135297,6692259.134642567 
 05/21  05:00:00,4462911.479329355,3507459.831805542,3324996.975228412,3314674.0423615053,3327239.5004849476,3319810.298035478,3519417.788806759,7339366.522799936 
 05/21  06:00:00,4523134.611574842,3622117.508143597,3448706.2802684535,3440556.5560160195,3455699.3156813304,3454726.9357422926,3672776.9600771945,7379012.376995448 
 05/21  07:00:00,4114360.8736601714,3269076.6248847153,3116997.971703393,3116099.615771813,3136235.6695002997,3143712.9182337844,3341732.036383831,6220579.462824971 
 05/21  08:00:00,3011132.957132861,2206129.5776070026,2078817.9967027977,2086184.8648363976,2111345.918594793,2122254.8930836874,2229239.8957235287,3436498.0902440567 
 05/21  09:00:00,1520748.3768748238,776834.5124129134,675268.9437404522,684021.3145647694,706405.4686849734,709393.1960865331,682351.8029590459,528136.1151393547 
 05/21  10:00:00,289561.71308206685,7508.364910971432,0.0,0.0,0.0,0.0,0.0,0.0 
 05/21  11:00:00,0.0,0.0,0.0,0.0,0.0,0.0,0.0,0.0 
 05/21  12:00:00,0.0,0.0,0.0,0.0,0.0,0.0,0.0,0.0 
 05/21  13:00:00,0.0,0.0,0.0,0.0,0.0,0.0,0.0,0.0 
 05/21  14:00:00,0.0,0.0,0.0,0.0,0.0,0.0,0.0,0.0 
 05/21  15:00:00,0.0,0.0,0.0,0.0,0.0,0.0,0.0,0.0 
 05/21  16:00:00,0.0,0.0,0.0,0.0,0.0,0.0,0.0,0.0 
 05/21  17:00:00,0.0,0.0,0.0,0.0,0.0,0.0,0.0,0.0 
 05/21  18:00:00,0.0,0.0,0.0,0.0,0.0,0.0,0.0,0.0 
 05/21  19:00:00,0.0,0.0,0.0,0.0,0.0,0.0,0.0,0.0 
 05/21  20:00:00,0.0,0.0,0.0,0.0,0.0,0.0,0.0,0.0 
 05/21  21:00:00,0.0,0.0,0.0,0.0,0.0,0.0,0.0,0.0 
 05/21  22:00:00,0.0,0.0,0.0,0.0,0.0,0.0,0.0,0.0 
 05/21  23:00:00,0.0,0.0,0.0,0.0,0.0,0.0,0.0,0.0 
 05/21  24:00:00,0.0,0.0,0.0,0.0,0.0,0.0,0.0,0.0 
 05/22  01:00:00,0.0,0.0,0.0,0.0,0.0,0.0,0.0,0.0 
 05/22  02:00:00,288208.9062479427,0.0,0.0,0.0,0.0,0.0,0.0,0.0 
 05/22  03:00:00,859985.8998061332,0.0,0.0,0.0,0.0,0.0,0.0,466277.6550666095 
 05/22  04:00:00,1611059.067290972,0.0,0.0,0.0,0.0,0.0,0.0,2332859.455768942 
 05/22  05:00:00,2252379.4940237524,639680.8986882825,137940.72928457754,52256.30755150488,12082.81410532363,0.0,11436.692985970876,4028007.559701751 
 05/22  06:00:00,2877072.4380772198,1450572.257283838,980092.709967772,848133.4985241031,806352.4211580094,725614.8491768704,901671.1285364174,5371655.038753318 
 05/22  07:00:00,2668457.239772921,1423298.0212868715,1033909.1695717669,926983.6839636118,890212.0213755217,846521.6575151236,1030497.0198827053,4501597.03299397 
 05/22  08:00:00,705987.8292273717,144805.69083403243,49168.97133739258,31627.184777249935,26191.62682144525,20372.82520274894,36851.964857547144,502671.9746525137 
 05/22  09:00:00,0.0,0.0,0.0,0.0,0.0,0.0,0.0,0.0 
 05/22  10:00:00,0.0,0.0,0.0,0.0,0.0,0.0,0.0,0.0 
 05/22  11:00:00,0.0,0.0,0.0,0.0,0.0,0.0,0.0,0.0 
 05/22  12:00:00,0.0,0.0,0.0,0.0,0.0,0.0,0.0,0.0 
 05/22  13:00:00,0.0,0.0,0.0,0.0,0.0,0.0,0.0,0.0 
 05/22  14:00:00,0.0,0.0,0.0,0.0,0.0,0.0,0.0,0.0 
 05/22  15:00:00,0.0,0.0,0.0,0.0,0.0,0.0,0.0,0.0 
 05/22  16:00:00,0.0,0.0,0.0,0.0,0.0,0.0,0.0,0.0 
 05/22  17:00:00,0.0,0.0,0.0,0.0,0.0,0.0,0.0,0.0 
 05/22  18:00:00,0.0,0.0,0.0,0.0,0.0,0.0,0.0,0.0 
 05/22  19:00:00,0.0,0.0,0.0,0.0,0.0,0.0,0.0,0.0 
 05/22  20:00:00,0.0,0.0,0.0,0.0,0.0,0.0,0.0,0.0 
 05/22  21:00:00,0.0,0.0,0.0,0.0,0.0,0.0,0.0,0.0 
 05/22  22:00:00,0.0,0.0,0.0,0.0,0.0,0.0,0.0,0.0 
 05/22  23:00:00,0.0,0.0,0.0,0.0,0.0,0.0,0.0,0.0 
 05/22  24:00:00,0.0,0.0,0.0,0.0,0.0,0.0,0.0,0.0 
 05/23  01:00:00,0.0,0.0,0.0,0.0,0.0,0.0,0.0,0.0 
 05/23  02:00:00,0.0,0.0,0.0,0.0,0.0,0.0,0.0,0.0 
 05/23  03:00:00,0.0,0.0,0.0,0.0,0.0,0.0,0.0,0.0 
 05/23  04:00:00,41630.33504031046,0.0,0.0,0.0,0.0,0.0,0.0,0.0 
 05/23  05:00:00,380910.3787261134,0.0,0.0,0.0,0.0,0.0,0.0,0.0 
 05/23  06:00:00,544104.3781822708,0.0,0.0,0.0,0.0,0.0,0.0,0.0 
 05/23  07:00:00,548271.0586075133,0.0,0.0,0.0,0.0,0.0,0.0,0.0 
 05/23  08:00:00,177115.32319164838,0.0,0.0,0.0,0.0,0.0,0.0,0.0 
 05/23  09:00:00,0.0,0.0,0.0,0.0,0.0,0.0,0.0,0.0 
 05/23  10:00:00,0.0,0.0,0.0,0.0,0.0,0.0,0.0,0.0 
 05/23  11:00:00,0.0,0.0,0.0,0.0,0.0,0.0,0.0,0.0 
 05/23  12:00:00,0.0,0.0,0.0,0.0,0.0,0.0,0.0,0.0 
 05/23  13:00:00,0.0,0.0,0.0,0.0,0.0,0.0,0.0,0.0 
 05/23  14:00:00,0.0,0.0,0.0,0.0,0.0,0.0,0.0,0.0 
 05/23  15:00:00,0.0,0.0,0.0,0.0,0.0,0.0,0.0,0.0 
 05/23  16:00:00,0.0,0.0,0.0,0.0,0.0,0.0,0.0,0.0 
 05/23  17:00:00,0.0,0.0,0.0,0.0,0.0,0.0,0.0,0.0 
 05/23  18:00:00,0.0,0.0,0.0,0.0,0.0,0.0,0.0,0.0 
 05/23  19:00:00,0.0,0.0,0.0,0.0,0.0,0.0,0.0,0.0 
 05/23  20:00:00,0.0,0.0,0.0,0.0,0.0,0.0,0.0,0.0 
 05/23  21:00:00,0.0,0.0,0.0,0.0,0.0,0.0,0.0,0.0 
 05/23  22:00:00,0.0,0.0,0.0,0.0,0.0,0.0,0.0,0.0 
 05/23  23:00:00,0.0,0.0,0.0,0.0,0.0,0.0,0.0,0.0 
 05/23  24:00:00,0.0,0.0,0.0,0.0,0.0,0.0,0.0,0.0 
 05/24  01:00:00,0.0,0.0,0.0,0.0,0.0,0.0,0.0,0.0 
 05/24  02:00:00,0.0,0.0,0.0,0.0,0.0,0.0,0.0,0.0 
 05/24  03:00:00,237768.7198293177,0.0,0.0,0.0,0.0,0.0,0.0,9982.63277667429 
 05/24  04:00:00,962396.6316997089,0.0,0.0,0.0,0.0,0.0,0.0,1299498.7482764816 
 05/24  05:00:00,1583463.367934787,0.0,0.0,0.0,0.0,0.0,0.0,2616006.262510421 
 05/24  06:00:00,1992954.9328139825,211610.59610966477,0.0,0.0,0.0,0.0,0.0,3519676.6536989687 
 05/24  07:00:00,2065616.2485426483,553138.8515048792,7385.1180322802975,0.0,0.0,0.0,153834.08077499917,3602117.296689199 
 05/24  08:00:00,1350766.5603199536,205146.29865322786,0.0,0.0,0.0,0.0,46764.47805026692,1827179.3491893257 
 05/24  09:00:00,256432.5338635288,0.0,0.0,0.0,0.0,0.0,0.0,55570.272529314396 
 05/24  10:00:00,0.0,0.0,0.0,0.0,0.0,0.0,0.0,0.0 
 05/24  11:00:00,0.0,0.0,0.0,0.0,0.0,0.0,0.0,0.0 
 05/24  12:00:00,0.0,0.0,0.0,0.0,0.0,0.0,0.0,0.0 
 05/24  13:00:00,0.0,0.0,0.0,0.0,0.0,0.0,0.0,0.0 
 05/24  14:00:00,0.0,0.0,0.0,0.0,0.0,0.0,0.0,0.0 
 05/24  15:00:00,0.0,0.0,0.0,0.0,0.0,0.0,0.0,0.0 
 05/24  16:00:00,0.0,0.0,0.0,0.0,0.0,0.0,0.0,0.0 
 05/24  17:00:00,0.0,0.0,0.0,0.0,0.0,0.0,0.0,0.0 
 05/24  18:00:00,0.0,0.0,0.0,0.0,0.0,0.0,0.0,0.0 
 05/24  19:00:00,0.0,0.0,0.0,0.0,0.0,0.0,0.0,0.0 
 05/24  20:00:00,0.0,0.0,0.0,0.0,0.0,0.0,0.0,0.0 
 05/24  21:00:00,0.0,0.0,0.0,0.0,0.0,0.0,0.0,0.0 
 05/24  22:00:00,0.0,0.0,0.0,0.0,0.0,0.0,0.0,0.0 
 05/24  23:00:00,0.0,0.0,0.0,0.0,0.0,0.0,0.0,0.0 
 05/24  24:00:00,714657.6242568379,0.0,0.0,0.0,0.0,0.0,0.0,411750.1055245943 
 05/25  01:00:00,1657598.2601162803,0.0,0.0,0.0,0.0,0.0,0.0,2546496.722978026 
 05/25  02:00:00,2647395.2807961605,857611.734540564,328488.1374881589,261540.00972313515,288524.67436558945,315092.9740388048,455429.5857773308,4599158.015446605 
 05/25  03:00:00,3450344.545589489,1848583.55065967,1410149.8040596764,1338307.3888462272,1370757.3804876374,1407635.9584908236,1666400.728999113,6182138.62332926 
 05/25  04:00:00,4109890.732424319,2745214.3840574287,2335841.208152601,2268926.849243058,2296765.4748880523,2343640.215221848,2694553.964145837,7503721.420292126 
 05/25  05:00:00,4826822.564078007,3622216.987277272,3264677.5051962603,3202521.4141489863,3225191.9804472337,3277713.2396399714,3692352.6884493055,8838546.00201593 
 05/25  06:00:00,5439821.200174088,4326459.214709295,4030486.1859406745,3977276.047343527,3997058.1739172637,4054259.208489959,4507768.75027547,9968375.35906203 
 05/25  07:00:00,5345475.763305491,4318801.940161411,4102601.4278755966,4079002.9489007704,4109033.2926697754,4175517.176623459,4607373.099346932,9517540.969049143 
 05/25  08:00:00,3890205.3690100457,3016706.433199643,2875633.327535159,2896916.497045158,2955718.490411183,3037336.865456135,3360654.8670157935,5989323.726816907 
 05/25  09:00:00,2278354.2937548077,1538131.786528457,1472793.9193778324,1521923.0381824225,1593443.5714396243,1671633.552023185,1822750.0695483512,2292823.7942494336 
 05/25  10:00:00,772737.1690087864,293446.4075941534,263175.51108032494,297269.27776454104,355747.2318474451,406740.3372574132,421412.17787092616,85757.71681277402 
 05/25  11:00:00,0.0,0.0,0.0,0.0,0.0,0.0,0.0,0.0 
 05/25  12:00:00,0.0,0.0,0.0,0.0,0.0,0.0,0.0,0.0 
 05/25  13:00:00,0.0,0.0,0.0,0.0,0.0,0.0,0.0,0.0 
 05/25  14:00:00,0.0,0.0,0.0,0.0,0.0,0.0,0.0,0.0 
 05/25  15:00:00,0.0,0.0,0.0,0.0,0.0,0.0,0.0,0.0 
 05/25  16:00:00,0.0,0.0,0.0,0.0,0.0,0.0,0.0,0.0 
 05/25  17:00:00,0.0,0.0,0.0,0.0,0.0,0.0,0.0,0.0 
 05/25  18:00:00,0.0,0.0,0.0,0.0,0.0,0.0,0.0,0.0 
 05/25  19:00:00,0.0,0.0,0.0,0.0,0.0,0.0,0.0,0.0 
 05/25  20:00:00,0.0,0.0,0.0,0.0,0.0,0.0,0.0,0.0 
 05/25  21:00:00,0.0,0.0,0.0,0.0,0.0,0.0,0.0,0.0 
 05/25  22:00:00,0.0,0.0,0.0,0.0,0.0,0.0,0.0,0.0 
 05/25  23:00:00,0.0,0.0,0.0,0.0,0.0,0.0,0.0,0.0 
 05/25  24:00:00,0.0,0.0,0.0,0.0,0.0,0.0,0.0,0.0 
 05/26  01:00:00,102785.92154072685,0.0,0.0,0.0,0.0,0.0,0.0,0.0 
 05/26  02:00:00,970252.7004072806,0.0,0.0,0.0,0.0,0.0,0.0,75692.38096794723 
 05/26  03:00:00,2034714.6087085523,122868.37910854229,0.0,0.0,0.0,0.0,0.0,2451568.3214537245 
 05/26  04:00:00,2932955.4550056495,1067274.7727560431,446495.3321171488,297001.708438131,235417.02218724968,132782.59792733443,70687.80717877818,4877826.744812838 
 05/26  05:00:00,3604629.857125584,1980683.7483609081,1469214.105754321,1333968.6814337359,1270412.2122195289,1118464.6072336459,1113086.6938316452,6719225.463289216 
 05/26  06:00:00,4134560.998012969,2754744.339902875,2292845.370216889,2168560.064777345,2111113.7738682693,2004991.447799976,2156756.230258671,7900172.025026262 
 05/26  07:00:00,3490116.300613421,2291826.206842307,1927954.68762032,1837546.8259824906,1801193.6806931396,1732726.4510742961,1892539.5488112,6010017.8771184515 
 05/26  08:00:00,1030239.6869876699,341279.7649054818,206252.39203988167,180440.93413550727,172873.89196321164,154616.88892634123,170648.10447430064,756071.315683685 
 05/26  09:00:00,0.0,0.0,0.0,0.0,0.0,0.0,0.0,0.0 
 05/26  10:00:00,0.0,0.0,0.0,0.0,0.0,0.0,0.0,0.0 
 05/26  11:00:00,0.0,0.0,0.0,0.0,0.0,0.0,0.0,0.0 
 05/26  12:00:00,0.0,0.0,0.0,0.0,0.0,0.0,0.0,0.0 
 05/26  13:00:00,0.0,0.0,0.0,0.0,0.0,0.0,0.0,0.0 
 05/26  14:00:00,0.0,0.0,0.0,0.0,0.0,0.0,0.0,0.0 
 05/26  15:00:00,0.0,0.0,0.0,0.0,0.0,0.0,0.0,0.0 
 05/26  16:00:00,0.0,0.0,0.0,0.0,0.0,0.0,0.0,0.0 
 05/26  17:00:00,0.0,0.0,0.0,0.0,0.0,0.0,0.0,0.0 
 05/26  18:00:00,0.0,0.0,0.0,0.0,0.0,0.0,0.0,0.0 
 05/26  19:00:00,0.0,0.0,0.0,0.0,0.0,0.0,0.0,0.0 
 05/26  20:00:00,0.0,0.0,0.0,0.0,0.0,0.0,0.0,0.0 
 05/26  21:00:00,0.0,0.0,0.0,0.0,0.0,0.0,0.0,0.0 
 05/26  22:00:00,0.0,0.0,0.0,0.0,0.0,0.0,0.0,0.0 
 05/26  23:00:00,0.0,0.0,0.0,0.0,0.0,0.0,0.0,0.0 
 05/26  24:00:00,0.0,0.0,0.0,0.0,0.0,0.0,0.0,0.0 
 05/27  01:00:00,0.0,0.0,0.0,0.0,0.0,0.0,0.0,0.0 
 05/27  02:00:00,0.0,0.0,0.0,0.0,0.0,0.0,0.0,0.0 
 05/27  03:00:00,0.0,0.0,0.0,0.0,0.0,0.0,0.0,0.0 
 05/27  04:00:00,102124.68206940686,0.0,0.0,0.0,0.0,0.0,0.0,0.0 
 05/27  05:00:00,990759.3230574902,0.0,0.0,0.0,0.0,0.0,0.0,1439863.9013131862 
 05/27  06:00:00,1811138.9054389321,0.0,0.0,0.0,0.0,0.0,0.0,3495091.6806381447 
 05/27  07:00:00,1362763.5920402114,0.0,0.0,0.0,0.0,0.0,0.0,2134387.454773621 
 05/27  08:00:00,36514.60150252824,0.0,0.0,0.0,0.0,0.0,0.0,0.0 
 05/27  09:00:00,0.0,0.0,0.0,0.0,0.0,0.0,0.0,0.0 
 05/27  10:00:00,0.0,0.0,0.0,0.0,0.0,0.0,0.0,0.0 
 05/27  11:00:00,0.0,0.0,0.0,0.0,0.0,0.0,0.0,0.0 
 05/27  12:00:00,0.0,0.0,0.0,0.0,0.0,0.0,0.0,0.0 
 05/27  13:00:00,0.0,0.0,0.0,0.0,0.0,0.0,0.0,0.0 
 05/27  14:00:00,0.0,0.0,0.0,0.0,0.0,0.0,0.0,0.0 
 05/27  15:00:00,0.0,0.0,0.0,0.0,0.0,0.0,0.0,0.0 
 05/27  16:00:00,0.0,0.0,0.0,0.0,0.0,0.0,0.0,0.0 
 05/27  17:00:00,0.0,0.0,0.0,0.0,0.0,0.0,0.0,0.0 
 05/27  18:00:00,0.0,0.0,0.0,0.0,0.0,0.0,0.0,0.0 
 05/27  19:00:00,0.0,0.0,0.0,0.0,0.0,0.0,0.0,0.0 
 05/27  20:00:00,0.0,0.0,0.0,0.0,0.0,0.0,0.0,0.0 
 05/27  21:00:00,0.0,0.0,0.0,0.0,0.0,0.0,0.0,0.0 
 05/27  22:00:00,0.0,0.0,0.0,0.0,0.0,0.0,0.0,0.0 
 05/27  23:00:00,0.0,0.0,0.0,0.0,0.0,0.0,0.0,0.0 
 05/27  24:00:00,0.0,0.0,0.0,0.0,0.0,0.0,0.0,0.0 
 05/28  01:00:00,0.0,0.0,0.0,0.0,0.0,0.0,0.0,0.0 
 05/28  02:00:00,0.0,0.0,0.0,0.0,0.0,0.0,0.0,0.0 
 05/28  03:00:00,0.0,0.0,0.0,0.0,0.0,0.0,0.0,0.0 
 05/28  04:00:00,0.0,0.0,0.0,0.0,0.0,0.0,0.0,0.0 
 05/28  05:00:00,0.0,0.0,0.0,0.0,0.0,0.0,0.0,0.0 
 05/28  06:00:00,235727.57906950428,0.0,0.0,0.0,0.0,0.0,0.0,0.0 
 05/28  07:00:00,238968.5280548394,0.0,0.0,0.0,0.0,0.0,0.0,0.0 
 05/28  08:00:00,0.0,0.0,0.0,0.0,0.0,0.0,0.0,0.0 
 05/28  09:00:00,0.0,0.0,0.0,0.0,0.0,0.0,0.0,0.0 
 05/28  10:00:00,0.0,0.0,0.0,0.0,0.0,0.0,0.0,0.0 
 05/28  11:00:00,0.0,0.0,0.0,0.0,0.0,0.0,0.0,0.0 
 05/28  12:00:00,0.0,0.0,0.0,0.0,0.0,0.0,0.0,0.0 
 05/28  13:00:00,0.0,0.0,0.0,0.0,0.0,0.0,0.0,0.0 
 05/28  14:00:00,0.0,0.0,0.0,0.0,0.0,0.0,0.0,0.0 
 05/28  15:00:00,0.0,0.0,0.0,0.0,0.0,0.0,0.0,0.0 
 05/28  16:00:00,0.0,0.0,0.0,0.0,0.0,0.0,0.0,0.0 
 05/28  17:00:00,0.0,0.0,0.0,0.0,0.0,0.0,0.0,0.0 
 05/28  18:00:00,0.0,0.0,0.0,0.0,0.0,0.0,0.0,0.0 
 05/28  19:00:00,0.0,0.0,0.0,0.0,0.0,0.0,0.0,0.0 
 05/28  20:00:00,0.0,0.0,0.0,0.0,0.0,0.0,0.0,0.0 
 05/28  21:00:00,0.0,0.0,0.0,0.0,0.0,0.0,0.0,0.0 
 05/28  22:00:00,0.0,0.0,0.0,0.0,0.0,0.0,0.0,0.0 
 05/28  23:00:00,0.0,0.0,0.0,0.0,0.0,0.0,0.0,0.0 
 05/28  24:00:00,0.0,0.0,0.0,0.0,0.0,0.0,0.0,0.0 
 05/29  01:00:00,0.0,0.0,0.0,0.0,0.0,0.0,0.0,0.0 
 05/29  02:00:00,0.0,0.0,0.0,0.0,0.0,0.0,0.0,0.0 
 05/29  03:00:00,0.0,0.0,0.0,0.0,0.0,0.0,0.0,0.0 
 05/29  04:00:00,0.0,0.0,0.0,0.0,0.0,0.0,0.0,0.0 
 05/29  05:00:00,0.0,0.0,0.0,0.0,0.0,0.0,0.0,0.0 
 05/29  06:00:00,614919.836753147,0.0,0.0,0.0,0.0,0.0,0.0,569723.6984480682 
 05/29  07:00:00,570682.4865505623,0.0,0.0,0.0,0.0,0.0,0.0,501333.50157544774 
 05/29  08:00:00,0.0,0.0,0.0,0.0,0.0,0.0,0.0,0.0 
 05/29  09:00:00,0.0,0.0,0.0,0.0,0.0,0.0,0.0,0.0 
 05/29  10:00:00,0.0,0.0,0.0,0.0,0.0,0.0,0.0,0.0 
 05/29  11:00:00,0.0,0.0,0.0,0.0,0.0,0.0,0.0,0.0 
 05/29  12:00:00,0.0,0.0,0.0,0.0,0.0,0.0,0.0,0.0 
 05/29  13:00:00,0.0,0.0,0.0,0.0,0.0,0.0,0.0,0.0 
 05/29  14:00:00,0.0,0.0,0.0,0.0,0.0,0.0,0.0,0.0 
 05/29  15:00:00,0.0,0.0,0.0,0.0,0.0,0.0,0.0,0.0 
 05/29  16:00:00,0.0,0.0,0.0,0.0,0.0,0.0,0.0,0.0 
 05/29  17:00:00,0.0,0.0,0.0,0.0,0.0,0.0,0.0,0.0 
 05/29  18:00:00,0.0,0.0,0.0,0.0,0.0,0.0,0.0,0.0 
 05/29  19:00:00,0.0,0.0,0.0,0.0,0.0,0.0,0.0,0.0 
 05/29  20:00:00,0.0,0.0,0.0,0.0,0.0,0.0,0.0,0.0 
 05/29  21:00:00,0.0,0.0,0.0,0.0,0.0,0.0,0.0,0.0 
 05/29  22:00:00,0.0,0.0,0.0,0.0,0.0,0.0,0.0,0.0 
 05/29  23:00:00,0.0,0.0,0.0,0.0,0.0,0.0,0.0,0.0 
 05/29  24:00:00,0.0,0.0,0.0,0.0,0.0,0.0,0.0,0.0 
 05/30  01:00:00,0.0,0.0,0.0,0.0,0.0,0.0,0.0,0.0 
 05/30  02:00:00,0.0,0.0,0.0,0.0,0.0,0.0,0.0,0.0 
 05/30  03:00:00,0.0,0.0,0.0,0.0,0.0,0.0,0.0,0.0 
 05/30  04:00:00,0.0,0.0,0.0,0.0,0.0,0.0,0.0,0.0 
 05/30  05:00:00,127229.43972592475,0.0,0.0,0.0,0.0,0.0,0.0,45083.834679624124 
 05/30  06:00:00,1306111.0455947828,0.0,0.0,0.0,0.0,0.0,0.0,2306190.524350241 
 05/30  07:00:00,1027776.1561209876,0.0,0.0,0.0,0.0,0.0,0.0,1211114.1416123486 
 05/30  08:00:00,0.0,0.0,0.0,0.0,0.0,0.0,0.0,0.0 
 05/30  09:00:00,0.0,0.0,0.0,0.0,0.0,0.0,0.0,0.0 
 05/30  10:00:00,0.0,0.0,0.0,0.0,0.0,0.0,0.0,0.0 
 05/30  11:00:00,0.0,0.0,0.0,0.0,0.0,0.0,0.0,0.0 
 05/30  12:00:00,0.0,0.0,0.0,0.0,0.0,0.0,0.0,0.0 
 05/30  13:00:00,0.0,0.0,0.0,0.0,0.0,0.0,0.0,0.0 
 05/30  14:00:00,0.0,0.0,0.0,0.0,0.0,0.0,0.0,0.0 
 05/30  15:00:00,0.0,0.0,0.0,0.0,0.0,0.0,0.0,0.0 
 05/30  16:00:00,0.0,0.0,0.0,0.0,0.0,0.0,0.0,0.0 
 05/30  17:00:00,0.0,0.0,0.0,0.0,0.0,0.0,0.0,0.0 
 05/30  18:00:00,0.0,0.0,0.0,0.0,0.0,0.0,0.0,0.0 
 05/30  19:00:00,0.0,0.0,0.0,0.0,0.0,0.0,0.0,0.0 
 05/30  20:00:00,0.0,0.0,0.0,0.0,0.0,0.0,0.0,0.0 
 05/30  21:00:00,0.0,0.0,0.0,0.0,0.0,0.0,0.0,0.0 
 05/30  22:00:00,0.0,0.0,0.0,0.0,0.0,0.0,0.0,0.0 
 05/30  23:00:00,0.0,0.0,0.0,0.0,0.0,0.0,0.0,0.0 
 05/30  24:00:00,0.0,0.0,0.0,0.0,0.0,0.0,0.0,0.0 
 05/31  01:00:00,0.0,0.0,0.0,0.0,0.0,0.0,0.0,0.0 
 05/31  02:00:00,0.0,0.0,0.0,0.0,0.0,0.0,0.0,0.0 
 05/31  03:00:00,0.0,0.0,0.0,0.0,0.0,0.0,0.0,0.0 
 05/31  04:00:00,0.0,0.0,0.0,0.0,0.0,0.0,0.0,0.0 
 05/31  05:00:00,434596.6945702574,0.0,0.0,0.0,0.0,0.0,0.0,454993.6444491191 
 05/31  06:00:00,1523459.9843597128,0.0,0.0,0.0,0.0,0.0,0.0,2852515.766098672 
 05/31  07:00:00,1243304.354503911,0.0,0.0,0.0,0.0,0.0,0.0,1807661.1185241535 
 05/31  08:00:00,18418.854099691092,0.0,0.0,0.0,0.0,0.0,0.0,0.0 
 05/31  09:00:00,0.0,0.0,0.0,0.0,0.0,0.0,0.0,0.0 
 05/31  10:00:00,0.0,0.0,0.0,0.0,0.0,0.0,0.0,0.0 
 05/31  11:00:00,0.0,0.0,0.0,0.0,0.0,0.0,0.0,0.0 
 05/31  12:00:00,0.0,0.0,0.0,0.0,0.0,0.0,0.0,0.0 
 05/31  13:00:00,0.0,0.0,0.0,0.0,0.0,0.0,0.0,0.0 
 05/31  14:00:00,0.0,0.0,0.0,0.0,0.0,0.0,0.0,0.0 
 05/31  15:00:00,0.0,0.0,0.0,0.0,0.0,0.0,0.0,0.0 
 05/31  16:00:00,0.0,0.0,0.0,0.0,0.0,0.0,0.0,0.0 
 05/31  17:00:00,0.0,0.0,0.0,0.0,0.0,0.0,0.0,0.0 
 05/31  18:00:00,0.0,0.0,0.0,0.0,0.0,0.0,0.0,0.0 
 05/31  19:00:00,0.0,0.0,0.0,0.0,0.0,0.0,0.0,0.0 
 05/31  20:00:00,0.0,0.0,0.0,0.0,0.0,0.0,0.0,0.0 
 05/31  21:00:00,0.0,0.0,0.0,0.0,0.0,0.0,0.0,0.0 
 05/31  22:00:00,0.0,0.0,0.0,0.0,0.0,0.0,0.0,0.0 
 05/31  23:00:00,0.0,0.0,0.0,0.0,0.0,0.0,0.0,0.0 
 05/31  24:00:00,0.0,0.0,0.0,0.0,0.0,0.0,0.0,0.0 
 06/01  01:00:00,0.0,0.0,0.0,0.0,0.0,0.0,0.0,0.0 
 06/01  02:00:00,90087.09571969521,0.0,0.0,0.0,0.0,0.0,0.0,0.0 
 06/01  03:00:00,1111658.2077910614,0.0,0.0,0.0,0.0,0.0,0.0,46002.92822467308 
 06/01  04:00:00,2052372.563086788,0.0,0.0,0.0,0.0,0.0,0.0,2158377.5754929753 
 06/01  05:00:00,2680248.1107720244,121381.51206815822,0.0,0.0,0.0,0.0,0.0,4052613.158801571 
 06/01  06:00:00,3178694.727692984,943571.7660038471,0.0,0.0,0.0,0.0,0.0,5373749.258005083 
 06/01  07:00:00,2447630.2305505276,646305.2481341831,16169.652907042473,0.0,0.0,0.0,0.0,3590158.739850279 
 06/01  08:00:00,367934.78136902995,0.0,0.0,0.0,0.0,0.0,0.0,72910.47048423789 
 06/01  09:00:00,0.0,0.0,0.0,0.0,0.0,0.0,0.0,0.0 
 06/01  10:00:00,0.0,0.0,0.0,0.0,0.0,0.0,0.0,0.0 
 06/01  11:00:00,0.0,0.0,0.0,0.0,0.0,0.0,0.0,0.0 
 06/01  12:00:00,0.0,0.0,0.0,0.0,0.0,0.0,0.0,0.0 
 06/01  13:00:00,0.0,0.0,0.0,0.0,0.0,0.0,0.0,0.0 
 06/01  14:00:00,0.0,0.0,0.0,0.0,0.0,0.0,0.0,0.0 
 06/01  15:00:00,0.0,0.0,0.0,0.0,0.0,0.0,0.0,0.0 
 06/01  16:00:00,0.0,0.0,0.0,0.0,0.0,0.0,0.0,0.0 
 06/01  17:00:00,0.0,0.0,0.0,0.0,0.0,0.0,0.0,0.0 
 06/01  18:00:00,0.0,0.0,0.0,0.0,0.0,0.0,0.0,0.0 
 06/01  19:00:00,0.0,0.0,0.0,0.0,0.0,0.0,0.0,0.0 
 06/01  20:00:00,0.0,0.0,0.0,0.0,0.0,0.0,0.0,0.0 
 06/01  21:00:00,0.0,0.0,0.0,0.0,0.0,0.0,0.0,0.0 
 06/01  22:00:00,0.0,0.0,0.0,0.0,0.0,0.0,0.0,0.0 
 06/01  23:00:00,0.0,0.0,0.0,0.0,0.0,0.0,0.0,0.0 
 06/01  24:00:00,0.0,0.0,0.0,0.0,0.0,0.0,0.0,0.0 
 06/02  01:00:00,0.0,0.0,0.0,0.0,0.0,0.0,0.0,0.0 
 06/02  02:00:00,0.0,0.0,0.0,0.0,0.0,0.0,0.0,0.0 
 06/02  03:00:00,0.0,0.0,0.0,0.0,0.0,0.0,0.0,0.0 
 06/02  04:00:00,0.0,0.0,0.0,0.0,0.0,0.0,0.0,0.0 
 06/02  05:00:00,65623.23021880149,0.0,0.0,0.0,0.0,0.0,0.0,0.0 
 06/02  06:00:00,740008.5763420487,0.0,0.0,0.0,0.0,0.0,0.0,0.0 
 06/02  07:00:00,316838.78899163974,0.0,0.0,0.0,0.0,0.0,0.0,0.0 
 06/02  08:00:00,0.0,0.0,0.0,0.0,0.0,0.0,0.0,0.0 
 06/02  09:00:00,0.0,0.0,0.0,0.0,0.0,0.0,0.0,0.0 
 06/02  10:00:00,0.0,0.0,0.0,0.0,0.0,0.0,0.0,0.0 
 06/02  11:00:00,0.0,0.0,0.0,0.0,0.0,0.0,0.0,0.0 
 06/02  12:00:00,0.0,0.0,0.0,0.0,0.0,0.0,0.0,0.0 
 06/02  13:00:00,0.0,0.0,0.0,0.0,0.0,0.0,0.0,0.0 
 06/02  14:00:00,0.0,0.0,0.0,0.0,0.0,0.0,0.0,0.0 
 06/02  15:00:00,0.0,0.0,0.0,0.0,0.0,0.0,0.0,0.0 
 06/02  16:00:00,0.0,0.0,0.0,0.0,0.0,0.0,0.0,0.0 
 06/02  17:00:00,0.0,0.0,0.0,0.0,0.0,0.0,0.0,0.0 
 06/02  18:00:00,0.0,0.0,0.0,0.0,0.0,0.0,0.0,0.0 
 06/02  19:00:00,0.0,0.0,0.0,0.0,0.0,0.0,0.0,0.0 
 06/02  20:00:00,0.0,0.0,0.0,0.0,0.0,0.0,0.0,0.0 
 06/02  21:00:00,0.0,0.0,0.0,0.0,0.0,0.0,0.0,0.0 
 06/02  22:00:00,0.0,0.0,0.0,0.0,0.0,0.0,0.0,0.0 
 06/02  23:00:00,0.0,0.0,0.0,0.0,0.0,0.0,0.0,0.0 
 06/02  24:00:00,0.0,0.0,0.0,0.0,0.0,0.0,0.0,0.0 
 06/03  01:00:00,0.0,0.0,0.0,0.0,0.0,0.0,0.0,0.0 
 06/03  02:00:00,0.0,0.0,0.0,0.0,0.0,0.0,0.0,0.0 
 06/03  03:00:00,0.0,0.0,0.0,0.0,0.0,0.0,0.0,0.0 
 06/03  04:00:00,0.0,0.0,0.0,0.0,0.0,0.0,0.0,0.0 
 06/03  05:00:00,58131.510514639376,0.0,0.0,0.0,0.0,0.0,0.0,0.0 
 06/03  06:00:00,602653.9706177093,0.0,0.0,0.0,0.0,0.0,0.0,0.0 
 06/03  07:00:00,391231.81503207894,0.0,0.0,0.0,0.0,0.0,0.0,0.0 
 06/03  08:00:00,0.0,0.0,0.0,0.0,0.0,0.0,0.0,0.0 
 06/03  09:00:00,0.0,0.0,0.0,0.0,0.0,0.0,0.0,0.0 
 06/03  10:00:00,0.0,0.0,0.0,0.0,0.0,0.0,0.0,0.0 
 06/03  11:00:00,0.0,0.0,0.0,0.0,0.0,0.0,0.0,0.0 
 06/03  12:00:00,0.0,0.0,0.0,0.0,0.0,0.0,0.0,0.0 
 06/03  13:00:00,0.0,0.0,0.0,0.0,0.0,0.0,0.0,0.0 
 06/03  14:00:00,0.0,0.0,0.0,0.0,0.0,0.0,0.0,0.0 
 06/03  15:00:00,0.0,0.0,0.0,0.0,0.0,0.0,0.0,0.0 
 06/03  16:00:00,0.0,0.0,0.0,0.0,0.0,0.0,0.0,0.0 
 06/03  17:00:00,0.0,0.0,0.0,0.0,0.0,0.0,0.0,0.0 
 06/03  18:00:00,0.0,0.0,0.0,0.0,0.0,0.0,0.0,0.0 
 06/03  19:00:00,0.0,0.0,0.0,0.0,0.0,0.0,0.0,0.0 
 06/03  20:00:00,0.0,0.0,0.0,0.0,0.0,0.0,0.0,0.0 
 06/03  21:00:00,0.0,0.0,0.0,0.0,0.0,0.0,0.0,0.0 
 06/03  22:00:00,0.0,0.0,0.0,0.0,0.0,0.0,0.0,0.0 
 06/03  23:00:00,0.0,0.0,0.0,0.0,0.0,0.0,0.0,0.0 
 06/03  24:00:00,0.0,0.0,0.0,0.0,0.0,0.0,0.0,0.0 
 06/04  01:00:00,0.0,0.0,0.0,0.0,0.0,0.0,0.0,0.0 
 06/04  02:00:00,0.0,0.0,0.0,0.0,0.0,0.0,0.0,0.0 
 06/04  03:00:00,0.0,0.0,0.0,0.0,0.0,0.0,0.0,0.0 
 06/04  04:00:00,98644.21057645959,0.0,0.0,0.0,0.0,0.0,0.0,0.0 
 06/04  05:00:00,747423.9104577035,0.0,0.0,0.0,0.0,0.0,0.0,0.0 
 06/04  06:00:00,1181120.0674893681,0.0,0.0,0.0,0.0,0.0,0.0,147119.7400642457 
 06/04  07:00:00,816435.8342646826,0.0,0.0,0.0,0.0,0.0,0.0,6794.620055543783 
 06/04  08:00:00,55688.42914430425,0.0,0.0,0.0,0.0,0.0,0.0,0.0 
 06/04  09:00:00,0.0,0.0,0.0,0.0,0.0,0.0,0.0,0.0 
 06/04  10:00:00,0.0,0.0,0.0,0.0,0.0,0.0,0.0,0.0 
 06/04  11:00:00,0.0,0.0,0.0,0.0,0.0,0.0,0.0,0.0 
 06/04  12:00:00,0.0,0.0,0.0,0.0,0.0,0.0,0.0,0.0 
 06/04  13:00:00,0.0,0.0,0.0,0.0,0.0,0.0,0.0,0.0 
 06/04  14:00:00,0.0,0.0,0.0,0.0,0.0,0.0,0.0,0.0 
 06/04  15:00:00,0.0,0.0,0.0,0.0,0.0,0.0,0.0,0.0 
 06/04  16:00:00,0.0,0.0,0.0,0.0,0.0,0.0,0.0,0.0 
 06/04  17:00:00,0.0,0.0,0.0,0.0,0.0,0.0,0.0,0.0 
 06/04  18:00:00,0.0,0.0,0.0,0.0,0.0,0.0,0.0,0.0 
 06/04  19:00:00,0.0,0.0,0.0,0.0,0.0,0.0,0.0,0.0 
 06/04  20:00:00,0.0,0.0,0.0,0.0,0.0,0.0,0.0,0.0 
 06/04  21:00:00,0.0,0.0,0.0,0.0,0.0,0.0,0.0,0.0 
 06/04  22:00:00,0.0,0.0,0.0,0.0,0.0,0.0,0.0,0.0 
 06/04  23:00:00,0.0,0.0,0.0,0.0,0.0,0.0,0.0,0.0 
 06/04  24:00:00,0.0,0.0,0.0,0.0,0.0,0.0,0.0,0.0 
 06/05  01:00:00,0.0,0.0,0.0,0.0,0.0,0.0,0.0,0.0 
 06/05  02:00:00,0.0,0.0,0.0,0.0,0.0,0.0,0.0,0.0 
 06/05  03:00:00,99075.52989486429,0.0,0.0,0.0,0.0,0.0,0.0,0.0 
 06/05  04:00:00,706204.1746013127,0.0,0.0,0.0,0.0,0.0,0.0,0.0 
 06/05  05:00:00,1405403.0145510277,0.0,0.0,0.0,0.0,0.0,0.0,1026804.1047791267 
 06/05  06:00:00,2003325.8220975606,0.0,0.0,0.0,0.0,0.0,0.0,2706459.110352073 
 06/05  07:00:00,1556051.8092514658,0.0,0.0,0.0,0.0,0.0,0.0,1352744.2698442624 
 06/05  08:00:00,247055.90408100688,0.0,0.0,0.0,0.0,0.0,0.0,0.0 
 06/05  09:00:00,0.0,0.0,0.0,0.0,0.0,0.0,0.0,0.0 
 06/05  10:00:00,0.0,0.0,0.0,0.0,0.0,0.0,0.0,0.0 
 06/05  11:00:00,0.0,0.0,0.0,0.0,0.0,0.0,0.0,0.0 
 06/05  12:00:00,0.0,0.0,0.0,0.0,0.0,0.0,0.0,0.0 
 06/05  13:00:00,0.0,0.0,0.0,0.0,0.0,0.0,0.0,0.0 
 06/05  14:00:00,0.0,0.0,0.0,0.0,0.0,0.0,0.0,0.0 
 06/05  15:00:00,0.0,0.0,0.0,0.0,0.0,0.0,0.0,0.0 
 06/05  16:00:00,0.0,0.0,0.0,0.0,0.0,0.0,0.0,0.0 
 06/05  17:00:00,0.0,0.0,0.0,0.0,0.0,0.0,0.0,0.0 
 06/05  18:00:00,0.0,0.0,0.0,0.0,0.0,0.0,0.0,0.0 
 06/05  19:00:00,0.0,0.0,0.0,0.0,0.0,0.0,0.0,0.0 
 06/05  20:00:00,0.0,0.0,0.0,0.0,0.0,0.0,0.0,0.0 
 06/05  21:00:00,0.0,0.0,0.0,0.0,0.0,0.0,0.0,0.0 
 06/05  22:00:00,0.0,0.0,0.0,0.0,0.0,0.0,0.0,0.0 
 06/05  23:00:00,0.0,0.0,0.0,0.0,0.0,0.0,0.0,0.0 
 06/05  24:00:00,0.0,0.0,0.0,0.0,0.0,0.0,0.0,0.0 
 06/06  01:00:00,0.0,0.0,0.0,0.0,0.0,0.0,0.0,0.0 
 06/06  02:00:00,0.0,0.0,0.0,0.0,0.0,0.0,0.0,0.0 
 06/06  03:00:00,0.0,0.0,0.0,0.0,0.0,0.0,0.0,0.0 
 06/06  04:00:00,435101.70760440093,0.0,0.0,0.0,0.0,0.0,0.0,187422.4310557169 
 06/06  05:00:00,1519094.6214582294,0.0,0.0,0.0,0.0,0.0,0.0,2465121.268496511 
 06/06  06:00:00,2339172.0558584975,0.0,0.0,0.0,0.0,0.0,0.0,4516208.785694774 
 06/06  07:00:00,1549866.61274105,0.0,0.0,0.0,0.0,0.0,0.0,2332259.412315091 
 06/06  08:00:00,25877.09739596467,0.0,0.0,0.0,0.0,0.0,0.0,0.0 
 06/06  09:00:00,0.0,0.0,0.0,0.0,0.0,0.0,0.0,0.0 
 06/06  10:00:00,0.0,0.0,0.0,0.0,0.0,0.0,0.0,0.0 
 06/06  11:00:00,0.0,0.0,0.0,0.0,0.0,0.0,0.0,0.0 
 06/06  12:00:00,0.0,0.0,0.0,0.0,0.0,0.0,0.0,0.0 
 06/06  13:00:00,0.0,0.0,0.0,0.0,0.0,0.0,0.0,0.0 
 06/06  14:00:00,0.0,0.0,0.0,0.0,0.0,0.0,0.0,0.0 
 06/06  15:00:00,0.0,0.0,0.0,0.0,0.0,0.0,0.0,0.0 
 06/06  16:00:00,0.0,0.0,0.0,0.0,0.0,0.0,0.0,0.0 
 06/06  17:00:00,0.0,0.0,0.0,0.0,0.0,0.0,0.0,0.0 
 06/06  18:00:00,0.0,0.0,0.0,0.0,0.0,0.0,0.0,0.0 
 06/06  19:00:00,0.0,0.0,0.0,0.0,0.0,0.0,0.0,0.0 
 06/06  20:00:00,0.0,0.0,0.0,0.0,0.0,0.0,0.0,0.0 
 06/06  21:00:00,0.0,0.0,0.0,0.0,0.0,0.0,0.0,0.0 
 06/06  22:00:00,0.0,0.0,0.0,0.0,0.0,0.0,0.0,0.0 
 06/06  23:00:00,0.0,0.0,0.0,0.0,0.0,0.0,0.0,0.0 
 06/06  24:00:00,0.0,0.0,0.0,0.0,0.0,0.0,0.0,0.0 
 06/07  01:00:00,0.0,0.0,0.0,0.0,0.0,0.0,0.0,0.0 
 06/07  02:00:00,0.0,0.0,0.0,0.0,0.0,0.0,0.0,0.0 
 06/07  03:00:00,0.0,0.0,0.0,0.0,0.0,0.0,0.0,0.0 
 06/07  04:00:00,0.0,0.0,0.0,0.0,0.0,0.0,0.0,0.0 
 06/07  05:00:00,0.0,0.0,0.0,0.0,0.0,0.0,0.0,0.0 
 06/07  06:00:00,66712.66793552495,0.0,0.0,0.0,0.0,0.0,0.0,0.0 
 06/07  07:00:00,28180.257050636283,0.0,0.0,0.0,0.0,0.0,0.0,0.0 
 06/07  08:00:00,0.0,0.0,0.0,0.0,0.0,0.0,0.0,0.0 
 06/07  09:00:00,0.0,0.0,0.0,0.0,0.0,0.0,0.0,0.0 
 06/07  10:00:00,0.0,0.0,0.0,0.0,0.0,0.0,0.0,0.0 
 06/07  11:00:00,0.0,0.0,0.0,0.0,0.0,0.0,0.0,0.0 
 06/07  12:00:00,0.0,0.0,0.0,0.0,0.0,0.0,0.0,0.0 
 06/07  13:00:00,0.0,0.0,0.0,0.0,0.0,0.0,0.0,0.0 
 06/07  14:00:00,0.0,0.0,0.0,0.0,0.0,0.0,0.0,0.0 
 06/07  15:00:00,0.0,0.0,0.0,0.0,0.0,0.0,0.0,0.0 
 06/07  16:00:00,0.0,0.0,0.0,0.0,0.0,0.0,0.0,0.0 
 06/07  17:00:00,0.0,0.0,0.0,0.0,0.0,0.0,0.0,0.0 
 06/07  18:00:00,0.0,0.0,0.0,0.0,0.0,0.0,0.0,0.0 
 06/07  19:00:00,0.0,0.0,0.0,0.0,0.0,0.0,0.0,0.0 
 06/07  20:00:00,0.0,0.0,0.0,0.0,0.0,0.0,0.0,0.0 
 06/07  21:00:00,0.0,0.0,0.0,0.0,0.0,0.0,0.0,0.0 
 06/07  22:00:00,0.0,0.0,0.0,0.0,0.0,0.0,0.0,0.0 
 06/07  23:00:00,0.0,0.0,0.0,0.0,0.0,0.0,0.0,0.0 
 06/07  24:00:00,0.0,0.0,0.0,0.0,0.0,0.0,0.0,0.0 
 06/08  01:00:00,0.0,0.0,0.0,0.0,0.0,0.0,0.0,0.0 
 06/08  02:00:00,0.0,0.0,0.0,0.0,0.0,0.0,0.0,0.0 
 06/08  03:00:00,0.0,0.0,0.0,0.0,0.0,0.0,0.0,0.0 
 06/08  04:00:00,0.0,0.0,0.0,0.0,0.0,0.0,0.0,0.0 
 06/08  05:00:00,0.0,0.0,0.0,0.0,0.0,0.0,0.0,0.0 
 06/08  06:00:00,0.0,0.0,0.0,0.0,0.0,0.0,0.0,0.0 
 06/08  07:00:00,0.0,0.0,0.0,0.0,0.0,0.0,0.0,0.0 
 06/08  08:00:00,0.0,0.0,0.0,0.0,0.0,0.0,0.0,0.0 
 06/08  09:00:00,0.0,0.0,0.0,0.0,0.0,0.0,0.0,0.0 
 06/08  10:00:00,0.0,0.0,0.0,0.0,0.0,0.0,0.0,0.0 
 06/08  11:00:00,0.0,0.0,0.0,0.0,0.0,0.0,0.0,0.0 
 06/08  12:00:00,0.0,0.0,0.0,0.0,0.0,0.0,0.0,0.0 
 06/08  13:00:00,0.0,0.0,0.0,0.0,0.0,0.0,0.0,0.0 
 06/08  14:00:00,0.0,0.0,0.0,0.0,0.0,0.0,0.0,0.0 
 06/08  15:00:00,0.0,0.0,0.0,0.0,0.0,0.0,0.0,0.0 
 06/08  16:00:00,0.0,0.0,0.0,0.0,0.0,0.0,0.0,0.0 
 06/08  17:00:00,0.0,0.0,0.0,0.0,0.0,0.0,0.0,0.0 
 06/08  18:00:00,0.0,0.0,0.0,0.0,0.0,0.0,0.0,0.0 
 06/08  19:00:00,0.0,0.0,0.0,0.0,0.0,0.0,0.0,0.0 
 06/08  20:00:00,0.0,0.0,0.0,0.0,0.0,0.0,0.0,0.0 
 06/08  21:00:00,0.0,0.0,0.0,0.0,0.0,0.0,0.0,0.0 
 06/08  22:00:00,0.0,0.0,0.0,0.0,0.0,0.0,0.0,0.0 
 06/08  23:00:00,0.0,0.0,0.0,0.0,0.0,0.0,0.0,0.0 
 06/08  24:00:00,0.0,0.0,0.0,0.0,0.0,0.0,0.0,0.0 
 06/09  01:00:00,0.0,0.0,0.0,0.0,0.0,0.0,0.0,0.0 
 06/09  02:00:00,0.0,0.0,0.0,0.0,0.0,0.0,0.0,0.0 
 06/09  03:00:00,0.0,0.0,0.0,0.0,0.0,0.0,0.0,0.0 
 06/09  04:00:00,0.0,0.0,0.0,0.0,0.0,0.0,0.0,0.0 
 06/09  05:00:00,0.0,0.0,0.0,0.0,0.0,0.0,0.0,0.0 
 06/09  06:00:00,0.0,0.0,0.0,0.0,0.0,0.0,0.0,0.0 
 06/09  07:00:00,0.0,0.0,0.0,0.0,0.0,0.0,0.0,0.0 
 06/09  08:00:00,0.0,0.0,0.0,0.0,0.0,0.0,0.0,0.0 
 06/09  09:00:00,0.0,0.0,0.0,0.0,0.0,0.0,0.0,0.0 
 06/09  10:00:00,0.0,0.0,0.0,0.0,0.0,0.0,0.0,0.0 
 06/09  11:00:00,0.0,0.0,0.0,0.0,0.0,0.0,0.0,0.0 
 06/09  12:00:00,0.0,0.0,0.0,0.0,0.0,0.0,0.0,0.0 
 06/09  13:00:00,0.0,0.0,0.0,0.0,0.0,0.0,0.0,0.0 
 06/09  14:00:00,0.0,0.0,0.0,0.0,0.0,0.0,0.0,0.0 
 06/09  15:00:00,0.0,0.0,0.0,0.0,0.0,0.0,0.0,0.0 
 06/09  16:00:00,0.0,0.0,0.0,0.0,0.0,0.0,0.0,0.0 
 06/09  17:00:00,0.0,0.0,0.0,0.0,0.0,0.0,0.0,0.0 
 06/09  18:00:00,0.0,0.0,0.0,0.0,0.0,0.0,0.0,0.0 
 06/09  19:00:00,0.0,0.0,0.0,0.0,0.0,0.0,0.0,0.0 
 06/09  20:00:00,0.0,0.0,0.0,0.0,0.0,0.0,0.0,0.0 
 06/09  21:00:00,0.0,0.0,0.0,0.0,0.0,0.0,0.0,0.0 
 06/09  22:00:00,0.0,0.0,0.0,0.0,0.0,0.0,0.0,0.0 
 06/09  23:00:00,0.0,0.0,0.0,0.0,0.0,0.0,0.0,0.0 
 06/09  24:00:00,0.0,0.0,0.0,0.0,0.0,0.0,0.0,0.0 
 06/10  01:00:00,0.0,0.0,0.0,0.0,0.0,0.0,0.0,0.0 
 06/10  02:00:00,0.0,0.0,0.0,0.0,0.0,0.0,0.0,0.0 
 06/10  03:00:00,0.0,0.0,0.0,0.0,0.0,0.0,0.0,0.0 
 06/10  04:00:00,0.0,0.0,0.0,0.0,0.0,0.0,0.0,0.0 
 06/10  05:00:00,78411.6472183785,0.0,0.0,0.0,0.0,0.0,0.0,0.0 
 06/10  06:00:00,195654.39053649752,0.0,0.0,0.0,0.0,0.0,0.0,199976.0413171738 
 06/10  07:00:00,145393.72269177114,0.0,0.0,0.0,0.0,0.0,0.0,57792.25986128441 
 06/10  08:00:00,0.0,0.0,0.0,0.0,0.0,0.0,0.0,0.0 
 06/10  09:00:00,0.0,0.0,0.0,0.0,0.0,0.0,0.0,0.0 
 06/10  10:00:00,0.0,0.0,0.0,0.0,0.0,0.0,0.0,0.0 
 06/10  11:00:00,0.0,0.0,0.0,0.0,0.0,0.0,0.0,0.0 
 06/10  12:00:00,0.0,0.0,0.0,0.0,0.0,0.0,0.0,0.0 
 06/10  13:00:00,0.0,0.0,0.0,0.0,0.0,0.0,0.0,0.0 
 06/10  14:00:00,0.0,0.0,0.0,0.0,0.0,0.0,0.0,0.0 
 06/10  15:00:00,0.0,0.0,0.0,0.0,0.0,0.0,0.0,0.0 
 06/10  16:00:00,0.0,0.0,0.0,0.0,0.0,0.0,0.0,0.0 
 06/10  17:00:00,0.0,0.0,0.0,0.0,0.0,0.0,0.0,0.0 
 06/10  18:00:00,0.0,0.0,0.0,0.0,0.0,0.0,0.0,0.0 
 06/10  19:00:00,0.0,0.0,0.0,0.0,0.0,0.0,0.0,0.0 
 06/10  20:00:00,0.0,0.0,0.0,0.0,0.0,0.0,0.0,0.0 
 06/10  21:00:00,0.0,0.0,0.0,0.0,0.0,0.0,0.0,0.0 
 06/10  22:00:00,0.0,0.0,0.0,0.0,0.0,0.0,0.0,0.0 
 06/10  23:00:00,0.0,0.0,0.0,0.0,0.0,0.0,0.0,0.0 
 06/10  24:00:00,0.0,0.0,0.0,0.0,0.0,0.0,0.0,0.0 
 06/11  01:00:00,0.0,0.0,0.0,0.0,0.0,0.0,0.0,0.0 
 06/11  02:00:00,0.0,0.0,0.0,0.0,0.0,0.0,0.0,0.0 
 06/11  03:00:00,0.0,0.0,0.0,0.0,0.0,0.0,0.0,0.0 
 06/11  04:00:00,0.0,0.0,0.0,0.0,0.0,0.0,0.0,0.0 
 06/11  05:00:00,0.0,0.0,0.0,0.0,0.0,0.0,0.0,0.0 
 06/11  06:00:00,0.0,0.0,0.0,0.0,0.0,0.0,0.0,0.0 
 06/11  07:00:00,0.0,0.0,0.0,0.0,0.0,0.0,0.0,0.0 
 06/11  08:00:00,0.0,0.0,0.0,0.0,0.0,0.0,0.0,0.0 
 06/11  09:00:00,0.0,0.0,0.0,0.0,0.0,0.0,0.0,0.0 
 06/11  10:00:00,0.0,0.0,0.0,0.0,0.0,0.0,0.0,0.0 
 06/11  11:00:00,0.0,0.0,0.0,0.0,0.0,0.0,0.0,0.0 
 06/11  12:00:00,0.0,0.0,0.0,0.0,0.0,0.0,0.0,0.0 
 06/11  13:00:00,0.0,0.0,0.0,0.0,0.0,0.0,0.0,0.0 
 06/11  14:00:00,0.0,0.0,0.0,0.0,0.0,0.0,0.0,0.0 
 06/11  15:00:00,0.0,0.0,0.0,0.0,0.0,0.0,0.0,0.0 
 06/11  16:00:00,0.0,0.0,0.0,0.0,0.0,0.0,0.0,0.0 
 06/11  17:00:00,0.0,0.0,0.0,0.0,0.0,0.0,0.0,0.0 
 06/11  18:00:00,0.0,0.0,0.0,0.0,0.0,0.0,0.0,0.0 
 06/11  19:00:00,0.0,0.0,0.0,0.0,0.0,0.0,0.0,0.0 
 06/11  20:00:00,0.0,0.0,0.0,0.0,0.0,0.0,0.0,0.0 
 06/11  21:00:00,0.0,0.0,0.0,0.0,0.0,0.0,0.0,0.0 
 06/11  22:00:00,0.0,0.0,0.0,0.0,0.0,0.0,0.0,0.0 
 06/11  23:00:00,0.0,0.0,0.0,0.0,0.0,0.0,0.0,0.0 
 06/11  24:00:00,0.0,0.0,0.0,0.0,0.0,0.0,0.0,0.0 
 06/12  01:00:00,0.0,0.0,0.0,0.0,0.0,0.0,0.0,0.0 
 06/12  02:00:00,0.0,0.0,0.0,0.0,0.0,0.0,0.0,0.0 
 06/12  03:00:00,0.0,0.0,0.0,0.0,0.0,0.0,0.0,0.0 
 06/12  04:00:00,0.0,0.0,0.0,0.0,0.0,0.0,0.0,0.0 
 06/12  05:00:00,0.0,0.0,0.0,0.0,0.0,0.0,0.0,0.0 
 06/12  06:00:00,0.0,0.0,0.0,0.0,0.0,0.0,0.0,0.0 
 06/12  07:00:00,0.0,0.0,0.0,0.0,0.0,0.0,0.0,0.0 
 06/12  08:00:00,0.0,0.0,0.0,0.0,0.0,0.0,0.0,0.0 
 06/12  09:00:00,0.0,0.0,0.0,0.0,0.0,0.0,0.0,0.0 
 06/12  10:00:00,0.0,0.0,0.0,0.0,0.0,0.0,0.0,0.0 
 06/12  11:00:00,0.0,0.0,0.0,0.0,0.0,0.0,0.0,0.0 
 06/12  12:00:00,0.0,0.0,0.0,0.0,0.0,0.0,0.0,0.0 
 06/12  13:00:00,0.0,0.0,0.0,0.0,0.0,0.0,0.0,0.0 
 06/12  14:00:00,0.0,0.0,0.0,0.0,0.0,0.0,0.0,0.0 
 06/12  15:00:00,0.0,0.0,0.0,0.0,0.0,0.0,0.0,0.0 
 06/12  16:00:00,0.0,0.0,0.0,0.0,0.0,0.0,0.0,0.0 
 06/12  17:00:00,0.0,0.0,0.0,0.0,0.0,0.0,0.0,0.0 
 06/12  18:00:00,0.0,0.0,0.0,0.0,0.0,0.0,0.0,0.0 
 06/12  19:00:00,0.0,0.0,0.0,0.0,0.0,0.0,0.0,0.0 
 06/12  20:00:00,0.0,0.0,0.0,0.0,0.0,0.0,0.0,0.0 
 06/12  21:00:00,0.0,0.0,0.0,0.0,0.0,0.0,0.0,0.0 
 06/12  22:00:00,0.0,0.0,0.0,0.0,0.0,0.0,0.0,0.0 
 06/12  23:00:00,0.0,0.0,0.0,0.0,0.0,0.0,0.0,0.0 
 06/12  24:00:00,0.0,0.0,0.0,0.0,0.0,0.0,0.0,0.0 
 06/13  01:00:00,0.0,0.0,0.0,0.0,0.0,0.0,0.0,0.0 
 06/13  02:00:00,0.0,0.0,0.0,0.0,0.0,0.0,0.0,0.0 
 06/13  03:00:00,0.0,0.0,0.0,0.0,0.0,0.0,0.0,0.0 
 06/13  04:00:00,0.0,0.0,0.0,0.0,0.0,0.0,0.0,0.0 
 06/13  05:00:00,0.0,0.0,0.0,0.0,0.0,0.0,0.0,0.0 
 06/13  06:00:00,0.0,0.0,0.0,0.0,0.0,0.0,0.0,0.0 
 06/13  07:00:00,0.0,0.0,0.0,0.0,0.0,0.0,0.0,0.0 
 06/13  08:00:00,0.0,0.0,0.0,0.0,0.0,0.0,0.0,0.0 
 06/13  09:00:00,0.0,0.0,0.0,0.0,0.0,0.0,0.0,0.0 
 06/13  10:00:00,0.0,0.0,0.0,0.0,0.0,0.0,0.0,0.0 
 06/13  11:00:00,0.0,0.0,0.0,0.0,0.0,0.0,0.0,0.0 
 06/13  12:00:00,0.0,0.0,0.0,0.0,0.0,0.0,0.0,0.0 
 06/13  13:00:00,0.0,0.0,0.0,0.0,0.0,0.0,0.0,0.0 
 06/13  14:00:00,0.0,0.0,0.0,0.0,0.0,0.0,0.0,0.0 
 06/13  15:00:00,0.0,0.0,0.0,0.0,0.0,0.0,0.0,0.0 
 06/13  16:00:00,0.0,0.0,0.0,0.0,0.0,0.0,0.0,0.0 
 06/13  17:00:00,0.0,0.0,0.0,0.0,0.0,0.0,0.0,0.0 
 06/13  18:00:00,0.0,0.0,0.0,0.0,0.0,0.0,0.0,0.0 
 06/13  19:00:00,0.0,0.0,0.0,0.0,0.0,0.0,0.0,0.0 
 06/13  20:00:00,0.0,0.0,0.0,0.0,0.0,0.0,0.0,0.0 
 06/13  21:00:00,0.0,0.0,0.0,0.0,0.0,0.0,0.0,0.0 
 06/13  22:00:00,0.0,0.0,0.0,0.0,0.0,0.0,0.0,0.0 
 06/13  23:00:00,0.0,0.0,0.0,0.0,0.0,0.0,0.0,0.0 
 06/13  24:00:00,0.0,0.0,0.0,0.0,0.0,0.0,0.0,0.0 
 06/14  01:00:00,0.0,0.0,0.0,0.0,0.0,0.0,0.0,0.0 
 06/14  02:00:00,0.0,0.0,0.0,0.0,0.0,0.0,0.0,0.0 
 06/14  03:00:00,0.0,0.0,0.0,0.0,0.0,0.0,0.0,0.0 
 06/14  04:00:00,0.0,0.0,0.0,0.0,0.0,0.0,0.0,0.0 
 06/14  05:00:00,0.0,0.0,0.0,0.0,0.0,0.0,0.0,0.0 
 06/14  06:00:00,0.0,0.0,0.0,0.0,0.0,0.0,0.0,0.0 
 06/14  07:00:00,0.0,0.0,0.0,0.0,0.0,0.0,0.0,0.0 
 06/14  08:00:00,0.0,0.0,0.0,0.0,0.0,0.0,0.0,0.0 
 06/14  09:00:00,0.0,0.0,0.0,0.0,0.0,0.0,0.0,0.0 
 06/14  10:00:00,0.0,0.0,0.0,0.0,0.0,0.0,0.0,0.0 
 06/14  11:00:00,0.0,0.0,0.0,0.0,0.0,0.0,0.0,0.0 
 06/14  12:00:00,0.0,0.0,0.0,0.0,0.0,0.0,0.0,0.0 
 06/14  13:00:00,0.0,0.0,0.0,0.0,0.0,0.0,0.0,0.0 
 06/14  14:00:00,0.0,0.0,0.0,0.0,0.0,0.0,0.0,0.0 
 06/14  15:00:00,0.0,0.0,0.0,0.0,0.0,0.0,0.0,0.0 
 06/14  16:00:00,0.0,0.0,0.0,0.0,0.0,0.0,0.0,0.0 
 06/14  17:00:00,0.0,0.0,0.0,0.0,0.0,0.0,0.0,0.0 
 06/14  18:00:00,0.0,0.0,0.0,0.0,0.0,0.0,0.0,0.0 
 06/14  19:00:00,0.0,0.0,0.0,0.0,0.0,0.0,0.0,0.0 
 06/14  20:00:00,0.0,0.0,0.0,0.0,0.0,0.0,0.0,0.0 
 06/14  21:00:00,0.0,0.0,0.0,0.0,0.0,0.0,0.0,0.0 
 06/14  22:00:00,0.0,0.0,0.0,0.0,0.0,0.0,0.0,0.0 
 06/14  23:00:00,0.0,0.0,0.0,0.0,0.0,0.0,0.0,0.0 
 06/14  24:00:00,0.0,0.0,0.0,0.0,0.0,0.0,0.0,0.0 
 06/15  01:00:00,0.0,0.0,0.0,0.0,0.0,0.0,0.0,0.0 
 06/15  02:00:00,0.0,0.0,0.0,0.0,0.0,0.0,0.0,0.0 
 06/15  03:00:00,0.0,0.0,0.0,0.0,0.0,0.0,0.0,0.0 
 06/15  04:00:00,0.0,0.0,0.0,0.0,0.0,0.0,0.0,0.0 
 06/15  05:00:00,324025.53580058157,0.0,0.0,0.0,0.0,0.0,0.0,0.0 
 06/15  06:00:00,1037847.9084155798,0.0,0.0,0.0,0.0,0.0,0.0,1116860.4978761345 
 06/15  07:00:00,546549.4089807166,0.0,0.0,0.0,0.0,0.0,0.0,379054.3618041702 
 06/15  08:00:00,0.0,0.0,0.0,0.0,0.0,0.0,0.0,0.0 
 06/15  09:00:00,0.0,0.0,0.0,0.0,0.0,0.0,0.0,0.0 
 06/15  10:00:00,0.0,0.0,0.0,0.0,0.0,0.0,0.0,0.0 
 06/15  11:00:00,0.0,0.0,0.0,0.0,0.0,0.0,0.0,0.0 
 06/15  12:00:00,0.0,0.0,0.0,0.0,0.0,0.0,0.0,0.0 
 06/15  13:00:00,0.0,0.0,0.0,0.0,0.0,0.0,0.0,0.0 
 06/15  14:00:00,0.0,0.0,0.0,0.0,0.0,0.0,0.0,0.0 
 06/15  15:00:00,0.0,0.0,0.0,0.0,0.0,0.0,0.0,0.0 
 06/15  16:00:00,0.0,0.0,0.0,0.0,0.0,0.0,0.0,0.0 
 06/15  17:00:00,0.0,0.0,0.0,0.0,0.0,0.0,0.0,0.0 
 06/15  18:00:00,0.0,0.0,0.0,0.0,0.0,0.0,0.0,0.0 
 06/15  19:00:00,0.0,0.0,0.0,0.0,0.0,0.0,0.0,0.0 
 06/15  20:00:00,0.0,0.0,0.0,0.0,0.0,0.0,0.0,0.0 
 06/15  21:00:00,0.0,0.0,0.0,0.0,0.0,0.0,0.0,0.0 
 06/15  22:00:00,0.0,0.0,0.0,0.0,0.0,0.0,0.0,0.0 
 06/15  23:00:00,0.0,0.0,0.0,0.0,0.0,0.0,0.0,0.0 
 06/15  24:00:00,0.0,0.0,0.0,0.0,0.0,0.0,0.0,0.0 
 06/16  01:00:00,0.0,0.0,0.0,0.0,0.0,0.0,0.0,0.0 
 06/16  02:00:00,0.0,0.0,0.0,0.0,0.0,0.0,0.0,0.0 
 06/16  03:00:00,0.0,0.0,0.0,0.0,0.0,0.0,0.0,0.0 
 06/16  04:00:00,0.0,0.0,0.0,0.0,0.0,0.0,0.0,0.0 
 06/16  05:00:00,0.0,0.0,0.0,0.0,0.0,0.0,0.0,0.0 
 06/16  06:00:00,429216.8760782093,0.0,0.0,0.0,0.0,0.0,0.0,751769.979458765 
 06/16  07:00:00,226569.83227401506,0.0,0.0,0.0,0.0,0.0,0.0,361691.6490588643 
 06/16  08:00:00,0.0,0.0,0.0,0.0,0.0,0.0,0.0,0.0 
 06/16  09:00:00,0.0,0.0,0.0,0.0,0.0,0.0,0.0,0.0 
 06/16  10:00:00,0.0,0.0,0.0,0.0,0.0,0.0,0.0,0.0 
 06/16  11:00:00,0.0,0.0,0.0,0.0,0.0,0.0,0.0,0.0 
 06/16  12:00:00,0.0,0.0,0.0,0.0,0.0,0.0,0.0,0.0 
 06/16  13:00:00,0.0,0.0,0.0,0.0,0.0,0.0,0.0,0.0 
 06/16  14:00:00,0.0,0.0,0.0,0.0,0.0,0.0,0.0,0.0 
 06/16  15:00:00,0.0,0.0,0.0,0.0,0.0,0.0,0.0,0.0 
 06/16  16:00:00,0.0,0.0,0.0,0.0,0.0,0.0,0.0,0.0 
 06/16  17:00:00,0.0,0.0,0.0,0.0,0.0,0.0,0.0,0.0 
 06/16  18:00:00,0.0,0.0,0.0,0.0,0.0,0.0,0.0,0.0 
 06/16  19:00:00,0.0,0.0,0.0,0.0,0.0,0.0,0.0,0.0 
 06/16  20:00:00,0.0,0.0,0.0,0.0,0.0,0.0,0.0,0.0 
 06/16  21:00:00,0.0,0.0,0.0,0.0,0.0,0.0,0.0,0.0 
 06/16  22:00:00,0.0,0.0,0.0,0.0,0.0,0.0,0.0,0.0 
 06/16  23:00:00,0.0,0.0,0.0,0.0,0.0,0.0,0.0,0.0 
 06/16  24:00:00,0.0,0.0,0.0,0.0,0.0,0.0,0.0,0.0 
 06/17  01:00:00,0.0,0.0,0.0,0.0,0.0,0.0,0.0,0.0 
 06/17  02:00:00,0.0,0.0,0.0,0.0,0.0,0.0,0.0,0.0 
 06/17  03:00:00,0.0,0.0,0.0,0.0,0.0,0.0,0.0,0.0 
 06/17  04:00:00,0.0,0.0,0.0,0.0,0.0,0.0,0.0,0.0 
 06/17  05:00:00,0.0,0.0,0.0,0.0,0.0,0.0,0.0,0.0 
 06/17  06:00:00,535950.0622193867,0.0,0.0,0.0,0.0,0.0,0.0,860571.5641416858 
 06/17  07:00:00,208559.56403799355,0.0,0.0,0.0,0.0,0.0,0.0,149530.11338303913 
 06/17  08:00:00,0.0,0.0,0.0,0.0,0.0,0.0,0.0,0.0 
 06/17  09:00:00,0.0,0.0,0.0,0.0,0.0,0.0,0.0,0.0 
 06/17  10:00:00,0.0,0.0,0.0,0.0,0.0,0.0,0.0,0.0 
 06/17  11:00:00,0.0,0.0,0.0,0.0,0.0,0.0,0.0,0.0 
 06/17  12:00:00,0.0,0.0,0.0,0.0,0.0,0.0,0.0,0.0 
 06/17  13:00:00,0.0,0.0,0.0,0.0,0.0,0.0,0.0,0.0 
 06/17  14:00:00,0.0,0.0,0.0,0.0,0.0,0.0,0.0,0.0 
 06/17  15:00:00,0.0,0.0,0.0,0.0,0.0,0.0,0.0,0.0 
 06/17  16:00:00,0.0,0.0,0.0,0.0,0.0,0.0,0.0,0.0 
 06/17  17:00:00,0.0,0.0,0.0,0.0,0.0,0.0,0.0,0.0 
 06/17  18:00:00,0.0,0.0,0.0,0.0,0.0,0.0,0.0,0.0 
 06/17  19:00:00,0.0,0.0,0.0,0.0,0.0,0.0,0.0,0.0 
 06/17  20:00:00,0.0,0.0,0.0,0.0,0.0,0.0,0.0,0.0 
 06/17  21:00:00,0.0,0.0,0.0,0.0,0.0,0.0,0.0,0.0 
 06/17  22:00:00,0.0,0.0,0.0,0.0,0.0,0.0,0.0,0.0 
 06/17  23:00:00,0.0,0.0,0.0,0.0,0.0,0.0,0.0,0.0 
 06/17  24:00:00,0.0,0.0,0.0,0.0,0.0,0.0,0.0,0.0 
 06/18  01:00:00,0.0,0.0,0.0,0.0,0.0,0.0,0.0,0.0 
 06/18  02:00:00,0.0,0.0,0.0,0.0,0.0,0.0,0.0,0.0 
 06/18  03:00:00,0.0,0.0,0.0,0.0,0.0,0.0,0.0,0.0 
 06/18  04:00:00,0.0,0.0,0.0,0.0,0.0,0.0,0.0,0.0 
 06/18  05:00:00,0.0,0.0,0.0,0.0,0.0,0.0,0.0,0.0 
 06/18  06:00:00,0.0,0.0,0.0,0.0,0.0,0.0,0.0,0.0 
 06/18  07:00:00,0.0,0.0,0.0,0.0,0.0,0.0,0.0,0.0 
 06/18  08:00:00,0.0,0.0,0.0,0.0,0.0,0.0,0.0,0.0 
 06/18  09:00:00,0.0,0.0,0.0,0.0,0.0,0.0,0.0,0.0 
 06/18  10:00:00,0.0,0.0,0.0,0.0,0.0,0.0,0.0,0.0 
 06/18  11:00:00,0.0,0.0,0.0,0.0,0.0,0.0,0.0,0.0 
 06/18  12:00:00,0.0,0.0,0.0,0.0,0.0,0.0,0.0,0.0 
 06/18  13:00:00,0.0,0.0,0.0,0.0,0.0,0.0,0.0,0.0 
 06/18  14:00:00,0.0,0.0,0.0,0.0,0.0,0.0,0.0,0.0 
 06/18  15:00:00,0.0,0.0,0.0,0.0,0.0,0.0,0.0,0.0 
 06/18  16:00:00,0.0,0.0,0.0,0.0,0.0,0.0,0.0,0.0 
 06/18  17:00:00,0.0,0.0,0.0,0.0,0.0,0.0,0.0,0.0 
 06/18  18:00:00,0.0,0.0,0.0,0.0,0.0,0.0,0.0,0.0 
 06/18  19:00:00,0.0,0.0,0.0,0.0,0.0,0.0,0.0,0.0 
 06/18  20:00:00,0.0,0.0,0.0,0.0,0.0,0.0,0.0,0.0 
 06/18  21:00:00,0.0,0.0,0.0,0.0,0.0,0.0,0.0,0.0 
 06/18  22:00:00,0.0,0.0,0.0,0.0,0.0,0.0,0.0,0.0 
 06/18  23:00:00,0.0,0.0,0.0,0.0,0.0,0.0,0.0,0.0 
 06/18  24:00:00,0.0,0.0,0.0,0.0,0.0,0.0,0.0,0.0 
 06/19  01:00:00,0.0,0.0,0.0,0.0,0.0,0.0,0.0,0.0 
 06/19  02:00:00,0.0,0.0,0.0,0.0,0.0,0.0,0.0,0.0 
 06/19  03:00:00,0.0,0.0,0.0,0.0,0.0,0.0,0.0,0.0 
 06/19  04:00:00,0.0,0.0,0.0,0.0,0.0,0.0,0.0,0.0 
 06/19  05:00:00,0.0,0.0,0.0,0.0,0.0,0.0,0.0,0.0 
 06/19  06:00:00,0.0,0.0,0.0,0.0,0.0,0.0,0.0,0.0 
 06/19  07:00:00,0.0,0.0,0.0,0.0,0.0,0.0,0.0,0.0 
 06/19  08:00:00,0.0,0.0,0.0,0.0,0.0,0.0,0.0,0.0 
 06/19  09:00:00,0.0,0.0,0.0,0.0,0.0,0.0,0.0,0.0 
 06/19  10:00:00,0.0,0.0,0.0,0.0,0.0,0.0,0.0,0.0 
 06/19  11:00:00,0.0,0.0,0.0,0.0,0.0,0.0,0.0,0.0 
 06/19  12:00:00,0.0,0.0,0.0,0.0,0.0,0.0,0.0,0.0 
 06/19  13:00:00,0.0,0.0,0.0,0.0,0.0,0.0,0.0,0.0 
 06/19  14:00:00,0.0,0.0,0.0,0.0,0.0,0.0,0.0,0.0 
 06/19  15:00:00,0.0,0.0,0.0,0.0,0.0,0.0,0.0,0.0 
 06/19  16:00:00,0.0,0.0,0.0,0.0,0.0,0.0,0.0,0.0 
 06/19  17:00:00,0.0,0.0,0.0,0.0,0.0,0.0,0.0,0.0 
 06/19  18:00:00,0.0,0.0,0.0,0.0,0.0,0.0,0.0,0.0 
 06/19  19:00:00,0.0,0.0,0.0,0.0,0.0,0.0,0.0,0.0 
 06/19  20:00:00,0.0,0.0,0.0,0.0,0.0,0.0,0.0,0.0 
 06/19  21:00:00,0.0,0.0,0.0,0.0,0.0,0.0,0.0,0.0 
 06/19  22:00:00,0.0,0.0,0.0,0.0,0.0,0.0,0.0,0.0 
 06/19  23:00:00,0.0,0.0,0.0,0.0,0.0,0.0,0.0,0.0 
 06/19  24:00:00,0.0,0.0,0.0,0.0,0.0,0.0,0.0,0.0 
 06/20  01:00:00,0.0,0.0,0.0,0.0,0.0,0.0,0.0,0.0 
 06/20  02:00:00,0.0,0.0,0.0,0.0,0.0,0.0,0.0,0.0 
 06/20  03:00:00,0.0,0.0,0.0,0.0,0.0,0.0,0.0,0.0 
 06/20  04:00:00,0.0,0.0,0.0,0.0,0.0,0.0,0.0,0.0 
 06/20  05:00:00,0.0,0.0,0.0,0.0,0.0,0.0,0.0,0.0 
 06/20  06:00:00,0.0,0.0,0.0,0.0,0.0,0.0,0.0,0.0 
 06/20  07:00:00,0.0,0.0,0.0,0.0,0.0,0.0,0.0,0.0 
 06/20  08:00:00,0.0,0.0,0.0,0.0,0.0,0.0,0.0,0.0 
 06/20  09:00:00,0.0,0.0,0.0,0.0,0.0,0.0,0.0,0.0 
 06/20  10:00:00,0.0,0.0,0.0,0.0,0.0,0.0,0.0,0.0 
 06/20  11:00:00,0.0,0.0,0.0,0.0,0.0,0.0,0.0,0.0 
 06/20  12:00:00,0.0,0.0,0.0,0.0,0.0,0.0,0.0,0.0 
 06/20  13:00:00,0.0,0.0,0.0,0.0,0.0,0.0,0.0,0.0 
 06/20  14:00:00,0.0,0.0,0.0,0.0,0.0,0.0,0.0,0.0 
 06/20  15:00:00,0.0,0.0,0.0,0.0,0.0,0.0,0.0,0.0 
 06/20  16:00:00,0.0,0.0,0.0,0.0,0.0,0.0,0.0,0.0 
 06/20  17:00:00,0.0,0.0,0.0,0.0,0.0,0.0,0.0,0.0 
 06/20  18:00:00,0.0,0.0,0.0,0.0,0.0,0.0,0.0,0.0 
 06/20  19:00:00,0.0,0.0,0.0,0.0,0.0,0.0,0.0,0.0 
 06/20  20:00:00,0.0,0.0,0.0,0.0,0.0,0.0,0.0,0.0 
 06/20  21:00:00,0.0,0.0,0.0,0.0,0.0,0.0,0.0,0.0 
 06/20  22:00:00,0.0,0.0,0.0,0.0,0.0,0.0,0.0,0.0 
 06/20  23:00:00,0.0,0.0,0.0,0.0,0.0,0.0,0.0,0.0 
 06/20  24:00:00,0.0,0.0,0.0,0.0,0.0,0.0,0.0,0.0 
 06/21  01:00:00,0.0,0.0,0.0,0.0,0.0,0.0,0.0,0.0 
 06/21  02:00:00,0.0,0.0,0.0,0.0,0.0,0.0,0.0,0.0 
 06/21  03:00:00,0.0,0.0,0.0,0.0,0.0,0.0,0.0,0.0 
 06/21  04:00:00,0.0,0.0,0.0,0.0,0.0,0.0,0.0,0.0 
 06/21  05:00:00,0.0,0.0,0.0,0.0,0.0,0.0,0.0,0.0 
 06/21  06:00:00,0.0,0.0,0.0,0.0,0.0,0.0,0.0,0.0 
 06/21  07:00:00,0.0,0.0,0.0,0.0,0.0,0.0,0.0,0.0 
 06/21  08:00:00,0.0,0.0,0.0,0.0,0.0,0.0,0.0,0.0 
 06/21  09:00:00,0.0,0.0,0.0,0.0,0.0,0.0,0.0,0.0 
 06/21  10:00:00,0.0,0.0,0.0,0.0,0.0,0.0,0.0,0.0 
 06/21  11:00:00,0.0,0.0,0.0,0.0,0.0,0.0,0.0,0.0 
 06/21  12:00:00,0.0,0.0,0.0,0.0,0.0,0.0,0.0,0.0 
 06/21  13:00:00,0.0,0.0,0.0,0.0,0.0,0.0,0.0,0.0 
 06/21  14:00:00,0.0,0.0,0.0,0.0,0.0,0.0,0.0,0.0 
 06/21  15:00:00,0.0,0.0,0.0,0.0,0.0,0.0,0.0,0.0 
 06/21  16:00:00,0.0,0.0,0.0,0.0,0.0,0.0,0.0,0.0 
 06/21  17:00:00,0.0,0.0,0.0,0.0,0.0,0.0,0.0,0.0 
 06/21  18:00:00,0.0,0.0,0.0,0.0,0.0,0.0,0.0,0.0 
 06/21  19:00:00,0.0,0.0,0.0,0.0,0.0,0.0,0.0,0.0 
 06/21  20:00:00,0.0,0.0,0.0,0.0,0.0,0.0,0.0,0.0 
 06/21  21:00:00,0.0,0.0,0.0,0.0,0.0,0.0,0.0,0.0 
 06/21  22:00:00,0.0,0.0,0.0,0.0,0.0,0.0,0.0,0.0 
 06/21  23:00:00,0.0,0.0,0.0,0.0,0.0,0.0,0.0,0.0 
 06/21  24:00:00,0.0,0.0,0.0,0.0,0.0,0.0,0.0,0.0 
 06/22  01:00:00,0.0,0.0,0.0,0.0,0.0,0.0,0.0,0.0 
 06/22  02:00:00,0.0,0.0,0.0,0.0,0.0,0.0,0.0,0.0 
 06/22  03:00:00,0.0,0.0,0.0,0.0,0.0,0.0,0.0,0.0 
 06/22  04:00:00,0.0,0.0,0.0,0.0,0.0,0.0,0.0,0.0 
 06/22  05:00:00,0.0,0.0,0.0,0.0,0.0,0.0,0.0,0.0 
 06/22  06:00:00,0.0,0.0,0.0,0.0,0.0,0.0,0.0,0.0 
 06/22  07:00:00,0.0,0.0,0.0,0.0,0.0,0.0,0.0,0.0 
 06/22  08:00:00,0.0,0.0,0.0,0.0,0.0,0.0,0.0,0.0 
 06/22  09:00:00,0.0,0.0,0.0,0.0,0.0,0.0,0.0,0.0 
 06/22  10:00:00,0.0,0.0,0.0,0.0,0.0,0.0,0.0,0.0 
 06/22  11:00:00,0.0,0.0,0.0,0.0,0.0,0.0,0.0,0.0 
 06/22  12:00:00,0.0,0.0,0.0,0.0,0.0,0.0,0.0,0.0 
 06/22  13:00:00,0.0,0.0,0.0,0.0,0.0,0.0,0.0,0.0 
 06/22  14:00:00,0.0,0.0,0.0,0.0,0.0,0.0,0.0,0.0 
 06/22  15:00:00,0.0,0.0,0.0,0.0,0.0,0.0,0.0,0.0 
 06/22  16:00:00,0.0,0.0,0.0,0.0,0.0,0.0,0.0,0.0 
 06/22  17:00:00,0.0,0.0,0.0,0.0,0.0,0.0,0.0,0.0 
 06/22  18:00:00,0.0,0.0,0.0,0.0,0.0,0.0,0.0,0.0 
 06/22  19:00:00,0.0,0.0,0.0,0.0,0.0,0.0,0.0,0.0 
 06/22  20:00:00,0.0,0.0,0.0,0.0,0.0,0.0,0.0,0.0 
 06/22  21:00:00,0.0,0.0,0.0,0.0,0.0,0.0,0.0,0.0 
 06/22  22:00:00,0.0,0.0,0.0,0.0,0.0,0.0,0.0,0.0 
 06/22  23:00:00,0.0,0.0,0.0,0.0,0.0,0.0,0.0,0.0 
 06/22  24:00:00,0.0,0.0,0.0,0.0,0.0,0.0,0.0,0.0 
 06/23  01:00:00,0.0,0.0,0.0,0.0,0.0,0.0,0.0,0.0 
 06/23  02:00:00,0.0,0.0,0.0,0.0,0.0,0.0,0.0,0.0 
 06/23  03:00:00,0.0,0.0,0.0,0.0,0.0,0.0,0.0,0.0 
 06/23  04:00:00,0.0,0.0,0.0,0.0,0.0,0.0,0.0,0.0 
 06/23  05:00:00,0.0,0.0,0.0,0.0,0.0,0.0,0.0,0.0 
 06/23  06:00:00,0.0,0.0,0.0,0.0,0.0,0.0,0.0,0.0 
 06/23  07:00:00,0.0,0.0,0.0,0.0,0.0,0.0,0.0,0.0 
 06/23  08:00:00,0.0,0.0,0.0,0.0,0.0,0.0,0.0,0.0 
 06/23  09:00:00,0.0,0.0,0.0,0.0,0.0,0.0,0.0,0.0 
 06/23  10:00:00,0.0,0.0,0.0,0.0,0.0,0.0,0.0,0.0 
 06/23  11:00:00,0.0,0.0,0.0,0.0,0.0,0.0,0.0,0.0 
 06/23  12:00:00,0.0,0.0,0.0,0.0,0.0,0.0,0.0,0.0 
 06/23  13:00:00,0.0,0.0,0.0,0.0,0.0,0.0,0.0,0.0 
 06/23  14:00:00,0.0,0.0,0.0,0.0,0.0,0.0,0.0,0.0 
 06/23  15:00:00,0.0,0.0,0.0,0.0,0.0,0.0,0.0,0.0 
 06/23  16:00:00,0.0,0.0,0.0,0.0,0.0,0.0,0.0,0.0 
 06/23  17:00:00,0.0,0.0,0.0,0.0,0.0,0.0,0.0,0.0 
 06/23  18:00:00,0.0,0.0,0.0,0.0,0.0,0.0,0.0,0.0 
 06/23  19:00:00,0.0,0.0,0.0,0.0,0.0,0.0,0.0,0.0 
 06/23  20:00:00,0.0,0.0,0.0,0.0,0.0,0.0,0.0,0.0 
 06/23  21:00:00,0.0,0.0,0.0,0.0,0.0,0.0,0.0,0.0 
 06/23  22:00:00,0.0,0.0,0.0,0.0,0.0,0.0,0.0,0.0 
 06/23  23:00:00,0.0,0.0,0.0,0.0,0.0,0.0,0.0,0.0 
 06/23  24:00:00,0.0,0.0,0.0,0.0,0.0,0.0,0.0,0.0 
 06/24  01:00:00,0.0,0.0,0.0,0.0,0.0,0.0,0.0,0.0 
 06/24  02:00:00,0.0,0.0,0.0,0.0,0.0,0.0,0.0,0.0 
 06/24  03:00:00,0.0,0.0,0.0,0.0,0.0,0.0,0.0,0.0 
 06/24  04:00:00,0.0,0.0,0.0,0.0,0.0,0.0,0.0,0.0 
 06/24  05:00:00,0.0,0.0,0.0,0.0,0.0,0.0,0.0,0.0 
 06/24  06:00:00,0.0,0.0,0.0,0.0,0.0,0.0,0.0,0.0 
 06/24  07:00:00,0.0,0.0,0.0,0.0,0.0,0.0,0.0,0.0 
 06/24  08:00:00,0.0,0.0,0.0,0.0,0.0,0.0,0.0,0.0 
 06/24  09:00:00,0.0,0.0,0.0,0.0,0.0,0.0,0.0,0.0 
 06/24  10:00:00,0.0,0.0,0.0,0.0,0.0,0.0,0.0,0.0 
 06/24  11:00:00,0.0,0.0,0.0,0.0,0.0,0.0,0.0,0.0 
 06/24  12:00:00,0.0,0.0,0.0,0.0,0.0,0.0,0.0,0.0 
 06/24  13:00:00,0.0,0.0,0.0,0.0,0.0,0.0,0.0,0.0 
 06/24  14:00:00,0.0,0.0,0.0,0.0,0.0,0.0,0.0,0.0 
 06/24  15:00:00,0.0,0.0,0.0,0.0,0.0,0.0,0.0,0.0 
 06/24  16:00:00,0.0,0.0,0.0,0.0,0.0,0.0,0.0,0.0 
 06/24  17:00:00,0.0,0.0,0.0,0.0,0.0,0.0,0.0,0.0 
 06/24  18:00:00,0.0,0.0,0.0,0.0,0.0,0.0,0.0,0.0 
 06/24  19:00:00,0.0,0.0,0.0,0.0,0.0,0.0,0.0,0.0 
 06/24  20:00:00,0.0,0.0,0.0,0.0,0.0,0.0,0.0,0.0 
 06/24  21:00:00,0.0,0.0,0.0,0.0,0.0,0.0,0.0,0.0 
 06/24  22:00:00,0.0,0.0,0.0,0.0,0.0,0.0,0.0,0.0 
 06/24  23:00:00,0.0,0.0,0.0,0.0,0.0,0.0,0.0,0.0 
 06/24  24:00:00,0.0,0.0,0.0,0.0,0.0,0.0,0.0,0.0 
 06/25  01:00:00,0.0,0.0,0.0,0.0,0.0,0.0,0.0,0.0 
 06/25  02:00:00,0.0,0.0,0.0,0.0,0.0,0.0,0.0,0.0 
 06/25  03:00:00,0.0,0.0,0.0,0.0,0.0,0.0,0.0,0.0 
 06/25  04:00:00,0.0,0.0,0.0,0.0,0.0,0.0,0.0,0.0 
 06/25  05:00:00,0.0,0.0,0.0,0.0,0.0,0.0,0.0,0.0 
 06/25  06:00:00,0.0,0.0,0.0,0.0,0.0,0.0,0.0,0.0 
 06/25  07:00:00,0.0,0.0,0.0,0.0,0.0,0.0,0.0,0.0 
 06/25  08:00:00,0.0,0.0,0.0,0.0,0.0,0.0,0.0,0.0 
 06/25  09:00:00,0.0,0.0,0.0,0.0,0.0,0.0,0.0,0.0 
 06/25  10:00:00,0.0,0.0,0.0,0.0,0.0,0.0,0.0,0.0 
 06/25  11:00:00,0.0,0.0,0.0,0.0,0.0,0.0,0.0,0.0 
 06/25  12:00:00,0.0,0.0,0.0,0.0,0.0,0.0,0.0,0.0 
 06/25  13:00:00,0.0,0.0,0.0,0.0,0.0,0.0,0.0,0.0 
 06/25  14:00:00,0.0,0.0,0.0,0.0,0.0,0.0,0.0,0.0 
 06/25  15:00:00,0.0,0.0,0.0,0.0,0.0,0.0,0.0,0.0 
 06/25  16:00:00,0.0,0.0,0.0,0.0,0.0,0.0,0.0,0.0 
 06/25  17:00:00,0.0,0.0,0.0,0.0,0.0,0.0,0.0,0.0 
 06/25  18:00:00,0.0,0.0,0.0,0.0,0.0,0.0,0.0,0.0 
 06/25  19:00:00,0.0,0.0,0.0,0.0,0.0,0.0,0.0,0.0 
 06/25  20:00:00,0.0,0.0,0.0,0.0,0.0,0.0,0.0,0.0 
 06/25  21:00:00,0.0,0.0,0.0,0.0,0.0,0.0,0.0,0.0 
 06/25  22:00:00,0.0,0.0,0.0,0.0,0.0,0.0,0.0,0.0 
 06/25  23:00:00,0.0,0.0,0.0,0.0,0.0,0.0,0.0,0.0 
 06/25  24:00:00,0.0,0.0,0.0,0.0,0.0,0.0,0.0,0.0 
 06/26  01:00:00,0.0,0.0,0.0,0.0,0.0,0.0,0.0,0.0 
 06/26  02:00:00,0.0,0.0,0.0,0.0,0.0,0.0,0.0,0.0 
 06/26  03:00:00,0.0,0.0,0.0,0.0,0.0,0.0,0.0,0.0 
 06/26  04:00:00,0.0,0.0,0.0,0.0,0.0,0.0,0.0,0.0 
 06/26  05:00:00,0.0,0.0,0.0,0.0,0.0,0.0,0.0,0.0 
 06/26  06:00:00,0.0,0.0,0.0,0.0,0.0,0.0,0.0,0.0 
 06/26  07:00:00,0.0,0.0,0.0,0.0,0.0,0.0,0.0,0.0 
 06/26  08:00:00,0.0,0.0,0.0,0.0,0.0,0.0,0.0,0.0 
 06/26  09:00:00,0.0,0.0,0.0,0.0,0.0,0.0,0.0,0.0 
 06/26  10:00:00,0.0,0.0,0.0,0.0,0.0,0.0,0.0,0.0 
 06/26  11:00:00,0.0,0.0,0.0,0.0,0.0,0.0,0.0,0.0 
 06/26  12:00:00,0.0,0.0,0.0,0.0,0.0,0.0,0.0,0.0 
 06/26  13:00:00,0.0,0.0,0.0,0.0,0.0,0.0,0.0,0.0 
 06/26  14:00:00,0.0,0.0,0.0,0.0,0.0,0.0,0.0,0.0 
 06/26  15:00:00,0.0,0.0,0.0,0.0,0.0,0.0,0.0,0.0 
 06/26  16:00:00,0.0,0.0,0.0,0.0,0.0,0.0,0.0,0.0 
 06/26  17:00:00,0.0,0.0,0.0,0.0,0.0,0.0,0.0,0.0 
 06/26  18:00:00,0.0,0.0,0.0,0.0,0.0,0.0,0.0,0.0 
 06/26  19:00:00,0.0,0.0,0.0,0.0,0.0,0.0,0.0,0.0 
 06/26  20:00:00,0.0,0.0,0.0,0.0,0.0,0.0,0.0,0.0 
 06/26  21:00:00,0.0,0.0,0.0,0.0,0.0,0.0,0.0,0.0 
 06/26  22:00:00,0.0,0.0,0.0,0.0,0.0,0.0,0.0,0.0 
 06/26  23:00:00,0.0,0.0,0.0,0.0,0.0,0.0,0.0,0.0 
 06/26  24:00:00,0.0,0.0,0.0,0.0,0.0,0.0,0.0,0.0 
 06/27  01:00:00,0.0,0.0,0.0,0.0,0.0,0.0,0.0,0.0 
 06/27  02:00:00,0.0,0.0,0.0,0.0,0.0,0.0,0.0,0.0 
 06/27  03:00:00,0.0,0.0,0.0,0.0,0.0,0.0,0.0,0.0 
 06/27  04:00:00,0.0,0.0,0.0,0.0,0.0,0.0,0.0,0.0 
 06/27  05:00:00,0.0,0.0,0.0,0.0,0.0,0.0,0.0,0.0 
 06/27  06:00:00,0.0,0.0,0.0,0.0,0.0,0.0,0.0,0.0 
 06/27  07:00:00,0.0,0.0,0.0,0.0,0.0,0.0,0.0,0.0 
 06/27  08:00:00,0.0,0.0,0.0,0.0,0.0,0.0,0.0,0.0 
 06/27  09:00:00,0.0,0.0,0.0,0.0,0.0,0.0,0.0,0.0 
 06/27  10:00:00,0.0,0.0,0.0,0.0,0.0,0.0,0.0,0.0 
 06/27  11:00:00,0.0,0.0,0.0,0.0,0.0,0.0,0.0,0.0 
 06/27  12:00:00,0.0,0.0,0.0,0.0,0.0,0.0,0.0,0.0 
 06/27  13:00:00,0.0,0.0,0.0,0.0,0.0,0.0,0.0,0.0 
 06/27  14:00:00,0.0,0.0,0.0,0.0,0.0,0.0,0.0,0.0 
 06/27  15:00:00,0.0,0.0,0.0,0.0,0.0,0.0,0.0,0.0 
 06/27  16:00:00,0.0,0.0,0.0,0.0,0.0,0.0,0.0,0.0 
 06/27  17:00:00,0.0,0.0,0.0,0.0,0.0,0.0,0.0,0.0 
 06/27  18:00:00,0.0,0.0,0.0,0.0,0.0,0.0,0.0,0.0 
 06/27  19:00:00,0.0,0.0,0.0,0.0,0.0,0.0,0.0,0.0 
 06/27  20:00:00,0.0,0.0,0.0,0.0,0.0,0.0,0.0,0.0 
 06/27  21:00:00,0.0,0.0,0.0,0.0,0.0,0.0,0.0,0.0 
 06/27  22:00:00,0.0,0.0,0.0,0.0,0.0,0.0,0.0,0.0 
 06/27  23:00:00,0.0,0.0,0.0,0.0,0.0,0.0,0.0,0.0 
 06/27  24:00:00,0.0,0.0,0.0,0.0,0.0,0.0,0.0,0.0 
 06/28  01:00:00,0.0,0.0,0.0,0.0,0.0,0.0,0.0,0.0 
 06/28  02:00:00,0.0,0.0,0.0,0.0,0.0,0.0,0.0,0.0 
 06/28  03:00:00,0.0,0.0,0.0,0.0,0.0,0.0,0.0,0.0 
 06/28  04:00:00,0.0,0.0,0.0,0.0,0.0,0.0,0.0,0.0 
 06/28  05:00:00,0.0,0.0,0.0,0.0,0.0,0.0,0.0,0.0 
 06/28  06:00:00,0.0,0.0,0.0,0.0,0.0,0.0,0.0,0.0 
 06/28  07:00:00,0.0,0.0,0.0,0.0,0.0,0.0,0.0,0.0 
 06/28  08:00:00,0.0,0.0,0.0,0.0,0.0,0.0,0.0,0.0 
 06/28  09:00:00,0.0,0.0,0.0,0.0,0.0,0.0,0.0,0.0 
 06/28  10:00:00,0.0,0.0,0.0,0.0,0.0,0.0,0.0,0.0 
 06/28  11:00:00,0.0,0.0,0.0,0.0,0.0,0.0,0.0,0.0 
 06/28  12:00:00,0.0,0.0,0.0,0.0,0.0,0.0,0.0,0.0 
 06/28  13:00:00,0.0,0.0,0.0,0.0,0.0,0.0,0.0,0.0 
 06/28  14:00:00,0.0,0.0,0.0,0.0,0.0,0.0,0.0,0.0 
 06/28  15:00:00,0.0,0.0,0.0,0.0,0.0,0.0,0.0,0.0 
 06/28  16:00:00,0.0,0.0,0.0,0.0,0.0,0.0,0.0,0.0 
 06/28  17:00:00,0.0,0.0,0.0,0.0,0.0,0.0,0.0,0.0 
 06/28  18:00:00,0.0,0.0,0.0,0.0,0.0,0.0,0.0,0.0 
 06/28  19:00:00,0.0,0.0,0.0,0.0,0.0,0.0,0.0,0.0 
 06/28  20:00:00,0.0,0.0,0.0,0.0,0.0,0.0,0.0,0.0 
 06/28  21:00:00,0.0,0.0,0.0,0.0,0.0,0.0,0.0,0.0 
 06/28  22:00:00,0.0,0.0,0.0,0.0,0.0,0.0,0.0,0.0 
 06/28  23:00:00,0.0,0.0,0.0,0.0,0.0,0.0,0.0,0.0 
 06/28  24:00:00,0.0,0.0,0.0,0.0,0.0,0.0,0.0,0.0 
 06/29  01:00:00,0.0,0.0,0.0,0.0,0.0,0.0,0.0,0.0 
 06/29  02:00:00,0.0,0.0,0.0,0.0,0.0,0.0,0.0,0.0 
 06/29  03:00:00,0.0,0.0,0.0,0.0,0.0,0.0,0.0,0.0 
 06/29  04:00:00,0.0,0.0,0.0,0.0,0.0,0.0,0.0,0.0 
 06/29  05:00:00,0.0,0.0,0.0,0.0,0.0,0.0,0.0,0.0 
 06/29  06:00:00,0.0,0.0,0.0,0.0,0.0,0.0,0.0,0.0 
 06/29  07:00:00,0.0,0.0,0.0,0.0,0.0,0.0,0.0,0.0 
 06/29  08:00:00,0.0,0.0,0.0,0.0,0.0,0.0,0.0,0.0 
 06/29  09:00:00,0.0,0.0,0.0,0.0,0.0,0.0,0.0,0.0 
 06/29  10:00:00,0.0,0.0,0.0,0.0,0.0,0.0,0.0,0.0 
 06/29  11:00:00,0.0,0.0,0.0,0.0,0.0,0.0,0.0,0.0 
 06/29  12:00:00,0.0,0.0,0.0,0.0,0.0,0.0,0.0,0.0 
 06/29  13:00:00,0.0,0.0,0.0,0.0,0.0,0.0,0.0,0.0 
 06/29  14:00:00,0.0,0.0,0.0,0.0,0.0,0.0,0.0,0.0 
 06/29  15:00:00,0.0,0.0,0.0,0.0,0.0,0.0,0.0,0.0 
 06/29  16:00:00,0.0,0.0,0.0,0.0,0.0,0.0,0.0,0.0 
 06/29  17:00:00,0.0,0.0,0.0,0.0,0.0,0.0,0.0,0.0 
 06/29  18:00:00,0.0,0.0,0.0,0.0,0.0,0.0,0.0,0.0 
 06/29  19:00:00,0.0,0.0,0.0,0.0,0.0,0.0,0.0,0.0 
 06/29  20:00:00,0.0,0.0,0.0,0.0,0.0,0.0,0.0,0.0 
 06/29  21:00:00,0.0,0.0,0.0,0.0,0.0,0.0,0.0,0.0 
 06/29  22:00:00,0.0,0.0,0.0,0.0,0.0,0.0,0.0,0.0 
 06/29  23:00:00,0.0,0.0,0.0,0.0,0.0,0.0,0.0,0.0 
 06/29  24:00:00,0.0,0.0,0.0,0.0,0.0,0.0,0.0,0.0 
 06/30  01:00:00,0.0,0.0,0.0,0.0,0.0,0.0,0.0,0.0 
 06/30  02:00:00,0.0,0.0,0.0,0.0,0.0,0.0,0.0,0.0 
 06/30  03:00:00,0.0,0.0,0.0,0.0,0.0,0.0,0.0,0.0 
 06/30  04:00:00,0.0,0.0,0.0,0.0,0.0,0.0,0.0,0.0 
 06/30  05:00:00,0.0,0.0,0.0,0.0,0.0,0.0,0.0,0.0 
 06/30  06:00:00,0.0,0.0,0.0,0.0,0.0,0.0,0.0,0.0 
 06/30  07:00:00,0.0,0.0,0.0,0.0,0.0,0.0,0.0,0.0 
 06/30  08:00:00,0.0,0.0,0.0,0.0,0.0,0.0,0.0,0.0 
 06/30  09:00:00,0.0,0.0,0.0,0.0,0.0,0.0,0.0,0.0 
 06/30  10:00:00,0.0,0.0,0.0,0.0,0.0,0.0,0.0,0.0 
 06/30  11:00:00,0.0,0.0,0.0,0.0,0.0,0.0,0.0,0.0 
 06/30  12:00:00,0.0,0.0,0.0,0.0,0.0,0.0,0.0,0.0 
 06/30  13:00:00,0.0,0.0,0.0,0.0,0.0,0.0,0.0,0.0 
 06/30  14:00:00,0.0,0.0,0.0,0.0,0.0,0.0,0.0,0.0 
 06/30  15:00:00,0.0,0.0,0.0,0.0,0.0,0.0,0.0,0.0 
 06/30  16:00:00,0.0,0.0,0.0,0.0,0.0,0.0,0.0,0.0 
 06/30  17:00:00,0.0,0.0,0.0,0.0,0.0,0.0,0.0,0.0 
 06/30  18:00:00,0.0,0.0,0.0,0.0,0.0,0.0,0.0,0.0 
 06/30  19:00:00,0.0,0.0,0.0,0.0,0.0,0.0,0.0,0.0 
 06/30  20:00:00,0.0,0.0,0.0,0.0,0.0,0.0,0.0,0.0 
 06/30  21:00:00,0.0,0.0,0.0,0.0,0.0,0.0,0.0,0.0 
 06/30  22:00:00,0.0,0.0,0.0,0.0,0.0,0.0,0.0,0.0 
 06/30  23:00:00,0.0,0.0,0.0,0.0,0.0,0.0,0.0,0.0 
 06/30  24:00:00,0.0,0.0,0.0,0.0,0.0,0.0,0.0,0.0 
 07/01  01:00:00,0.0,0.0,0.0,0.0,0.0,0.0,0.0,0.0 
 07/01  02:00:00,0.0,0.0,0.0,0.0,0.0,0.0,0.0,0.0 
 07/01  03:00:00,0.0,0.0,0.0,0.0,0.0,0.0,0.0,0.0 
 07/01  04:00:00,0.0,0.0,0.0,0.0,0.0,0.0,0.0,0.0 
 07/01  05:00:00,521401.7031134267,0.0,0.0,0.0,0.0,0.0,0.0,993140.3270497976 
 07/01  06:00:00,1279608.712762977,0.0,0.0,0.0,0.0,0.0,0.0,2863190.5365560087 
 07/01  07:00:00,984866.9572219094,0.0,0.0,0.0,0.0,0.0,0.0,1634031.0385988618 
 07/01  08:00:00,56228.0399465657,0.0,0.0,0.0,0.0,0.0,0.0,0.0 
 07/01  09:00:00,0.0,0.0,0.0,0.0,0.0,0.0,0.0,0.0 
 07/01  10:00:00,0.0,0.0,0.0,0.0,0.0,0.0,0.0,0.0 
 07/01  11:00:00,0.0,0.0,0.0,0.0,0.0,0.0,0.0,0.0 
 07/01  12:00:00,0.0,0.0,0.0,0.0,0.0,0.0,0.0,0.0 
 07/01  13:00:00,0.0,0.0,0.0,0.0,0.0,0.0,0.0,0.0 
 07/01  14:00:00,0.0,0.0,0.0,0.0,0.0,0.0,0.0,0.0 
 07/01  15:00:00,0.0,0.0,0.0,0.0,0.0,0.0,0.0,0.0 
 07/01  16:00:00,0.0,0.0,0.0,0.0,0.0,0.0,0.0,0.0 
 07/01  17:00:00,0.0,0.0,0.0,0.0,0.0,0.0,0.0,0.0 
 07/01  18:00:00,0.0,0.0,0.0,0.0,0.0,0.0,0.0,0.0 
 07/01  19:00:00,0.0,0.0,0.0,0.0,0.0,0.0,0.0,0.0 
 07/01  20:00:00,0.0,0.0,0.0,0.0,0.0,0.0,0.0,0.0 
 07/01  21:00:00,0.0,0.0,0.0,0.0,0.0,0.0,0.0,0.0 
 07/01  22:00:00,0.0,0.0,0.0,0.0,0.0,0.0,0.0,0.0 
 07/01  23:00:00,0.0,0.0,0.0,0.0,0.0,0.0,0.0,0.0 
 07/01  24:00:00,0.0,0.0,0.0,0.0,0.0,0.0,0.0,0.0 
 07/02  01:00:00,0.0,0.0,0.0,0.0,0.0,0.0,0.0,0.0 
 07/02  02:00:00,0.0,0.0,0.0,0.0,0.0,0.0,0.0,0.0 
 07/02  03:00:00,0.0,0.0,0.0,0.0,0.0,0.0,0.0,0.0 
 07/02  04:00:00,0.0,0.0,0.0,0.0,0.0,0.0,0.0,0.0 
 07/02  05:00:00,0.0,0.0,0.0,0.0,0.0,0.0,0.0,0.0 
 07/02  06:00:00,0.0,0.0,0.0,0.0,0.0,0.0,0.0,0.0 
 07/02  07:00:00,0.0,0.0,0.0,0.0,0.0,0.0,0.0,0.0 
 07/02  08:00:00,0.0,0.0,0.0,0.0,0.0,0.0,0.0,0.0 
 07/02  09:00:00,0.0,0.0,0.0,0.0,0.0,0.0,0.0,0.0 
 07/02  10:00:00,0.0,0.0,0.0,0.0,0.0,0.0,0.0,0.0 
 07/02  11:00:00,0.0,0.0,0.0,0.0,0.0,0.0,0.0,0.0 
 07/02  12:00:00,0.0,0.0,0.0,0.0,0.0,0.0,0.0,0.0 
 07/02  13:00:00,0.0,0.0,0.0,0.0,0.0,0.0,0.0,0.0 
 07/02  14:00:00,0.0,0.0,0.0,0.0,0.0,0.0,0.0,0.0 
 07/02  15:00:00,0.0,0.0,0.0,0.0,0.0,0.0,0.0,0.0 
 07/02  16:00:00,0.0,0.0,0.0,0.0,0.0,0.0,0.0,0.0 
 07/02  17:00:00,0.0,0.0,0.0,0.0,0.0,0.0,0.0,0.0 
 07/02  18:00:00,0.0,0.0,0.0,0.0,0.0,0.0,0.0,0.0 
 07/02  19:00:00,0.0,0.0,0.0,0.0,0.0,0.0,0.0,0.0 
 07/02  20:00:00,0.0,0.0,0.0,0.0,0.0,0.0,0.0,0.0 
 07/02  21:00:00,0.0,0.0,0.0,0.0,0.0,0.0,0.0,0.0 
 07/02  22:00:00,0.0,0.0,0.0,0.0,0.0,0.0,0.0,0.0 
 07/02  23:00:00,0.0,0.0,0.0,0.0,0.0,0.0,0.0,0.0 
 07/02  24:00:00,0.0,0.0,0.0,0.0,0.0,0.0,0.0,0.0 
 07/03  01:00:00,0.0,0.0,0.0,0.0,0.0,0.0,0.0,0.0 
 07/03  02:00:00,0.0,0.0,0.0,0.0,0.0,0.0,0.0,0.0 
 07/03  03:00:00,0.0,0.0,0.0,0.0,0.0,0.0,0.0,0.0 
 07/03  04:00:00,0.0,0.0,0.0,0.0,0.0,0.0,0.0,0.0 
 07/03  05:00:00,0.0,0.0,0.0,0.0,0.0,0.0,0.0,0.0 
 07/03  06:00:00,0.0,0.0,0.0,0.0,0.0,0.0,0.0,0.0 
 07/03  07:00:00,0.0,0.0,0.0,0.0,0.0,0.0,0.0,0.0 
 07/03  08:00:00,0.0,0.0,0.0,0.0,0.0,0.0,0.0,0.0 
 07/03  09:00:00,0.0,0.0,0.0,0.0,0.0,0.0,0.0,0.0 
 07/03  10:00:00,0.0,0.0,0.0,0.0,0.0,0.0,0.0,0.0 
 07/03  11:00:00,0.0,0.0,0.0,0.0,0.0,0.0,0.0,0.0 
 07/03  12:00:00,0.0,0.0,0.0,0.0,0.0,0.0,0.0,0.0 
 07/03  13:00:00,0.0,0.0,0.0,0.0,0.0,0.0,0.0,0.0 
 07/03  14:00:00,0.0,0.0,0.0,0.0,0.0,0.0,0.0,0.0 
 07/03  15:00:00,0.0,0.0,0.0,0.0,0.0,0.0,0.0,0.0 
 07/03  16:00:00,0.0,0.0,0.0,0.0,0.0,0.0,0.0,0.0 
 07/03  17:00:00,0.0,0.0,0.0,0.0,0.0,0.0,0.0,0.0 
 07/03  18:00:00,0.0,0.0,0.0,0.0,0.0,0.0,0.0,0.0 
 07/03  19:00:00,0.0,0.0,0.0,0.0,0.0,0.0,0.0,0.0 
 07/03  20:00:00,0.0,0.0,0.0,0.0,0.0,0.0,0.0,0.0 
 07/03  21:00:00,0.0,0.0,0.0,0.0,0.0,0.0,0.0,0.0 
 07/03  22:00:00,0.0,0.0,0.0,0.0,0.0,0.0,0.0,0.0 
 07/03  23:00:00,0.0,0.0,0.0,0.0,0.0,0.0,0.0,0.0 
 07/03  24:00:00,0.0,0.0,0.0,0.0,0.0,0.0,0.0,0.0 
 07/04  01:00:00,0.0,0.0,0.0,0.0,0.0,0.0,0.0,0.0 
 07/04  02:00:00,0.0,0.0,0.0,0.0,0.0,0.0,0.0,0.0 
 07/04  03:00:00,0.0,0.0,0.0,0.0,0.0,0.0,0.0,0.0 
 07/04  04:00:00,0.0,0.0,0.0,0.0,0.0,0.0,0.0,0.0 
 07/04  05:00:00,0.0,0.0,0.0,0.0,0.0,0.0,0.0,0.0 
 07/04  06:00:00,0.0,0.0,0.0,0.0,0.0,0.0,0.0,0.0 
 07/04  07:00:00,0.0,0.0,0.0,0.0,0.0,0.0,0.0,0.0 
 07/04  08:00:00,0.0,0.0,0.0,0.0,0.0,0.0,0.0,0.0 
 07/04  09:00:00,0.0,0.0,0.0,0.0,0.0,0.0,0.0,0.0 
 07/04  10:00:00,0.0,0.0,0.0,0.0,0.0,0.0,0.0,0.0 
 07/04  11:00:00,0.0,0.0,0.0,0.0,0.0,0.0,0.0,0.0 
 07/04  12:00:00,0.0,0.0,0.0,0.0,0.0,0.0,0.0,0.0 
 07/04  13:00:00,0.0,0.0,0.0,0.0,0.0,0.0,0.0,0.0 
 07/04  14:00:00,0.0,0.0,0.0,0.0,0.0,0.0,0.0,0.0 
 07/04  15:00:00,0.0,0.0,0.0,0.0,0.0,0.0,0.0,0.0 
 07/04  16:00:00,0.0,0.0,0.0,0.0,0.0,0.0,0.0,0.0 
 07/04  17:00:00,0.0,0.0,0.0,0.0,0.0,0.0,0.0,0.0 
 07/04  18:00:00,0.0,0.0,0.0,0.0,0.0,0.0,0.0,0.0 
 07/04  19:00:00,0.0,0.0,0.0,0.0,0.0,0.0,0.0,0.0 
 07/04  20:00:00,0.0,0.0,0.0,0.0,0.0,0.0,0.0,0.0 
 07/04  21:00:00,0.0,0.0,0.0,0.0,0.0,0.0,0.0,0.0 
 07/04  22:00:00,0.0,0.0,0.0,0.0,0.0,0.0,0.0,0.0 
 07/04  23:00:00,0.0,0.0,0.0,0.0,0.0,0.0,0.0,0.0 
 07/04  24:00:00,0.0,0.0,0.0,0.0,0.0,0.0,0.0,0.0 
 07/05  01:00:00,0.0,0.0,0.0,0.0,0.0,0.0,0.0,0.0 
 07/05  02:00:00,0.0,0.0,0.0,0.0,0.0,0.0,0.0,0.0 
 07/05  03:00:00,0.0,0.0,0.0,0.0,0.0,0.0,0.0,0.0 
 07/05  04:00:00,0.0,0.0,0.0,0.0,0.0,0.0,0.0,0.0 
 07/05  05:00:00,0.0,0.0,0.0,0.0,0.0,0.0,0.0,0.0 
 07/05  06:00:00,0.0,0.0,0.0,0.0,0.0,0.0,0.0,0.0 
 07/05  07:00:00,0.0,0.0,0.0,0.0,0.0,0.0,0.0,0.0 
 07/05  08:00:00,0.0,0.0,0.0,0.0,0.0,0.0,0.0,0.0 
 07/05  09:00:00,0.0,0.0,0.0,0.0,0.0,0.0,0.0,0.0 
 07/05  10:00:00,0.0,0.0,0.0,0.0,0.0,0.0,0.0,0.0 
 07/05  11:00:00,0.0,0.0,0.0,0.0,0.0,0.0,0.0,0.0 
 07/05  12:00:00,0.0,0.0,0.0,0.0,0.0,0.0,0.0,0.0 
 07/05  13:00:00,0.0,0.0,0.0,0.0,0.0,0.0,0.0,0.0 
 07/05  14:00:00,0.0,0.0,0.0,0.0,0.0,0.0,0.0,0.0 
 07/05  15:00:00,0.0,0.0,0.0,0.0,0.0,0.0,0.0,0.0 
 07/05  16:00:00,0.0,0.0,0.0,0.0,0.0,0.0,0.0,0.0 
 07/05  17:00:00,0.0,0.0,0.0,0.0,0.0,0.0,0.0,0.0 
 07/05  18:00:00,0.0,0.0,0.0,0.0,0.0,0.0,0.0,0.0 
 07/05  19:00:00,0.0,0.0,0.0,0.0,0.0,0.0,0.0,0.0 
 07/05  20:00:00,0.0,0.0,0.0,0.0,0.0,0.0,0.0,0.0 
 07/05  21:00:00,0.0,0.0,0.0,0.0,0.0,0.0,0.0,0.0 
 07/05  22:00:00,0.0,0.0,0.0,0.0,0.0,0.0,0.0,0.0 
 07/05  23:00:00,0.0,0.0,0.0,0.0,0.0,0.0,0.0,0.0 
 07/05  24:00:00,0.0,0.0,0.0,0.0,0.0,0.0,0.0,0.0 
 07/06  01:00:00,0.0,0.0,0.0,0.0,0.0,0.0,0.0,0.0 
 07/06  02:00:00,0.0,0.0,0.0,0.0,0.0,0.0,0.0,0.0 
 07/06  03:00:00,0.0,0.0,0.0,0.0,0.0,0.0,0.0,0.0 
 07/06  04:00:00,0.0,0.0,0.0,0.0,0.0,0.0,0.0,0.0 
 07/06  05:00:00,0.0,0.0,0.0,0.0,0.0,0.0,0.0,0.0 
 07/06  06:00:00,0.0,0.0,0.0,0.0,0.0,0.0,0.0,0.0 
 07/06  07:00:00,0.0,0.0,0.0,0.0,0.0,0.0,0.0,0.0 
 07/06  08:00:00,0.0,0.0,0.0,0.0,0.0,0.0,0.0,0.0 
 07/06  09:00:00,0.0,0.0,0.0,0.0,0.0,0.0,0.0,0.0 
 07/06  10:00:00,0.0,0.0,0.0,0.0,0.0,0.0,0.0,0.0 
 07/06  11:00:00,0.0,0.0,0.0,0.0,0.0,0.0,0.0,0.0 
 07/06  12:00:00,0.0,0.0,0.0,0.0,0.0,0.0,0.0,0.0 
 07/06  13:00:00,0.0,0.0,0.0,0.0,0.0,0.0,0.0,0.0 
 07/06  14:00:00,0.0,0.0,0.0,0.0,0.0,0.0,0.0,0.0 
 07/06  15:00:00,0.0,0.0,0.0,0.0,0.0,0.0,0.0,0.0 
 07/06  16:00:00,0.0,0.0,0.0,0.0,0.0,0.0,0.0,0.0 
 07/06  17:00:00,0.0,0.0,0.0,0.0,0.0,0.0,0.0,0.0 
 07/06  18:00:00,0.0,0.0,0.0,0.0,0.0,0.0,0.0,0.0 
 07/06  19:00:00,0.0,0.0,0.0,0.0,0.0,0.0,0.0,0.0 
 07/06  20:00:00,0.0,0.0,0.0,0.0,0.0,0.0,0.0,0.0 
 07/06  21:00:00,0.0,0.0,0.0,0.0,0.0,0.0,0.0,0.0 
 07/06  22:00:00,0.0,0.0,0.0,0.0,0.0,0.0,0.0,0.0 
 07/06  23:00:00,0.0,0.0,0.0,0.0,0.0,0.0,0.0,0.0 
 07/06  24:00:00,0.0,0.0,0.0,0.0,0.0,0.0,0.0,0.0 
 07/07  01:00:00,0.0,0.0,0.0,0.0,0.0,0.0,0.0,0.0 
 07/07  02:00:00,0.0,0.0,0.0,0.0,0.0,0.0,0.0,0.0 
 07/07  03:00:00,0.0,0.0,0.0,0.0,0.0,0.0,0.0,0.0 
 07/07  04:00:00,0.0,0.0,0.0,0.0,0.0,0.0,0.0,0.0 
 07/07  05:00:00,0.0,0.0,0.0,0.0,0.0,0.0,0.0,0.0 
 07/07  06:00:00,0.0,0.0,0.0,0.0,0.0,0.0,0.0,0.0 
 07/07  07:00:00,0.0,0.0,0.0,0.0,0.0,0.0,0.0,0.0 
 07/07  08:00:00,0.0,0.0,0.0,0.0,0.0,0.0,0.0,0.0 
 07/07  09:00:00,0.0,0.0,0.0,0.0,0.0,0.0,0.0,0.0 
 07/07  10:00:00,0.0,0.0,0.0,0.0,0.0,0.0,0.0,0.0 
 07/07  11:00:00,0.0,0.0,0.0,0.0,0.0,0.0,0.0,0.0 
 07/07  12:00:00,0.0,0.0,0.0,0.0,0.0,0.0,0.0,0.0 
 07/07  13:00:00,0.0,0.0,0.0,0.0,0.0,0.0,0.0,0.0 
 07/07  14:00:00,0.0,0.0,0.0,0.0,0.0,0.0,0.0,0.0 
 07/07  15:00:00,0.0,0.0,0.0,0.0,0.0,0.0,0.0,0.0 
 07/07  16:00:00,0.0,0.0,0.0,0.0,0.0,0.0,0.0,0.0 
 07/07  17:00:00,0.0,0.0,0.0,0.0,0.0,0.0,0.0,0.0 
 07/07  18:00:00,0.0,0.0,0.0,0.0,0.0,0.0,0.0,0.0 
 07/07  19:00:00,0.0,0.0,0.0,0.0,0.0,0.0,0.0,0.0 
 07/07  20:00:00,0.0,0.0,0.0,0.0,0.0,0.0,0.0,0.0 
 07/07  21:00:00,0.0,0.0,0.0,0.0,0.0,0.0,0.0,0.0 
 07/07  22:00:00,0.0,0.0,0.0,0.0,0.0,0.0,0.0,0.0 
 07/07  23:00:00,0.0,0.0,0.0,0.0,0.0,0.0,0.0,0.0 
 07/07  24:00:00,0.0,0.0,0.0,0.0,0.0,0.0,0.0,0.0 
 07/08  01:00:00,0.0,0.0,0.0,0.0,0.0,0.0,0.0,0.0 
 07/08  02:00:00,0.0,0.0,0.0,0.0,0.0,0.0,0.0,0.0 
 07/08  03:00:00,0.0,0.0,0.0,0.0,0.0,0.0,0.0,0.0 
 07/08  04:00:00,0.0,0.0,0.0,0.0,0.0,0.0,0.0,0.0 
 07/08  05:00:00,0.0,0.0,0.0,0.0,0.0,0.0,0.0,0.0 
 07/08  06:00:00,0.0,0.0,0.0,0.0,0.0,0.0,0.0,0.0 
 07/08  07:00:00,0.0,0.0,0.0,0.0,0.0,0.0,0.0,0.0 
 07/08  08:00:00,0.0,0.0,0.0,0.0,0.0,0.0,0.0,0.0 
 07/08  09:00:00,0.0,0.0,0.0,0.0,0.0,0.0,0.0,0.0 
 07/08  10:00:00,0.0,0.0,0.0,0.0,0.0,0.0,0.0,0.0 
 07/08  11:00:00,0.0,0.0,0.0,0.0,0.0,0.0,0.0,0.0 
 07/08  12:00:00,0.0,0.0,0.0,0.0,0.0,0.0,0.0,0.0 
 07/08  13:00:00,0.0,0.0,0.0,0.0,0.0,0.0,0.0,0.0 
 07/08  14:00:00,0.0,0.0,0.0,0.0,0.0,0.0,0.0,0.0 
 07/08  15:00:00,0.0,0.0,0.0,0.0,0.0,0.0,0.0,0.0 
 07/08  16:00:00,0.0,0.0,0.0,0.0,0.0,0.0,0.0,0.0 
 07/08  17:00:00,0.0,0.0,0.0,0.0,0.0,0.0,0.0,0.0 
 07/08  18:00:00,0.0,0.0,0.0,0.0,0.0,0.0,0.0,0.0 
 07/08  19:00:00,0.0,0.0,0.0,0.0,0.0,0.0,0.0,0.0 
 07/08  20:00:00,0.0,0.0,0.0,0.0,0.0,0.0,0.0,0.0 
 07/08  21:00:00,0.0,0.0,0.0,0.0,0.0,0.0,0.0,0.0 
 07/08  22:00:00,0.0,0.0,0.0,0.0,0.0,0.0,0.0,0.0 
 07/08  23:00:00,0.0,0.0,0.0,0.0,0.0,0.0,0.0,0.0 
 07/08  24:00:00,0.0,0.0,0.0,0.0,0.0,0.0,0.0,0.0 
 07/09  01:00:00,0.0,0.0,0.0,0.0,0.0,0.0,0.0,0.0 
 07/09  02:00:00,0.0,0.0,0.0,0.0,0.0,0.0,0.0,0.0 
 07/09  03:00:00,0.0,0.0,0.0,0.0,0.0,0.0,0.0,0.0 
 07/09  04:00:00,0.0,0.0,0.0,0.0,0.0,0.0,0.0,0.0 
 07/09  05:00:00,0.0,0.0,0.0,0.0,0.0,0.0,0.0,0.0 
 07/09  06:00:00,0.0,0.0,0.0,0.0,0.0,0.0,0.0,0.0 
 07/09  07:00:00,0.0,0.0,0.0,0.0,0.0,0.0,0.0,0.0 
 07/09  08:00:00,0.0,0.0,0.0,0.0,0.0,0.0,0.0,0.0 
 07/09  09:00:00,0.0,0.0,0.0,0.0,0.0,0.0,0.0,0.0 
 07/09  10:00:00,0.0,0.0,0.0,0.0,0.0,0.0,0.0,0.0 
 07/09  11:00:00,0.0,0.0,0.0,0.0,0.0,0.0,0.0,0.0 
 07/09  12:00:00,0.0,0.0,0.0,0.0,0.0,0.0,0.0,0.0 
 07/09  13:00:00,0.0,0.0,0.0,0.0,0.0,0.0,0.0,0.0 
 07/09  14:00:00,0.0,0.0,0.0,0.0,0.0,0.0,0.0,0.0 
 07/09  15:00:00,0.0,0.0,0.0,0.0,0.0,0.0,0.0,0.0 
 07/09  16:00:00,0.0,0.0,0.0,0.0,0.0,0.0,0.0,0.0 
 07/09  17:00:00,0.0,0.0,0.0,0.0,0.0,0.0,0.0,0.0 
 07/09  18:00:00,0.0,0.0,0.0,0.0,0.0,0.0,0.0,0.0 
 07/09  19:00:00,0.0,0.0,0.0,0.0,0.0,0.0,0.0,0.0 
 07/09  20:00:00,0.0,0.0,0.0,0.0,0.0,0.0,0.0,0.0 
 07/09  21:00:00,0.0,0.0,0.0,0.0,0.0,0.0,0.0,0.0 
 07/09  22:00:00,0.0,0.0,0.0,0.0,0.0,0.0,0.0,0.0 
 07/09  23:00:00,0.0,0.0,0.0,0.0,0.0,0.0,0.0,0.0 
 07/09  24:00:00,0.0,0.0,0.0,0.0,0.0,0.0,0.0,0.0 
 07/10  01:00:00,0.0,0.0,0.0,0.0,0.0,0.0,0.0,0.0 
 07/10  02:00:00,0.0,0.0,0.0,0.0,0.0,0.0,0.0,0.0 
 07/10  03:00:00,0.0,0.0,0.0,0.0,0.0,0.0,0.0,0.0 
 07/10  04:00:00,0.0,0.0,0.0,0.0,0.0,0.0,0.0,0.0 
 07/10  05:00:00,0.0,0.0,0.0,0.0,0.0,0.0,0.0,0.0 
 07/10  06:00:00,0.0,0.0,0.0,0.0,0.0,0.0,0.0,0.0 
 07/10  07:00:00,0.0,0.0,0.0,0.0,0.0,0.0,0.0,0.0 
 07/10  08:00:00,0.0,0.0,0.0,0.0,0.0,0.0,0.0,0.0 
 07/10  09:00:00,0.0,0.0,0.0,0.0,0.0,0.0,0.0,0.0 
 07/10  10:00:00,0.0,0.0,0.0,0.0,0.0,0.0,0.0,0.0 
 07/10  11:00:00,0.0,0.0,0.0,0.0,0.0,0.0,0.0,0.0 
 07/10  12:00:00,0.0,0.0,0.0,0.0,0.0,0.0,0.0,0.0 
 07/10  13:00:00,0.0,0.0,0.0,0.0,0.0,0.0,0.0,0.0 
 07/10  14:00:00,0.0,0.0,0.0,0.0,0.0,0.0,0.0,0.0 
 07/10  15:00:00,0.0,0.0,0.0,0.0,0.0,0.0,0.0,0.0 
 07/10  16:00:00,0.0,0.0,0.0,0.0,0.0,0.0,0.0,0.0 
 07/10  17:00:00,0.0,0.0,0.0,0.0,0.0,0.0,0.0,0.0 
 07/10  18:00:00,0.0,0.0,0.0,0.0,0.0,0.0,0.0,0.0 
 07/10  19:00:00,0.0,0.0,0.0,0.0,0.0,0.0,0.0,0.0 
 07/10  20:00:00,0.0,0.0,0.0,0.0,0.0,0.0,0.0,0.0 
 07/10  21:00:00,0.0,0.0,0.0,0.0,0.0,0.0,0.0,0.0 
 07/10  22:00:00,0.0,0.0,0.0,0.0,0.0,0.0,0.0,0.0 
 07/10  23:00:00,0.0,0.0,0.0,0.0,0.0,0.0,0.0,0.0 
 07/10  24:00:00,0.0,0.0,0.0,0.0,0.0,0.0,0.0,0.0 
 07/11  01:00:00,0.0,0.0,0.0,0.0,0.0,0.0,0.0,0.0 
 07/11  02:00:00,0.0,0.0,0.0,0.0,0.0,0.0,0.0,0.0 
 07/11  03:00:00,0.0,0.0,0.0,0.0,0.0,0.0,0.0,0.0 
 07/11  04:00:00,0.0,0.0,0.0,0.0,0.0,0.0,0.0,0.0 
 07/11  05:00:00,0.0,0.0,0.0,0.0,0.0,0.0,0.0,0.0 
 07/11  06:00:00,0.0,0.0,0.0,0.0,0.0,0.0,0.0,0.0 
 07/11  07:00:00,0.0,0.0,0.0,0.0,0.0,0.0,0.0,0.0 
 07/11  08:00:00,0.0,0.0,0.0,0.0,0.0,0.0,0.0,0.0 
 07/11  09:00:00,0.0,0.0,0.0,0.0,0.0,0.0,0.0,0.0 
 07/11  10:00:00,0.0,0.0,0.0,0.0,0.0,0.0,0.0,0.0 
 07/11  11:00:00,0.0,0.0,0.0,0.0,0.0,0.0,0.0,0.0 
 07/11  12:00:00,0.0,0.0,0.0,0.0,0.0,0.0,0.0,0.0 
 07/11  13:00:00,0.0,0.0,0.0,0.0,0.0,0.0,0.0,0.0 
 07/11  14:00:00,0.0,0.0,0.0,0.0,0.0,0.0,0.0,0.0 
 07/11  15:00:00,0.0,0.0,0.0,0.0,0.0,0.0,0.0,0.0 
 07/11  16:00:00,0.0,0.0,0.0,0.0,0.0,0.0,0.0,0.0 
 07/11  17:00:00,0.0,0.0,0.0,0.0,0.0,0.0,0.0,0.0 
 07/11  18:00:00,0.0,0.0,0.0,0.0,0.0,0.0,0.0,0.0 
 07/11  19:00:00,0.0,0.0,0.0,0.0,0.0,0.0,0.0,0.0 
 07/11  20:00:00,0.0,0.0,0.0,0.0,0.0,0.0,0.0,0.0 
 07/11  21:00:00,0.0,0.0,0.0,0.0,0.0,0.0,0.0,0.0 
 07/11  22:00:00,0.0,0.0,0.0,0.0,0.0,0.0,0.0,0.0 
 07/11  23:00:00,0.0,0.0,0.0,0.0,0.0,0.0,0.0,0.0 
 07/11  24:00:00,0.0,0.0,0.0,0.0,0.0,0.0,0.0,0.0 
 07/12  01:00:00,0.0,0.0,0.0,0.0,0.0,0.0,0.0,0.0 
 07/12  02:00:00,0.0,0.0,0.0,0.0,0.0,0.0,0.0,0.0 
 07/12  03:00:00,0.0,0.0,0.0,0.0,0.0,0.0,0.0,0.0 
 07/12  04:00:00,0.0,0.0,0.0,0.0,0.0,0.0,0.0,0.0 
 07/12  05:00:00,0.0,0.0,0.0,0.0,0.0,0.0,0.0,0.0 
 07/12  06:00:00,0.0,0.0,0.0,0.0,0.0,0.0,0.0,0.0 
 07/12  07:00:00,0.0,0.0,0.0,0.0,0.0,0.0,0.0,0.0 
 07/12  08:00:00,0.0,0.0,0.0,0.0,0.0,0.0,0.0,0.0 
 07/12  09:00:00,0.0,0.0,0.0,0.0,0.0,0.0,0.0,0.0 
 07/12  10:00:00,0.0,0.0,0.0,0.0,0.0,0.0,0.0,0.0 
 07/12  11:00:00,0.0,0.0,0.0,0.0,0.0,0.0,0.0,0.0 
 07/12  12:00:00,0.0,0.0,0.0,0.0,0.0,0.0,0.0,0.0 
 07/12  13:00:00,0.0,0.0,0.0,0.0,0.0,0.0,0.0,0.0 
 07/12  14:00:00,0.0,0.0,0.0,0.0,0.0,0.0,0.0,0.0 
 07/12  15:00:00,0.0,0.0,0.0,0.0,0.0,0.0,0.0,0.0 
 07/12  16:00:00,0.0,0.0,0.0,0.0,0.0,0.0,0.0,0.0 
 07/12  17:00:00,0.0,0.0,0.0,0.0,0.0,0.0,0.0,0.0 
 07/12  18:00:00,0.0,0.0,0.0,0.0,0.0,0.0,0.0,0.0 
 07/12  19:00:00,0.0,0.0,0.0,0.0,0.0,0.0,0.0,0.0 
 07/12  20:00:00,0.0,0.0,0.0,0.0,0.0,0.0,0.0,0.0 
 07/12  21:00:00,0.0,0.0,0.0,0.0,0.0,0.0,0.0,0.0 
 07/12  22:00:00,0.0,0.0,0.0,0.0,0.0,0.0,0.0,0.0 
 07/12  23:00:00,0.0,0.0,0.0,0.0,0.0,0.0,0.0,0.0 
 07/12  24:00:00,0.0,0.0,0.0,0.0,0.0,0.0,0.0,0.0 
 07/13  01:00:00,0.0,0.0,0.0,0.0,0.0,0.0,0.0,0.0 
 07/13  02:00:00,0.0,0.0,0.0,0.0,0.0,0.0,0.0,0.0 
 07/13  03:00:00,0.0,0.0,0.0,0.0,0.0,0.0,0.0,0.0 
 07/13  04:00:00,0.0,0.0,0.0,0.0,0.0,0.0,0.0,0.0 
 07/13  05:00:00,0.0,0.0,0.0,0.0,0.0,0.0,0.0,0.0 
 07/13  06:00:00,0.0,0.0,0.0,0.0,0.0,0.0,0.0,0.0 
 07/13  07:00:00,0.0,0.0,0.0,0.0,0.0,0.0,0.0,0.0 
 07/13  08:00:00,0.0,0.0,0.0,0.0,0.0,0.0,0.0,0.0 
 07/13  09:00:00,0.0,0.0,0.0,0.0,0.0,0.0,0.0,0.0 
 07/13  10:00:00,0.0,0.0,0.0,0.0,0.0,0.0,0.0,0.0 
 07/13  11:00:00,0.0,0.0,0.0,0.0,0.0,0.0,0.0,0.0 
 07/13  12:00:00,0.0,0.0,0.0,0.0,0.0,0.0,0.0,0.0 
 07/13  13:00:00,0.0,0.0,0.0,0.0,0.0,0.0,0.0,0.0 
 07/13  14:00:00,0.0,0.0,0.0,0.0,0.0,0.0,0.0,0.0 
 07/13  15:00:00,0.0,0.0,0.0,0.0,0.0,0.0,0.0,0.0 
 07/13  16:00:00,0.0,0.0,0.0,0.0,0.0,0.0,0.0,0.0 
 07/13  17:00:00,0.0,0.0,0.0,0.0,0.0,0.0,0.0,0.0 
 07/13  18:00:00,0.0,0.0,0.0,0.0,0.0,0.0,0.0,0.0 
 07/13  19:00:00,0.0,0.0,0.0,0.0,0.0,0.0,0.0,0.0 
 07/13  20:00:00,0.0,0.0,0.0,0.0,0.0,0.0,0.0,0.0 
 07/13  21:00:00,0.0,0.0,0.0,0.0,0.0,0.0,0.0,0.0 
 07/13  22:00:00,0.0,0.0,0.0,0.0,0.0,0.0,0.0,0.0 
 07/13  23:00:00,0.0,0.0,0.0,0.0,0.0,0.0,0.0,0.0 
 07/13  24:00:00,0.0,0.0,0.0,0.0,0.0,0.0,0.0,0.0 
 07/14  01:00:00,0.0,0.0,0.0,0.0,0.0,0.0,0.0,0.0 
 07/14  02:00:00,0.0,0.0,0.0,0.0,0.0,0.0,0.0,0.0 
 07/14  03:00:00,0.0,0.0,0.0,0.0,0.0,0.0,0.0,0.0 
 07/14  04:00:00,0.0,0.0,0.0,0.0,0.0,0.0,0.0,0.0 
 07/14  05:00:00,0.0,0.0,0.0,0.0,0.0,0.0,0.0,0.0 
 07/14  06:00:00,71448.84890163084,0.0,0.0,0.0,0.0,0.0,0.0,0.0 
 07/14  07:00:00,112051.72229056191,0.0,0.0,0.0,0.0,0.0,0.0,0.0 
 07/14  08:00:00,0.0,0.0,0.0,0.0,0.0,0.0,0.0,0.0 
 07/14  09:00:00,0.0,0.0,0.0,0.0,0.0,0.0,0.0,0.0 
 07/14  10:00:00,0.0,0.0,0.0,0.0,0.0,0.0,0.0,0.0 
 07/14  11:00:00,0.0,0.0,0.0,0.0,0.0,0.0,0.0,0.0 
 07/14  12:00:00,0.0,0.0,0.0,0.0,0.0,0.0,0.0,0.0 
 07/14  13:00:00,0.0,0.0,0.0,0.0,0.0,0.0,0.0,0.0 
 07/14  14:00:00,0.0,0.0,0.0,0.0,0.0,0.0,0.0,0.0 
 07/14  15:00:00,0.0,0.0,0.0,0.0,0.0,0.0,0.0,0.0 
 07/14  16:00:00,0.0,0.0,0.0,0.0,0.0,0.0,0.0,0.0 
 07/14  17:00:00,0.0,0.0,0.0,0.0,0.0,0.0,0.0,0.0 
 07/14  18:00:00,0.0,0.0,0.0,0.0,0.0,0.0,0.0,0.0 
 07/14  19:00:00,0.0,0.0,0.0,0.0,0.0,0.0,0.0,0.0 
 07/14  20:00:00,0.0,0.0,0.0,0.0,0.0,0.0,0.0,0.0 
 07/14  21:00:00,0.0,0.0,0.0,0.0,0.0,0.0,0.0,0.0 
 07/14  22:00:00,0.0,0.0,0.0,0.0,0.0,0.0,0.0,0.0 
 07/14  23:00:00,0.0,0.0,0.0,0.0,0.0,0.0,0.0,0.0 
 07/14  24:00:00,0.0,0.0,0.0,0.0,0.0,0.0,0.0,0.0 
 07/15  01:00:00,0.0,0.0,0.0,0.0,0.0,0.0,0.0,0.0 
 07/15  02:00:00,0.0,0.0,0.0,0.0,0.0,0.0,0.0,0.0 
 07/15  03:00:00,0.0,0.0,0.0,0.0,0.0,0.0,0.0,0.0 
 07/15  04:00:00,0.0,0.0,0.0,0.0,0.0,0.0,0.0,0.0 
 07/15  05:00:00,0.0,0.0,0.0,0.0,0.0,0.0,0.0,0.0 
 07/15  06:00:00,0.0,0.0,0.0,0.0,0.0,0.0,0.0,0.0 
 07/15  07:00:00,0.0,0.0,0.0,0.0,0.0,0.0,0.0,0.0 
 07/15  08:00:00,0.0,0.0,0.0,0.0,0.0,0.0,0.0,0.0 
 07/15  09:00:00,0.0,0.0,0.0,0.0,0.0,0.0,0.0,0.0 
 07/15  10:00:00,0.0,0.0,0.0,0.0,0.0,0.0,0.0,0.0 
 07/15  11:00:00,0.0,0.0,0.0,0.0,0.0,0.0,0.0,0.0 
 07/15  12:00:00,0.0,0.0,0.0,0.0,0.0,0.0,0.0,0.0 
 07/15  13:00:00,0.0,0.0,0.0,0.0,0.0,0.0,0.0,0.0 
 07/15  14:00:00,0.0,0.0,0.0,0.0,0.0,0.0,0.0,0.0 
 07/15  15:00:00,0.0,0.0,0.0,0.0,0.0,0.0,0.0,0.0 
 07/15  16:00:00,0.0,0.0,0.0,0.0,0.0,0.0,0.0,0.0 
 07/15  17:00:00,0.0,0.0,0.0,0.0,0.0,0.0,0.0,0.0 
 07/15  18:00:00,0.0,0.0,0.0,0.0,0.0,0.0,0.0,0.0 
 07/15  19:00:00,0.0,0.0,0.0,0.0,0.0,0.0,0.0,0.0 
 07/15  20:00:00,0.0,0.0,0.0,0.0,0.0,0.0,0.0,0.0 
 07/15  21:00:00,0.0,0.0,0.0,0.0,0.0,0.0,0.0,0.0 
 07/15  22:00:00,0.0,0.0,0.0,0.0,0.0,0.0,0.0,0.0 
 07/15  23:00:00,0.0,0.0,0.0,0.0,0.0,0.0,0.0,0.0 
 07/15  24:00:00,0.0,0.0,0.0,0.0,0.0,0.0,0.0,0.0 
 07/16  01:00:00,0.0,0.0,0.0,0.0,0.0,0.0,0.0,0.0 
 07/16  02:00:00,0.0,0.0,0.0,0.0,0.0,0.0,0.0,0.0 
 07/16  03:00:00,0.0,0.0,0.0,0.0,0.0,0.0,0.0,0.0 
 07/16  04:00:00,0.0,0.0,0.0,0.0,0.0,0.0,0.0,0.0 
 07/16  05:00:00,0.0,0.0,0.0,0.0,0.0,0.0,0.0,0.0 
 07/16  06:00:00,0.0,0.0,0.0,0.0,0.0,0.0,0.0,0.0 
 07/16  07:00:00,0.0,0.0,0.0,0.0,0.0,0.0,0.0,0.0 
 07/16  08:00:00,0.0,0.0,0.0,0.0,0.0,0.0,0.0,0.0 
 07/16  09:00:00,0.0,0.0,0.0,0.0,0.0,0.0,0.0,0.0 
 07/16  10:00:00,0.0,0.0,0.0,0.0,0.0,0.0,0.0,0.0 
 07/16  11:00:00,0.0,0.0,0.0,0.0,0.0,0.0,0.0,0.0 
 07/16  12:00:00,0.0,0.0,0.0,0.0,0.0,0.0,0.0,0.0 
 07/16  13:00:00,0.0,0.0,0.0,0.0,0.0,0.0,0.0,0.0 
 07/16  14:00:00,0.0,0.0,0.0,0.0,0.0,0.0,0.0,0.0 
 07/16  15:00:00,0.0,0.0,0.0,0.0,0.0,0.0,0.0,0.0 
 07/16  16:00:00,0.0,0.0,0.0,0.0,0.0,0.0,0.0,0.0 
 07/16  17:00:00,0.0,0.0,0.0,0.0,0.0,0.0,0.0,0.0 
 07/16  18:00:00,0.0,0.0,0.0,0.0,0.0,0.0,0.0,0.0 
 07/16  19:00:00,0.0,0.0,0.0,0.0,0.0,0.0,0.0,0.0 
 07/16  20:00:00,0.0,0.0,0.0,0.0,0.0,0.0,0.0,0.0 
 07/16  21:00:00,0.0,0.0,0.0,0.0,0.0,0.0,0.0,0.0 
 07/16  22:00:00,0.0,0.0,0.0,0.0,0.0,0.0,0.0,0.0 
 07/16  23:00:00,0.0,0.0,0.0,0.0,0.0,0.0,0.0,0.0 
 07/16  24:00:00,0.0,0.0,0.0,0.0,0.0,0.0,0.0,0.0 
 07/17  01:00:00,0.0,0.0,0.0,0.0,0.0,0.0,0.0,0.0 
 07/17  02:00:00,0.0,0.0,0.0,0.0,0.0,0.0,0.0,0.0 
 07/17  03:00:00,0.0,0.0,0.0,0.0,0.0,0.0,0.0,0.0 
 07/17  04:00:00,0.0,0.0,0.0,0.0,0.0,0.0,0.0,0.0 
 07/17  05:00:00,0.0,0.0,0.0,0.0,0.0,0.0,0.0,0.0 
 07/17  06:00:00,0.0,0.0,0.0,0.0,0.0,0.0,0.0,0.0 
 07/17  07:00:00,0.0,0.0,0.0,0.0,0.0,0.0,0.0,0.0 
 07/17  08:00:00,0.0,0.0,0.0,0.0,0.0,0.0,0.0,0.0 
 07/17  09:00:00,0.0,0.0,0.0,0.0,0.0,0.0,0.0,0.0 
 07/17  10:00:00,0.0,0.0,0.0,0.0,0.0,0.0,0.0,0.0 
 07/17  11:00:00,0.0,0.0,0.0,0.0,0.0,0.0,0.0,0.0 
 07/17  12:00:00,0.0,0.0,0.0,0.0,0.0,0.0,0.0,0.0 
 07/17  13:00:00,0.0,0.0,0.0,0.0,0.0,0.0,0.0,0.0 
 07/17  14:00:00,0.0,0.0,0.0,0.0,0.0,0.0,0.0,0.0 
 07/17  15:00:00,0.0,0.0,0.0,0.0,0.0,0.0,0.0,0.0 
 07/17  16:00:00,0.0,0.0,0.0,0.0,0.0,0.0,0.0,0.0 
 07/17  17:00:00,0.0,0.0,0.0,0.0,0.0,0.0,0.0,0.0 
 07/17  18:00:00,0.0,0.0,0.0,0.0,0.0,0.0,0.0,0.0 
 07/17  19:00:00,0.0,0.0,0.0,0.0,0.0,0.0,0.0,0.0 
 07/17  20:00:00,0.0,0.0,0.0,0.0,0.0,0.0,0.0,0.0 
 07/17  21:00:00,0.0,0.0,0.0,0.0,0.0,0.0,0.0,0.0 
 07/17  22:00:00,0.0,0.0,0.0,0.0,0.0,0.0,0.0,0.0 
 07/17  23:00:00,0.0,0.0,0.0,0.0,0.0,0.0,0.0,0.0 
 07/17  24:00:00,0.0,0.0,0.0,0.0,0.0,0.0,0.0,0.0 
 07/18  01:00:00,0.0,0.0,0.0,0.0,0.0,0.0,0.0,0.0 
 07/18  02:00:00,0.0,0.0,0.0,0.0,0.0,0.0,0.0,0.0 
 07/18  03:00:00,0.0,0.0,0.0,0.0,0.0,0.0,0.0,0.0 
 07/18  04:00:00,0.0,0.0,0.0,0.0,0.0,0.0,0.0,0.0 
 07/18  05:00:00,0.0,0.0,0.0,0.0,0.0,0.0,0.0,0.0 
 07/18  06:00:00,0.0,0.0,0.0,0.0,0.0,0.0,0.0,0.0 
 07/18  07:00:00,0.0,0.0,0.0,0.0,0.0,0.0,0.0,0.0 
 07/18  08:00:00,0.0,0.0,0.0,0.0,0.0,0.0,0.0,0.0 
 07/18  09:00:00,0.0,0.0,0.0,0.0,0.0,0.0,0.0,0.0 
 07/18  10:00:00,0.0,0.0,0.0,0.0,0.0,0.0,0.0,0.0 
 07/18  11:00:00,0.0,0.0,0.0,0.0,0.0,0.0,0.0,0.0 
 07/18  12:00:00,0.0,0.0,0.0,0.0,0.0,0.0,0.0,0.0 
 07/18  13:00:00,0.0,0.0,0.0,0.0,0.0,0.0,0.0,0.0 
 07/18  14:00:00,0.0,0.0,0.0,0.0,0.0,0.0,0.0,0.0 
 07/18  15:00:00,0.0,0.0,0.0,0.0,0.0,0.0,0.0,0.0 
 07/18  16:00:00,0.0,0.0,0.0,0.0,0.0,0.0,0.0,0.0 
 07/18  17:00:00,0.0,0.0,0.0,0.0,0.0,0.0,0.0,0.0 
 07/18  18:00:00,0.0,0.0,0.0,0.0,0.0,0.0,0.0,0.0 
 07/18  19:00:00,0.0,0.0,0.0,0.0,0.0,0.0,0.0,0.0 
 07/18  20:00:00,0.0,0.0,0.0,0.0,0.0,0.0,0.0,0.0 
 07/18  21:00:00,0.0,0.0,0.0,0.0,0.0,0.0,0.0,0.0 
 07/18  22:00:00,0.0,0.0,0.0,0.0,0.0,0.0,0.0,0.0 
 07/18  23:00:00,0.0,0.0,0.0,0.0,0.0,0.0,0.0,0.0 
 07/18  24:00:00,0.0,0.0,0.0,0.0,0.0,0.0,0.0,0.0 
 07/19  01:00:00,0.0,0.0,0.0,0.0,0.0,0.0,0.0,0.0 
 07/19  02:00:00,0.0,0.0,0.0,0.0,0.0,0.0,0.0,0.0 
 07/19  03:00:00,0.0,0.0,0.0,0.0,0.0,0.0,0.0,0.0 
 07/19  04:00:00,0.0,0.0,0.0,0.0,0.0,0.0,0.0,0.0 
 07/19  05:00:00,0.0,0.0,0.0,0.0,0.0,0.0,0.0,0.0 
 07/19  06:00:00,0.0,0.0,0.0,0.0,0.0,0.0,0.0,0.0 
 07/19  07:00:00,0.0,0.0,0.0,0.0,0.0,0.0,0.0,0.0 
 07/19  08:00:00,0.0,0.0,0.0,0.0,0.0,0.0,0.0,0.0 
 07/19  09:00:00,0.0,0.0,0.0,0.0,0.0,0.0,0.0,0.0 
 07/19  10:00:00,0.0,0.0,0.0,0.0,0.0,0.0,0.0,0.0 
 07/19  11:00:00,0.0,0.0,0.0,0.0,0.0,0.0,0.0,0.0 
 07/19  12:00:00,0.0,0.0,0.0,0.0,0.0,0.0,0.0,0.0 
 07/19  13:00:00,0.0,0.0,0.0,0.0,0.0,0.0,0.0,0.0 
 07/19  14:00:00,0.0,0.0,0.0,0.0,0.0,0.0,0.0,0.0 
 07/19  15:00:00,0.0,0.0,0.0,0.0,0.0,0.0,0.0,0.0 
 07/19  16:00:00,0.0,0.0,0.0,0.0,0.0,0.0,0.0,0.0 
 07/19  17:00:00,0.0,0.0,0.0,0.0,0.0,0.0,0.0,0.0 
 07/19  18:00:00,0.0,0.0,0.0,0.0,0.0,0.0,0.0,0.0 
 07/19  19:00:00,0.0,0.0,0.0,0.0,0.0,0.0,0.0,0.0 
 07/19  20:00:00,0.0,0.0,0.0,0.0,0.0,0.0,0.0,0.0 
 07/19  21:00:00,0.0,0.0,0.0,0.0,0.0,0.0,0.0,0.0 
 07/19  22:00:00,0.0,0.0,0.0,0.0,0.0,0.0,0.0,0.0 
 07/19  23:00:00,0.0,0.0,0.0,0.0,0.0,0.0,0.0,0.0 
 07/19  24:00:00,0.0,0.0,0.0,0.0,0.0,0.0,0.0,0.0 
 07/20  01:00:00,0.0,0.0,0.0,0.0,0.0,0.0,0.0,0.0 
 07/20  02:00:00,0.0,0.0,0.0,0.0,0.0,0.0,0.0,0.0 
 07/20  03:00:00,0.0,0.0,0.0,0.0,0.0,0.0,0.0,0.0 
 07/20  04:00:00,0.0,0.0,0.0,0.0,0.0,0.0,0.0,0.0 
 07/20  05:00:00,0.0,0.0,0.0,0.0,0.0,0.0,0.0,0.0 
 07/20  06:00:00,0.0,0.0,0.0,0.0,0.0,0.0,0.0,0.0 
 07/20  07:00:00,0.0,0.0,0.0,0.0,0.0,0.0,0.0,0.0 
 07/20  08:00:00,0.0,0.0,0.0,0.0,0.0,0.0,0.0,0.0 
 07/20  09:00:00,0.0,0.0,0.0,0.0,0.0,0.0,0.0,0.0 
 07/20  10:00:00,0.0,0.0,0.0,0.0,0.0,0.0,0.0,0.0 
 07/20  11:00:00,0.0,0.0,0.0,0.0,0.0,0.0,0.0,0.0 
 07/20  12:00:00,0.0,0.0,0.0,0.0,0.0,0.0,0.0,0.0 
 07/20  13:00:00,0.0,0.0,0.0,0.0,0.0,0.0,0.0,0.0 
 07/20  14:00:00,0.0,0.0,0.0,0.0,0.0,0.0,0.0,0.0 
 07/20  15:00:00,0.0,0.0,0.0,0.0,0.0,0.0,0.0,0.0 
 07/20  16:00:00,0.0,0.0,0.0,0.0,0.0,0.0,0.0,0.0 
 07/20  17:00:00,0.0,0.0,0.0,0.0,0.0,0.0,0.0,0.0 
 07/20  18:00:00,0.0,0.0,0.0,0.0,0.0,0.0,0.0,0.0 
 07/20  19:00:00,0.0,0.0,0.0,0.0,0.0,0.0,0.0,0.0 
 07/20  20:00:00,0.0,0.0,0.0,0.0,0.0,0.0,0.0,0.0 
 07/20  21:00:00,0.0,0.0,0.0,0.0,0.0,0.0,0.0,0.0 
 07/20  22:00:00,0.0,0.0,0.0,0.0,0.0,0.0,0.0,0.0 
 07/20  23:00:00,0.0,0.0,0.0,0.0,0.0,0.0,0.0,0.0 
 07/20  24:00:00,0.0,0.0,0.0,0.0,0.0,0.0,0.0,0.0 
 07/21  01:00:00,0.0,0.0,0.0,0.0,0.0,0.0,0.0,0.0 
 07/21  02:00:00,0.0,0.0,0.0,0.0,0.0,0.0,0.0,0.0 
 07/21  03:00:00,0.0,0.0,0.0,0.0,0.0,0.0,0.0,0.0 
 07/21  04:00:00,0.0,0.0,0.0,0.0,0.0,0.0,0.0,0.0 
 07/21  05:00:00,0.0,0.0,0.0,0.0,0.0,0.0,0.0,0.0 
 07/21  06:00:00,0.0,0.0,0.0,0.0,0.0,0.0,0.0,0.0 
 07/21  07:00:00,0.0,0.0,0.0,0.0,0.0,0.0,0.0,0.0 
 07/21  08:00:00,0.0,0.0,0.0,0.0,0.0,0.0,0.0,0.0 
 07/21  09:00:00,0.0,0.0,0.0,0.0,0.0,0.0,0.0,0.0 
 07/21  10:00:00,0.0,0.0,0.0,0.0,0.0,0.0,0.0,0.0 
 07/21  11:00:00,0.0,0.0,0.0,0.0,0.0,0.0,0.0,0.0 
 07/21  12:00:00,0.0,0.0,0.0,0.0,0.0,0.0,0.0,0.0 
 07/21  13:00:00,0.0,0.0,0.0,0.0,0.0,0.0,0.0,0.0 
 07/21  14:00:00,0.0,0.0,0.0,0.0,0.0,0.0,0.0,0.0 
 07/21  15:00:00,0.0,0.0,0.0,0.0,0.0,0.0,0.0,0.0 
 07/21  16:00:00,0.0,0.0,0.0,0.0,0.0,0.0,0.0,0.0 
 07/21  17:00:00,0.0,0.0,0.0,0.0,0.0,0.0,0.0,0.0 
 07/21  18:00:00,0.0,0.0,0.0,0.0,0.0,0.0,0.0,0.0 
 07/21  19:00:00,0.0,0.0,0.0,0.0,0.0,0.0,0.0,0.0 
 07/21  20:00:00,0.0,0.0,0.0,0.0,0.0,0.0,0.0,0.0 
 07/21  21:00:00,0.0,0.0,0.0,0.0,0.0,0.0,0.0,0.0 
 07/21  22:00:00,0.0,0.0,0.0,0.0,0.0,0.0,0.0,0.0 
 07/21  23:00:00,0.0,0.0,0.0,0.0,0.0,0.0,0.0,0.0 
 07/21  24:00:00,0.0,0.0,0.0,0.0,0.0,0.0,0.0,0.0 
 07/22  01:00:00,0.0,0.0,0.0,0.0,0.0,0.0,0.0,0.0 
 07/22  02:00:00,0.0,0.0,0.0,0.0,0.0,0.0,0.0,0.0 
 07/22  03:00:00,0.0,0.0,0.0,0.0,0.0,0.0,0.0,0.0 
 07/22  04:00:00,0.0,0.0,0.0,0.0,0.0,0.0,0.0,0.0 
 07/22  05:00:00,0.0,0.0,0.0,0.0,0.0,0.0,0.0,0.0 
 07/22  06:00:00,0.0,0.0,0.0,0.0,0.0,0.0,0.0,0.0 
 07/22  07:00:00,0.0,0.0,0.0,0.0,0.0,0.0,0.0,0.0 
 07/22  08:00:00,0.0,0.0,0.0,0.0,0.0,0.0,0.0,0.0 
 07/22  09:00:00,0.0,0.0,0.0,0.0,0.0,0.0,0.0,0.0 
 07/22  10:00:00,0.0,0.0,0.0,0.0,0.0,0.0,0.0,0.0 
 07/22  11:00:00,0.0,0.0,0.0,0.0,0.0,0.0,0.0,0.0 
 07/22  12:00:00,0.0,0.0,0.0,0.0,0.0,0.0,0.0,0.0 
 07/22  13:00:00,0.0,0.0,0.0,0.0,0.0,0.0,0.0,0.0 
 07/22  14:00:00,0.0,0.0,0.0,0.0,0.0,0.0,0.0,0.0 
 07/22  15:00:00,0.0,0.0,0.0,0.0,0.0,0.0,0.0,0.0 
 07/22  16:00:00,0.0,0.0,0.0,0.0,0.0,0.0,0.0,0.0 
 07/22  17:00:00,0.0,0.0,0.0,0.0,0.0,0.0,0.0,0.0 
 07/22  18:00:00,0.0,0.0,0.0,0.0,0.0,0.0,0.0,0.0 
 07/22  19:00:00,0.0,0.0,0.0,0.0,0.0,0.0,0.0,0.0 
 07/22  20:00:00,0.0,0.0,0.0,0.0,0.0,0.0,0.0,0.0 
 07/22  21:00:00,0.0,0.0,0.0,0.0,0.0,0.0,0.0,0.0 
 07/22  22:00:00,0.0,0.0,0.0,0.0,0.0,0.0,0.0,0.0 
 07/22  23:00:00,0.0,0.0,0.0,0.0,0.0,0.0,0.0,0.0 
 07/22  24:00:00,0.0,0.0,0.0,0.0,0.0,0.0,0.0,0.0 
 07/23  01:00:00,0.0,0.0,0.0,0.0,0.0,0.0,0.0,0.0 
 07/23  02:00:00,0.0,0.0,0.0,0.0,0.0,0.0,0.0,0.0 
 07/23  03:00:00,0.0,0.0,0.0,0.0,0.0,0.0,0.0,0.0 
 07/23  04:00:00,0.0,0.0,0.0,0.0,0.0,0.0,0.0,0.0 
 07/23  05:00:00,0.0,0.0,0.0,0.0,0.0,0.0,0.0,0.0 
 07/23  06:00:00,0.0,0.0,0.0,0.0,0.0,0.0,0.0,0.0 
 07/23  07:00:00,0.0,0.0,0.0,0.0,0.0,0.0,0.0,0.0 
 07/23  08:00:00,0.0,0.0,0.0,0.0,0.0,0.0,0.0,0.0 
 07/23  09:00:00,0.0,0.0,0.0,0.0,0.0,0.0,0.0,0.0 
 07/23  10:00:00,0.0,0.0,0.0,0.0,0.0,0.0,0.0,0.0 
 07/23  11:00:00,0.0,0.0,0.0,0.0,0.0,0.0,0.0,0.0 
 07/23  12:00:00,0.0,0.0,0.0,0.0,0.0,0.0,0.0,0.0 
 07/23  13:00:00,0.0,0.0,0.0,0.0,0.0,0.0,0.0,0.0 
 07/23  14:00:00,0.0,0.0,0.0,0.0,0.0,0.0,0.0,0.0 
 07/23  15:00:00,0.0,0.0,0.0,0.0,0.0,0.0,0.0,0.0 
 07/23  16:00:00,0.0,0.0,0.0,0.0,0.0,0.0,0.0,0.0 
 07/23  17:00:00,0.0,0.0,0.0,0.0,0.0,0.0,0.0,0.0 
 07/23  18:00:00,0.0,0.0,0.0,0.0,0.0,0.0,0.0,0.0 
 07/23  19:00:00,0.0,0.0,0.0,0.0,0.0,0.0,0.0,0.0 
 07/23  20:00:00,0.0,0.0,0.0,0.0,0.0,0.0,0.0,0.0 
 07/23  21:00:00,0.0,0.0,0.0,0.0,0.0,0.0,0.0,0.0 
 07/23  22:00:00,0.0,0.0,0.0,0.0,0.0,0.0,0.0,0.0 
 07/23  23:00:00,0.0,0.0,0.0,0.0,0.0,0.0,0.0,0.0 
 07/23  24:00:00,0.0,0.0,0.0,0.0,0.0,0.0,0.0,0.0 
 07/24  01:00:00,0.0,0.0,0.0,0.0,0.0,0.0,0.0,0.0 
 07/24  02:00:00,0.0,0.0,0.0,0.0,0.0,0.0,0.0,0.0 
 07/24  03:00:00,0.0,0.0,0.0,0.0,0.0,0.0,0.0,0.0 
 07/24  04:00:00,0.0,0.0,0.0,0.0,0.0,0.0,0.0,0.0 
 07/24  05:00:00,0.0,0.0,0.0,0.0,0.0,0.0,0.0,0.0 
 07/24  06:00:00,0.0,0.0,0.0,0.0,0.0,0.0,0.0,0.0 
 07/24  07:00:00,0.0,0.0,0.0,0.0,0.0,0.0,0.0,0.0 
 07/24  08:00:00,0.0,0.0,0.0,0.0,0.0,0.0,0.0,0.0 
 07/24  09:00:00,0.0,0.0,0.0,0.0,0.0,0.0,0.0,0.0 
 07/24  10:00:00,0.0,0.0,0.0,0.0,0.0,0.0,0.0,0.0 
 07/24  11:00:00,0.0,0.0,0.0,0.0,0.0,0.0,0.0,0.0 
 07/24  12:00:00,0.0,0.0,0.0,0.0,0.0,0.0,0.0,0.0 
 07/24  13:00:00,0.0,0.0,0.0,0.0,0.0,0.0,0.0,0.0 
 07/24  14:00:00,0.0,0.0,0.0,0.0,0.0,0.0,0.0,0.0 
 07/24  15:00:00,0.0,0.0,0.0,0.0,0.0,0.0,0.0,0.0 
 07/24  16:00:00,0.0,0.0,0.0,0.0,0.0,0.0,0.0,0.0 
 07/24  17:00:00,0.0,0.0,0.0,0.0,0.0,0.0,0.0,0.0 
 07/24  18:00:00,0.0,0.0,0.0,0.0,0.0,0.0,0.0,0.0 
 07/24  19:00:00,0.0,0.0,0.0,0.0,0.0,0.0,0.0,0.0 
 07/24  20:00:00,0.0,0.0,0.0,0.0,0.0,0.0,0.0,0.0 
 07/24  21:00:00,0.0,0.0,0.0,0.0,0.0,0.0,0.0,0.0 
 07/24  22:00:00,0.0,0.0,0.0,0.0,0.0,0.0,0.0,0.0 
 07/24  23:00:00,0.0,0.0,0.0,0.0,0.0,0.0,0.0,0.0 
 07/24  24:00:00,0.0,0.0,0.0,0.0,0.0,0.0,0.0,0.0 
 07/25  01:00:00,0.0,0.0,0.0,0.0,0.0,0.0,0.0,0.0 
 07/25  02:00:00,0.0,0.0,0.0,0.0,0.0,0.0,0.0,0.0 
 07/25  03:00:00,0.0,0.0,0.0,0.0,0.0,0.0,0.0,0.0 
 07/25  04:00:00,0.0,0.0,0.0,0.0,0.0,0.0,0.0,0.0 
 07/25  05:00:00,0.0,0.0,0.0,0.0,0.0,0.0,0.0,0.0 
 07/25  06:00:00,0.0,0.0,0.0,0.0,0.0,0.0,0.0,0.0 
 07/25  07:00:00,0.0,0.0,0.0,0.0,0.0,0.0,0.0,0.0 
 07/25  08:00:00,0.0,0.0,0.0,0.0,0.0,0.0,0.0,0.0 
 07/25  09:00:00,0.0,0.0,0.0,0.0,0.0,0.0,0.0,0.0 
 07/25  10:00:00,0.0,0.0,0.0,0.0,0.0,0.0,0.0,0.0 
 07/25  11:00:00,0.0,0.0,0.0,0.0,0.0,0.0,0.0,0.0 
 07/25  12:00:00,0.0,0.0,0.0,0.0,0.0,0.0,0.0,0.0 
 07/25  13:00:00,0.0,0.0,0.0,0.0,0.0,0.0,0.0,0.0 
 07/25  14:00:00,0.0,0.0,0.0,0.0,0.0,0.0,0.0,0.0 
 07/25  15:00:00,0.0,0.0,0.0,0.0,0.0,0.0,0.0,0.0 
 07/25  16:00:00,0.0,0.0,0.0,0.0,0.0,0.0,0.0,0.0 
 07/25  17:00:00,0.0,0.0,0.0,0.0,0.0,0.0,0.0,0.0 
 07/25  18:00:00,0.0,0.0,0.0,0.0,0.0,0.0,0.0,0.0 
 07/25  19:00:00,0.0,0.0,0.0,0.0,0.0,0.0,0.0,0.0 
 07/25  20:00:00,0.0,0.0,0.0,0.0,0.0,0.0,0.0,0.0 
 07/25  21:00:00,0.0,0.0,0.0,0.0,0.0,0.0,0.0,0.0 
 07/25  22:00:00,0.0,0.0,0.0,0.0,0.0,0.0,0.0,0.0 
 07/25  23:00:00,0.0,0.0,0.0,0.0,0.0,0.0,0.0,0.0 
 07/25  24:00:00,0.0,0.0,0.0,0.0,0.0,0.0,0.0,0.0 
 07/26  01:00:00,0.0,0.0,0.0,0.0,0.0,0.0,0.0,0.0 
 07/26  02:00:00,0.0,0.0,0.0,0.0,0.0,0.0,0.0,0.0 
 07/26  03:00:00,77640.71953265229,0.0,0.0,0.0,0.0,0.0,0.0,79198.94702474558 
 07/26  04:00:00,840559.5951796684,0.0,0.0,0.0,0.0,0.0,0.0,1816895.405884768 
 07/26  05:00:00,1641499.965055895,0.0,0.0,0.0,0.0,0.0,0.0,3746140.001178561 
 07/26  06:00:00,2289094.848885937,0.0,0.0,0.0,0.0,0.0,0.0,5142581.8397577675 
 07/26  07:00:00,2175343.5868697884,94215.53770367755,0.0,0.0,0.0,0.0,0.0,4575505.373069587 
 07/26  08:00:00,642664.6499332259,0.0,0.0,0.0,0.0,0.0,0.0,685160.3883759774 
 07/26  09:00:00,0.0,0.0,0.0,0.0,0.0,0.0,0.0,0.0 
 07/26  10:00:00,0.0,0.0,0.0,0.0,0.0,0.0,0.0,0.0 
 07/26  11:00:00,0.0,0.0,0.0,0.0,0.0,0.0,0.0,0.0 
 07/26  12:00:00,0.0,0.0,0.0,0.0,0.0,0.0,0.0,0.0 
 07/26  13:00:00,0.0,0.0,0.0,0.0,0.0,0.0,0.0,0.0 
 07/26  14:00:00,0.0,0.0,0.0,0.0,0.0,0.0,0.0,0.0 
 07/26  15:00:00,0.0,0.0,0.0,0.0,0.0,0.0,0.0,0.0 
 07/26  16:00:00,0.0,0.0,0.0,0.0,0.0,0.0,0.0,0.0 
 07/26  17:00:00,0.0,0.0,0.0,0.0,0.0,0.0,0.0,0.0 
 07/26  18:00:00,0.0,0.0,0.0,0.0,0.0,0.0,0.0,0.0 
 07/26  19:00:00,0.0,0.0,0.0,0.0,0.0,0.0,0.0,0.0 
 07/26  20:00:00,0.0,0.0,0.0,0.0,0.0,0.0,0.0,0.0 
 07/26  21:00:00,0.0,0.0,0.0,0.0,0.0,0.0,0.0,0.0 
 07/26  22:00:00,0.0,0.0,0.0,0.0,0.0,0.0,0.0,0.0 
 07/26  23:00:00,0.0,0.0,0.0,0.0,0.0,0.0,0.0,0.0 
 07/26  24:00:00,0.0,0.0,0.0,0.0,0.0,0.0,0.0,0.0 
 07/27  01:00:00,0.0,0.0,0.0,0.0,0.0,0.0,0.0,0.0 
 07/27  02:00:00,0.0,0.0,0.0,0.0,0.0,0.0,0.0,0.0 
 07/27  03:00:00,0.0,0.0,0.0,0.0,0.0,0.0,0.0,0.0 
 07/27  04:00:00,1075177.8108986022,0.0,0.0,0.0,0.0,0.0,0.0,2280742.771715188 
 07/27  05:00:00,2346780.1999049135,48401.25614024874,0.0,0.0,0.0,0.0,0.0,4766180.387332085 
 07/27  06:00:00,3193492.7357556927,1025873.2964629934,154915.71312732267,0.0,0.0,0.0,204762.36557919765,6527959.424853181 
 07/27  07:00:00,2929420.521584392,1114642.3161157626,352458.5085011873,117023.89611333929,43814.3235056501,61491.12755410024,496953.7410930265,5847684.371461802 
 07/27  08:00:00,726506.7946660348,38782.52721312165,0.0,0.0,0.0,0.0,0.0,973329.4132023425 
 07/27  09:00:00,0.0,0.0,0.0,0.0,0.0,0.0,0.0,0.0 
 07/27  10:00:00,0.0,0.0,0.0,0.0,0.0,0.0,0.0,0.0 
 07/27  11:00:00,0.0,0.0,0.0,0.0,0.0,0.0,0.0,0.0 
 07/27  12:00:00,0.0,0.0,0.0,0.0,0.0,0.0,0.0,0.0 
 07/27  13:00:00,0.0,0.0,0.0,0.0,0.0,0.0,0.0,0.0 
 07/27  14:00:00,0.0,0.0,0.0,0.0,0.0,0.0,0.0,0.0 
 07/27  15:00:00,0.0,0.0,0.0,0.0,0.0,0.0,0.0,0.0 
 07/27  16:00:00,0.0,0.0,0.0,0.0,0.0,0.0,0.0,0.0 
 07/27  17:00:00,0.0,0.0,0.0,0.0,0.0,0.0,0.0,0.0 
 07/27  18:00:00,0.0,0.0,0.0,0.0,0.0,0.0,0.0,0.0 
 07/27  19:00:00,0.0,0.0,0.0,0.0,0.0,0.0,0.0,0.0 
 07/27  20:00:00,0.0,0.0,0.0,0.0,0.0,0.0,0.0,0.0 
 07/27  21:00:00,0.0,0.0,0.0,0.0,0.0,0.0,0.0,0.0 
 07/27  22:00:00,0.0,0.0,0.0,0.0,0.0,0.0,0.0,0.0 
 07/27  23:00:00,0.0,0.0,0.0,0.0,0.0,0.0,0.0,0.0 
 07/27  24:00:00,0.0,0.0,0.0,0.0,0.0,0.0,0.0,0.0 
 07/28  01:00:00,0.0,0.0,0.0,0.0,0.0,0.0,0.0,0.0 
 07/28  02:00:00,0.0,0.0,0.0,0.0,0.0,0.0,0.0,0.0 
 07/28  03:00:00,0.0,0.0,0.0,0.0,0.0,0.0,0.0,0.0 
 07/28  04:00:00,0.0,0.0,0.0,0.0,0.0,0.0,0.0,0.0 
 07/28  05:00:00,0.0,0.0,0.0,0.0,0.0,0.0,0.0,0.0 
 07/28  06:00:00,0.0,0.0,0.0,0.0,0.0,0.0,0.0,0.0 
 07/28  07:00:00,0.0,0.0,0.0,0.0,0.0,0.0,0.0,0.0 
 07/28  08:00:00,0.0,0.0,0.0,0.0,0.0,0.0,0.0,0.0 
 07/28  09:00:00,0.0,0.0,0.0,0.0,0.0,0.0,0.0,0.0 
 07/28  10:00:00,0.0,0.0,0.0,0.0,0.0,0.0,0.0,0.0 
 07/28  11:00:00,0.0,0.0,0.0,0.0,0.0,0.0,0.0,0.0 
 07/28  12:00:00,0.0,0.0,0.0,0.0,0.0,0.0,0.0,0.0 
 07/28  13:00:00,0.0,0.0,0.0,0.0,0.0,0.0,0.0,0.0 
 07/28  14:00:00,0.0,0.0,0.0,0.0,0.0,0.0,0.0,0.0 
 07/28  15:00:00,0.0,0.0,0.0,0.0,0.0,0.0,0.0,0.0 
 07/28  16:00:00,0.0,0.0,0.0,0.0,0.0,0.0,0.0,0.0 
 07/28  17:00:00,0.0,0.0,0.0,0.0,0.0,0.0,0.0,0.0 
 07/28  18:00:00,0.0,0.0,0.0,0.0,0.0,0.0,0.0,0.0 
 07/28  19:00:00,0.0,0.0,0.0,0.0,0.0,0.0,0.0,0.0 
 07/28  20:00:00,0.0,0.0,0.0,0.0,0.0,0.0,0.0,0.0 
 07/28  21:00:00,0.0,0.0,0.0,0.0,0.0,0.0,0.0,0.0 
 07/28  22:00:00,0.0,0.0,0.0,0.0,0.0,0.0,0.0,0.0 
 07/28  23:00:00,0.0,0.0,0.0,0.0,0.0,0.0,0.0,0.0 
 07/28  24:00:00,0.0,0.0,0.0,0.0,0.0,0.0,0.0,0.0 
 07/29  01:00:00,0.0,0.0,0.0,0.0,0.0,0.0,0.0,0.0 
 07/29  02:00:00,0.0,0.0,0.0,0.0,0.0,0.0,0.0,0.0 
 07/29  03:00:00,0.0,0.0,0.0,0.0,0.0,0.0,0.0,0.0 
 07/29  04:00:00,0.0,0.0,0.0,0.0,0.0,0.0,0.0,0.0 
 07/29  05:00:00,0.0,0.0,0.0,0.0,0.0,0.0,0.0,0.0 
 07/29  06:00:00,0.0,0.0,0.0,0.0,0.0,0.0,0.0,0.0 
 07/29  07:00:00,0.0,0.0,0.0,0.0,0.0,0.0,0.0,0.0 
 07/29  08:00:00,0.0,0.0,0.0,0.0,0.0,0.0,0.0,0.0 
 07/29  09:00:00,0.0,0.0,0.0,0.0,0.0,0.0,0.0,0.0 
 07/29  10:00:00,0.0,0.0,0.0,0.0,0.0,0.0,0.0,0.0 
 07/29  11:00:00,0.0,0.0,0.0,0.0,0.0,0.0,0.0,0.0 
 07/29  12:00:00,0.0,0.0,0.0,0.0,0.0,0.0,0.0,0.0 
 07/29  13:00:00,0.0,0.0,0.0,0.0,0.0,0.0,0.0,0.0 
 07/29  14:00:00,0.0,0.0,0.0,0.0,0.0,0.0,0.0,0.0 
 07/29  15:00:00,0.0,0.0,0.0,0.0,0.0,0.0,0.0,0.0 
 07/29  16:00:00,0.0,0.0,0.0,0.0,0.0,0.0,0.0,0.0 
 07/29  17:00:00,0.0,0.0,0.0,0.0,0.0,0.0,0.0,0.0 
 07/29  18:00:00,0.0,0.0,0.0,0.0,0.0,0.0,0.0,0.0 
 07/29  19:00:00,0.0,0.0,0.0,0.0,0.0,0.0,0.0,0.0 
 07/29  20:00:00,0.0,0.0,0.0,0.0,0.0,0.0,0.0,0.0 
 07/29  21:00:00,0.0,0.0,0.0,0.0,0.0,0.0,0.0,0.0 
 07/29  22:00:00,0.0,0.0,0.0,0.0,0.0,0.0,0.0,0.0 
 07/29  23:00:00,0.0,0.0,0.0,0.0,0.0,0.0,0.0,0.0 
 07/29  24:00:00,0.0,0.0,0.0,0.0,0.0,0.0,0.0,0.0 
 07/30  01:00:00,0.0,0.0,0.0,0.0,0.0,0.0,0.0,0.0 
 07/30  02:00:00,0.0,0.0,0.0,0.0,0.0,0.0,0.0,0.0 
 07/30  03:00:00,0.0,0.0,0.0,0.0,0.0,0.0,0.0,0.0 
 07/30  04:00:00,0.0,0.0,0.0,0.0,0.0,0.0,0.0,0.0 
 07/30  05:00:00,0.0,0.0,0.0,0.0,0.0,0.0,0.0,0.0 
 07/30  06:00:00,0.0,0.0,0.0,0.0,0.0,0.0,0.0,0.0 
 07/30  07:00:00,0.0,0.0,0.0,0.0,0.0,0.0,0.0,0.0 
 07/30  08:00:00,0.0,0.0,0.0,0.0,0.0,0.0,0.0,0.0 
 07/30  09:00:00,0.0,0.0,0.0,0.0,0.0,0.0,0.0,0.0 
 07/30  10:00:00,0.0,0.0,0.0,0.0,0.0,0.0,0.0,0.0 
 07/30  11:00:00,0.0,0.0,0.0,0.0,0.0,0.0,0.0,0.0 
 07/30  12:00:00,0.0,0.0,0.0,0.0,0.0,0.0,0.0,0.0 
 07/30  13:00:00,0.0,0.0,0.0,0.0,0.0,0.0,0.0,0.0 
 07/30  14:00:00,0.0,0.0,0.0,0.0,0.0,0.0,0.0,0.0 
 07/30  15:00:00,0.0,0.0,0.0,0.0,0.0,0.0,0.0,0.0 
 07/30  16:00:00,0.0,0.0,0.0,0.0,0.0,0.0,0.0,0.0 
 07/30  17:00:00,0.0,0.0,0.0,0.0,0.0,0.0,0.0,0.0 
 07/30  18:00:00,0.0,0.0,0.0,0.0,0.0,0.0,0.0,0.0 
 07/30  19:00:00,0.0,0.0,0.0,0.0,0.0,0.0,0.0,0.0 
 07/30  20:00:00,0.0,0.0,0.0,0.0,0.0,0.0,0.0,0.0 
 07/30  21:00:00,0.0,0.0,0.0,0.0,0.0,0.0,0.0,0.0 
 07/30  22:00:00,0.0,0.0,0.0,0.0,0.0,0.0,0.0,0.0 
 07/30  23:00:00,0.0,0.0,0.0,0.0,0.0,0.0,0.0,0.0 
 07/30  24:00:00,0.0,0.0,0.0,0.0,0.0,0.0,0.0,0.0 
 07/31  01:00:00,0.0,0.0,0.0,0.0,0.0,0.0,0.0,0.0 
 07/31  02:00:00,0.0,0.0,0.0,0.0,0.0,0.0,0.0,0.0 
 07/31  03:00:00,0.0,0.0,0.0,0.0,0.0,0.0,0.0,0.0 
 07/31  04:00:00,0.0,0.0,0.0,0.0,0.0,0.0,0.0,0.0 
 07/31  05:00:00,0.0,0.0,0.0,0.0,0.0,0.0,0.0,0.0 
 07/31  06:00:00,67137.52513710642,0.0,0.0,0.0,0.0,0.0,0.0,0.0 
 07/31  07:00:00,543699.5537830138,0.0,0.0,0.0,0.0,0.0,0.0,0.0 
 07/31  08:00:00,50494.38975974335,0.0,0.0,0.0,0.0,0.0,0.0,0.0 
 07/31  09:00:00,0.0,0.0,0.0,0.0,0.0,0.0,0.0,0.0 
 07/31  10:00:00,0.0,0.0,0.0,0.0,0.0,0.0,0.0,0.0 
 07/31  11:00:00,0.0,0.0,0.0,0.0,0.0,0.0,0.0,0.0 
 07/31  12:00:00,0.0,0.0,0.0,0.0,0.0,0.0,0.0,0.0 
 07/31  13:00:00,0.0,0.0,0.0,0.0,0.0,0.0,0.0,0.0 
 07/31  14:00:00,0.0,0.0,0.0,0.0,0.0,0.0,0.0,0.0 
 07/31  15:00:00,0.0,0.0,0.0,0.0,0.0,0.0,0.0,0.0 
 07/31  16:00:00,0.0,0.0,0.0,0.0,0.0,0.0,0.0,0.0 
 07/31  17:00:00,0.0,0.0,0.0,0.0,0.0,0.0,0.0,0.0 
 07/31  18:00:00,0.0,0.0,0.0,0.0,0.0,0.0,0.0,0.0 
 07/31  19:00:00,0.0,0.0,0.0,0.0,0.0,0.0,0.0,0.0 
 07/31  20:00:00,0.0,0.0,0.0,0.0,0.0,0.0,0.0,0.0 
 07/31  21:00:00,0.0,0.0,0.0,0.0,0.0,0.0,0.0,0.0 
 07/31  22:00:00,0.0,0.0,0.0,0.0,0.0,0.0,0.0,0.0 
 07/31  23:00:00,0.0,0.0,0.0,0.0,0.0,0.0,0.0,0.0 
 07/31  24:00:00,0.0,0.0,0.0,0.0,0.0,0.0,0.0,0.0 
 08/01  01:00:00,0.0,0.0,0.0,0.0,0.0,0.0,0.0,0.0 
 08/01  02:00:00,0.0,0.0,0.0,0.0,0.0,0.0,0.0,0.0 
 08/01  03:00:00,0.0,0.0,0.0,0.0,0.0,0.0,0.0,0.0 
 08/01  04:00:00,0.0,0.0,0.0,0.0,0.0,0.0,0.0,0.0 
 08/01  05:00:00,0.0,0.0,0.0,0.0,0.0,0.0,0.0,0.0 
 08/01  06:00:00,0.0,0.0,0.0,0.0,0.0,0.0,0.0,0.0 
 08/01  07:00:00,0.0,0.0,0.0,0.0,0.0,0.0,0.0,0.0 
 08/01  08:00:00,0.0,0.0,0.0,0.0,0.0,0.0,0.0,0.0 
 08/01  09:00:00,0.0,0.0,0.0,0.0,0.0,0.0,0.0,0.0 
 08/01  10:00:00,0.0,0.0,0.0,0.0,0.0,0.0,0.0,0.0 
 08/01  11:00:00,0.0,0.0,0.0,0.0,0.0,0.0,0.0,0.0 
 08/01  12:00:00,0.0,0.0,0.0,0.0,0.0,0.0,0.0,0.0 
 08/01  13:00:00,0.0,0.0,0.0,0.0,0.0,0.0,0.0,0.0 
 08/01  14:00:00,0.0,0.0,0.0,0.0,0.0,0.0,0.0,0.0 
 08/01  15:00:00,0.0,0.0,0.0,0.0,0.0,0.0,0.0,0.0 
 08/01  16:00:00,0.0,0.0,0.0,0.0,0.0,0.0,0.0,0.0 
 08/01  17:00:00,0.0,0.0,0.0,0.0,0.0,0.0,0.0,0.0 
 08/01  18:00:00,0.0,0.0,0.0,0.0,0.0,0.0,0.0,0.0 
 08/01  19:00:00,0.0,0.0,0.0,0.0,0.0,0.0,0.0,0.0 
 08/01  20:00:00,0.0,0.0,0.0,0.0,0.0,0.0,0.0,0.0 
 08/01  21:00:00,0.0,0.0,0.0,0.0,0.0,0.0,0.0,0.0 
 08/01  22:00:00,0.0,0.0,0.0,0.0,0.0,0.0,0.0,0.0 
 08/01  23:00:00,0.0,0.0,0.0,0.0,0.0,0.0,0.0,0.0 
 08/01  24:00:00,0.0,0.0,0.0,0.0,0.0,0.0,0.0,0.0 
 08/02  01:00:00,0.0,0.0,0.0,0.0,0.0,0.0,0.0,0.0 
 08/02  02:00:00,0.0,0.0,0.0,0.0,0.0,0.0,0.0,0.0 
 08/02  03:00:00,0.0,0.0,0.0,0.0,0.0,0.0,0.0,0.0 
 08/02  04:00:00,0.0,0.0,0.0,0.0,0.0,0.0,0.0,0.0 
 08/02  05:00:00,0.0,0.0,0.0,0.0,0.0,0.0,0.0,0.0 
 08/02  06:00:00,0.0,0.0,0.0,0.0,0.0,0.0,0.0,0.0 
 08/02  07:00:00,0.0,0.0,0.0,0.0,0.0,0.0,0.0,0.0 
 08/02  08:00:00,0.0,0.0,0.0,0.0,0.0,0.0,0.0,0.0 
 08/02  09:00:00,0.0,0.0,0.0,0.0,0.0,0.0,0.0,0.0 
 08/02  10:00:00,0.0,0.0,0.0,0.0,0.0,0.0,0.0,0.0 
 08/02  11:00:00,0.0,0.0,0.0,0.0,0.0,0.0,0.0,0.0 
 08/02  12:00:00,0.0,0.0,0.0,0.0,0.0,0.0,0.0,0.0 
 08/02  13:00:00,0.0,0.0,0.0,0.0,0.0,0.0,0.0,0.0 
 08/02  14:00:00,0.0,0.0,0.0,0.0,0.0,0.0,0.0,0.0 
 08/02  15:00:00,0.0,0.0,0.0,0.0,0.0,0.0,0.0,0.0 
 08/02  16:00:00,0.0,0.0,0.0,0.0,0.0,0.0,0.0,0.0 
 08/02  17:00:00,0.0,0.0,0.0,0.0,0.0,0.0,0.0,0.0 
 08/02  18:00:00,0.0,0.0,0.0,0.0,0.0,0.0,0.0,0.0 
 08/02  19:00:00,0.0,0.0,0.0,0.0,0.0,0.0,0.0,0.0 
 08/02  20:00:00,0.0,0.0,0.0,0.0,0.0,0.0,0.0,0.0 
 08/02  21:00:00,0.0,0.0,0.0,0.0,0.0,0.0,0.0,0.0 
 08/02  22:00:00,0.0,0.0,0.0,0.0,0.0,0.0,0.0,0.0 
 08/02  23:00:00,0.0,0.0,0.0,0.0,0.0,0.0,0.0,0.0 
 08/02  24:00:00,0.0,0.0,0.0,0.0,0.0,0.0,0.0,0.0 
 08/03  01:00:00,0.0,0.0,0.0,0.0,0.0,0.0,0.0,0.0 
 08/03  02:00:00,0.0,0.0,0.0,0.0,0.0,0.0,0.0,0.0 
 08/03  03:00:00,0.0,0.0,0.0,0.0,0.0,0.0,0.0,0.0 
 08/03  04:00:00,0.0,0.0,0.0,0.0,0.0,0.0,0.0,0.0 
 08/03  05:00:00,0.0,0.0,0.0,0.0,0.0,0.0,0.0,0.0 
 08/03  06:00:00,0.0,0.0,0.0,0.0,0.0,0.0,0.0,0.0 
 08/03  07:00:00,0.0,0.0,0.0,0.0,0.0,0.0,0.0,0.0 
 08/03  08:00:00,0.0,0.0,0.0,0.0,0.0,0.0,0.0,0.0 
 08/03  09:00:00,0.0,0.0,0.0,0.0,0.0,0.0,0.0,0.0 
 08/03  10:00:00,0.0,0.0,0.0,0.0,0.0,0.0,0.0,0.0 
 08/03  11:00:00,0.0,0.0,0.0,0.0,0.0,0.0,0.0,0.0 
 08/03  12:00:00,0.0,0.0,0.0,0.0,0.0,0.0,0.0,0.0 
 08/03  13:00:00,0.0,0.0,0.0,0.0,0.0,0.0,0.0,0.0 
 08/03  14:00:00,0.0,0.0,0.0,0.0,0.0,0.0,0.0,0.0 
 08/03  15:00:00,0.0,0.0,0.0,0.0,0.0,0.0,0.0,0.0 
 08/03  16:00:00,0.0,0.0,0.0,0.0,0.0,0.0,0.0,0.0 
 08/03  17:00:00,0.0,0.0,0.0,0.0,0.0,0.0,0.0,0.0 
 08/03  18:00:00,0.0,0.0,0.0,0.0,0.0,0.0,0.0,0.0 
 08/03  19:00:00,0.0,0.0,0.0,0.0,0.0,0.0,0.0,0.0 
 08/03  20:00:00,0.0,0.0,0.0,0.0,0.0,0.0,0.0,0.0 
 08/03  21:00:00,0.0,0.0,0.0,0.0,0.0,0.0,0.0,0.0 
 08/03  22:00:00,0.0,0.0,0.0,0.0,0.0,0.0,0.0,0.0 
 08/03  23:00:00,0.0,0.0,0.0,0.0,0.0,0.0,0.0,0.0 
 08/03  24:00:00,0.0,0.0,0.0,0.0,0.0,0.0,0.0,0.0 
 08/04  01:00:00,0.0,0.0,0.0,0.0,0.0,0.0,0.0,0.0 
 08/04  02:00:00,0.0,0.0,0.0,0.0,0.0,0.0,0.0,0.0 
 08/04  03:00:00,0.0,0.0,0.0,0.0,0.0,0.0,0.0,0.0 
 08/04  04:00:00,0.0,0.0,0.0,0.0,0.0,0.0,0.0,0.0 
 08/04  05:00:00,0.0,0.0,0.0,0.0,0.0,0.0,0.0,0.0 
 08/04  06:00:00,0.0,0.0,0.0,0.0,0.0,0.0,0.0,0.0 
 08/04  07:00:00,0.0,0.0,0.0,0.0,0.0,0.0,0.0,0.0 
 08/04  08:00:00,0.0,0.0,0.0,0.0,0.0,0.0,0.0,0.0 
 08/04  09:00:00,0.0,0.0,0.0,0.0,0.0,0.0,0.0,0.0 
 08/04  10:00:00,0.0,0.0,0.0,0.0,0.0,0.0,0.0,0.0 
 08/04  11:00:00,0.0,0.0,0.0,0.0,0.0,0.0,0.0,0.0 
 08/04  12:00:00,8142.228902489296,0.0,0.0,0.0,0.0,0.0,0.0,28591.202463420632 
 08/04  13:00:00,0.0,0.0,0.0,0.0,0.0,0.0,0.0,0.0 
 08/04  14:00:00,0.0,0.0,0.0,0.0,0.0,0.0,0.0,0.0 
 08/04  15:00:00,0.0,0.0,0.0,0.0,0.0,0.0,0.0,0.0 
 08/04  16:00:00,0.0,0.0,0.0,0.0,0.0,0.0,0.0,0.0 
 08/04  17:00:00,0.0,0.0,0.0,0.0,0.0,0.0,0.0,0.0 
 08/04  18:00:00,0.0,0.0,0.0,0.0,0.0,0.0,0.0,0.0 
 08/04  19:00:00,0.0,0.0,0.0,0.0,0.0,0.0,0.0,0.0 
 08/04  20:00:00,0.0,0.0,0.0,0.0,0.0,0.0,0.0,0.0 
 08/04  21:00:00,0.0,0.0,0.0,0.0,0.0,0.0,0.0,0.0 
 08/04  22:00:00,0.0,0.0,0.0,0.0,0.0,0.0,0.0,0.0 
 08/04  23:00:00,0.0,0.0,0.0,0.0,0.0,0.0,0.0,0.0 
 08/04  24:00:00,0.0,0.0,0.0,0.0,0.0,0.0,0.0,0.0 
 08/05  01:00:00,0.0,0.0,0.0,0.0,0.0,0.0,0.0,0.0 
 08/05  02:00:00,146930.3208010111,0.0,0.0,0.0,0.0,0.0,0.0,120326.94010844569 
 08/05  03:00:00,800482.5866426444,0.0,0.0,0.0,0.0,0.0,0.0,1443296.5203939066 
 08/05  04:00:00,1323437.3299288475,0.0,0.0,0.0,0.0,0.0,0.0,2567165.0836973833 
 08/05  05:00:00,1641349.005037724,0.0,0.0,0.0,0.0,0.0,0.0,3119083.4749310436 
 08/05  06:00:00,2044357.9172776418,410701.1197753251,0.0,0.0,0.0,0.0,220282.55811004346,3716375.083679348 
 08/05  07:00:00,2281614.3394541973,839099.6057482088,244688.8559236293,34980.29838112125,31674.090231275477,162877.1691332222,770612.8117189088,3877588.470367423 
 08/05  08:00:00,1589589.8029297122,383309.6360014213,61394.48128138903,2431.010134908138,1331.1499175790232,44958.63769780408,378206.277964382,2347780.2487449604 
 08/05  09:00:00,325869.1021284162,0.0,0.0,0.0,0.0,0.0,0.0,246687.23411262184 
 08/05  10:00:00,0.0,0.0,0.0,0.0,0.0,0.0,0.0,0.0 
 08/05  11:00:00,0.0,0.0,0.0,0.0,0.0,0.0,0.0,0.0 
 08/05  12:00:00,0.0,0.0,0.0,0.0,0.0,0.0,0.0,0.0 
 08/05  13:00:00,0.0,0.0,0.0,0.0,0.0,0.0,0.0,0.0 
 08/05  14:00:00,0.0,0.0,0.0,0.0,0.0,0.0,0.0,0.0 
 08/05  15:00:00,0.0,0.0,0.0,0.0,0.0,0.0,0.0,0.0 
 08/05  16:00:00,0.0,0.0,0.0,0.0,0.0,0.0,0.0,0.0 
 08/05  17:00:00,0.0,0.0,0.0,0.0,0.0,0.0,0.0,0.0 
 08/05  18:00:00,0.0,0.0,0.0,0.0,0.0,0.0,0.0,0.0 
 08/05  19:00:00,0.0,0.0,0.0,0.0,0.0,0.0,0.0,0.0 
 08/05  20:00:00,0.0,0.0,0.0,0.0,0.0,0.0,0.0,0.0 
 08/05  21:00:00,0.0,0.0,0.0,0.0,0.0,0.0,0.0,0.0 
 08/05  22:00:00,0.0,0.0,0.0,0.0,0.0,0.0,0.0,0.0 
 08/05  23:00:00,0.0,0.0,0.0,0.0,0.0,0.0,0.0,0.0 
 08/05  24:00:00,0.0,0.0,0.0,0.0,0.0,0.0,0.0,0.0 
 08/06  01:00:00,0.0,0.0,0.0,0.0,0.0,0.0,0.0,0.0 
 08/06  02:00:00,0.0,0.0,0.0,0.0,0.0,0.0,0.0,0.0 
 08/06  03:00:00,0.0,0.0,0.0,0.0,0.0,0.0,0.0,0.0 
 08/06  04:00:00,0.0,0.0,0.0,0.0,0.0,0.0,0.0,0.0 
 08/06  05:00:00,65127.31113178744,0.0,0.0,0.0,0.0,0.0,0.0,120172.56971860916 
 08/06  06:00:00,442997.841558182,0.0,0.0,0.0,0.0,0.0,0.0,844489.7888806285 
 08/06  07:00:00,825518.4445206369,0.0,0.0,0.0,0.0,0.0,0.0,1497616.7944714879 
 08/06  08:00:00,698403.5977594176,0.0,0.0,0.0,0.0,0.0,0.0,1050560.9915947309 
 08/06  09:00:00,141115.14115992762,0.0,0.0,0.0,0.0,0.0,0.0,45939.11537549721 
 08/06  10:00:00,0.0,0.0,0.0,0.0,0.0,0.0,0.0,0.0 
 08/06  11:00:00,0.0,0.0,0.0,0.0,0.0,0.0,0.0,0.0 
 08/06  12:00:00,0.0,0.0,0.0,0.0,0.0,0.0,0.0,0.0 
 08/06  13:00:00,0.0,0.0,0.0,0.0,0.0,0.0,0.0,0.0 
 08/06  14:00:00,0.0,0.0,0.0,0.0,0.0,0.0,0.0,0.0 
 08/06  15:00:00,0.0,0.0,0.0,0.0,0.0,0.0,0.0,0.0 
 08/06  16:00:00,0.0,0.0,0.0,0.0,0.0,0.0,0.0,0.0 
 08/06  17:00:00,0.0,0.0,0.0,0.0,0.0,0.0,0.0,0.0 
 08/06  18:00:00,0.0,0.0,0.0,0.0,0.0,0.0,0.0,0.0 
 08/06  19:00:00,0.0,0.0,0.0,0.0,0.0,0.0,0.0,0.0 
 08/06  20:00:00,0.0,0.0,0.0,0.0,0.0,0.0,0.0,0.0 
 08/06  21:00:00,0.0,0.0,0.0,0.0,0.0,0.0,0.0,0.0 
 08/06  22:00:00,0.0,0.0,0.0,0.0,0.0,0.0,0.0,0.0 
 08/06  23:00:00,0.0,0.0,0.0,0.0,0.0,0.0,0.0,0.0 
 08/06  24:00:00,419795.0064191318,0.0,0.0,0.0,0.0,0.0,0.0,557383.5658011464 
 08/07  01:00:00,1354662.6030389862,0.0,0.0,0.0,0.0,0.0,0.0,2469507.964819261 
 08/07  02:00:00,2203756.727219904,469613.2798421255,64834.73234091361,0.0,3271.875804981392,53069.121284619905,239598.74833630747,4259341.88222268 
 08/07  03:00:00,2892250.9033508776,1359642.7699524183,888517.5813799084,794661.4198911848,819240.9549241231,884656.0765467047,1272552.2704061545,5692747.893678529 
 08/07  04:00:00,3621654.6155188847,2288705.0687538083,1849883.0638918965,1751907.6160432452,1772812.7576498897,1859835.2226815056,2326445.572568033,7159545.458869688 
 08/07  05:00:00,4030907.7389551825,2831464.0866794223,2450775.6485691327,2363323.6318746945,2381155.6122013037,2467835.5109049645,2962594.739040463,7949546.779176799 
 08/07  06:00:00,4210693.299645711,3084680.6308896895,2764490.403660497,2688690.814249979,2703641.9282093663,2786775.4981156336,3280669.4597787224,8266555.836036951 
 08/07  07:00:00,4400130.483535233,3320008.482110188,3064292.810938573,3007361.9334041406,3024268.067203286,3104814.9281754713,3572888.983238343,8379314.785523814 
 08/07  08:00:00,2793449.6263486478,1828695.809046089,1632297.6898444938,1614089.8148463706,1645150.2004371174,1720500.9734507566,2055805.0693318995,4534163.493596849 
 08/07  09:00:00,429681.5561396347,76319.76765672008,43327.63919473947,44245.91941785766,52283.25172648765,70066.47641091258,125259.11468702689,318624.0399764094 
 08/07  10:00:00,0.0,0.0,0.0,0.0,0.0,0.0,0.0,0.0 
 08/07  11:00:00,0.0,0.0,0.0,0.0,0.0,0.0,0.0,0.0 
 08/07  12:00:00,0.0,0.0,0.0,0.0,0.0,0.0,0.0,0.0 
 08/07  13:00:00,0.0,0.0,0.0,0.0,0.0,0.0,0.0,0.0 
 08/07  14:00:00,0.0,0.0,0.0,0.0,0.0,0.0,0.0,0.0 
 08/07  15:00:00,0.0,0.0,0.0,0.0,0.0,0.0,0.0,0.0 
 08/07  16:00:00,0.0,0.0,0.0,0.0,0.0,0.0,0.0,0.0 
 08/07  17:00:00,0.0,0.0,0.0,0.0,0.0,0.0,0.0,0.0 
 08/07  18:00:00,0.0,0.0,0.0,0.0,0.0,0.0,0.0,0.0 
 08/07  19:00:00,0.0,0.0,0.0,0.0,0.0,0.0,0.0,0.0 
 08/07  20:00:00,0.0,0.0,0.0,0.0,0.0,0.0,0.0,0.0 
 08/07  21:00:00,0.0,0.0,0.0,0.0,0.0,0.0,0.0,0.0 
 08/07  22:00:00,0.0,0.0,0.0,0.0,0.0,0.0,0.0,0.0 
 08/07  23:00:00,0.0,0.0,0.0,0.0,0.0,0.0,0.0,0.0 
 08/07  24:00:00,0.0,0.0,0.0,0.0,0.0,0.0,0.0,0.0 
 08/08  01:00:00,0.0,0.0,0.0,0.0,0.0,0.0,0.0,0.0 
 08/08  02:00:00,1037502.7815463969,0.0,0.0,0.0,0.0,0.0,0.0,776378.5893407315 
 08/08  03:00:00,2484990.3909942396,294679.67835281603,0.0,0.0,0.0,0.0,0.0,3806427.47541626 
 08/08  04:00:00,3430885.8460772755,1478922.958756116,846647.3309125504,685776.9437131472,677120.0612423185,633360.8545454175,762154.7663291014,5961691.654558867 
 08/08  05:00:00,4108742.3649485153,2384399.6775195254,1887483.8703414428,1784913.7838680954,1780774.5192248272,1759545.518541636,1994512.7713233586,7532642.861461451 
 08/08  06:00:00,4718436.7059421195,3270521.4303205432,2813599.8606533804,2719767.7919066437,2715558.531887549,2715808.9292383986,3078326.372960785,9021157.979427533 
 08/08  07:00:00,4980756.710095773,3737962.3384646303,3355753.277476231,3278679.2430722127,3279358.6316414415,3297373.4560742863,3717629.2689721817,9503509.540960472 
 08/08  08:00:00,2928394.144024022,1878051.493992034,1618583.2627273952,1580009.7386150463,1601205.3457410396,1630698.3395705174,1884925.674900295,4506978.813889708 
 08/08  09:00:00,200845.30661371248,2958.829403576965,0.0,0.0,0.0,0.0,0.0,49714.32574443607 
 08/08  10:00:00,0.0,0.0,0.0,0.0,0.0,0.0,0.0,0.0 
 08/08  11:00:00,0.0,0.0,0.0,0.0,0.0,0.0,0.0,0.0 
 08/08  12:00:00,0.0,0.0,0.0,0.0,0.0,0.0,0.0,0.0 
 08/08  13:00:00,0.0,0.0,0.0,0.0,0.0,0.0,0.0,0.0 
 08/08  14:00:00,0.0,0.0,0.0,0.0,0.0,0.0,0.0,0.0 
 08/08  15:00:00,0.0,0.0,0.0,0.0,0.0,0.0,0.0,0.0 
 08/08  16:00:00,0.0,0.0,0.0,0.0,0.0,0.0,0.0,0.0 
 08/08  17:00:00,0.0,0.0,0.0,0.0,0.0,0.0,0.0,0.0 
 08/08  18:00:00,0.0,0.0,0.0,0.0,0.0,0.0,0.0,0.0 
 08/08  19:00:00,0.0,0.0,0.0,0.0,0.0,0.0,0.0,0.0 
 08/08  20:00:00,0.0,0.0,0.0,0.0,0.0,0.0,0.0,0.0 
 08/08  21:00:00,0.0,0.0,0.0,0.0,0.0,0.0,0.0,0.0 
 08/08  22:00:00,0.0,0.0,0.0,0.0,0.0,0.0,0.0,0.0 
 08/08  23:00:00,0.0,0.0,0.0,0.0,0.0,0.0,0.0,0.0 
 08/08  24:00:00,0.0,0.0,0.0,0.0,0.0,0.0,0.0,0.0 
 08/09  01:00:00,0.0,0.0,0.0,0.0,0.0,0.0,0.0,0.0 
 08/09  02:00:00,0.0,0.0,0.0,0.0,0.0,0.0,0.0,0.0 
 08/09  03:00:00,0.0,0.0,0.0,0.0,0.0,0.0,0.0,0.0 
 08/09  04:00:00,0.0,0.0,0.0,0.0,0.0,0.0,0.0,0.0 
 08/09  05:00:00,0.0,0.0,0.0,0.0,0.0,0.0,0.0,0.0 
 08/09  06:00:00,477263.19060951506,0.0,0.0,0.0,0.0,0.0,0.0,0.0 
 08/09  07:00:00,1332901.352518874,0.0,0.0,0.0,0.0,0.0,0.0,744982.4498863192 
 08/09  08:00:00,282133.30026062904,0.0,0.0,0.0,0.0,0.0,0.0,0.0 
 08/09  09:00:00,0.0,0.0,0.0,0.0,0.0,0.0,0.0,0.0 
 08/09  10:00:00,0.0,0.0,0.0,0.0,0.0,0.0,0.0,0.0 
 08/09  11:00:00,0.0,0.0,0.0,0.0,0.0,0.0,0.0,0.0 
 08/09  12:00:00,0.0,0.0,0.0,0.0,0.0,0.0,0.0,0.0 
 08/09  13:00:00,0.0,0.0,0.0,0.0,0.0,0.0,0.0,0.0 
 08/09  14:00:00,0.0,0.0,0.0,0.0,0.0,0.0,0.0,0.0 
 08/09  15:00:00,0.0,0.0,0.0,0.0,0.0,0.0,0.0,0.0 
 08/09  16:00:00,0.0,0.0,0.0,0.0,0.0,0.0,0.0,0.0 
 08/09  17:00:00,0.0,0.0,0.0,0.0,0.0,0.0,0.0,0.0 
 08/09  18:00:00,0.0,0.0,0.0,0.0,0.0,0.0,0.0,0.0 
 08/09  19:00:00,0.0,0.0,0.0,0.0,0.0,0.0,0.0,0.0 
 08/09  20:00:00,0.0,0.0,0.0,0.0,0.0,0.0,0.0,0.0 
 08/09  21:00:00,0.0,0.0,0.0,0.0,0.0,0.0,0.0,0.0 
 08/09  22:00:00,0.0,0.0,0.0,0.0,0.0,0.0,0.0,0.0 
 08/09  23:00:00,0.0,0.0,0.0,0.0,0.0,0.0,0.0,0.0 
 08/09  24:00:00,0.0,0.0,0.0,0.0,0.0,0.0,0.0,0.0 
 08/10  01:00:00,0.0,0.0,0.0,0.0,0.0,0.0,0.0,0.0 
 08/10  02:00:00,0.0,0.0,0.0,0.0,0.0,0.0,0.0,0.0 
 08/10  03:00:00,0.0,0.0,0.0,0.0,0.0,0.0,0.0,0.0 
 08/10  04:00:00,0.0,0.0,0.0,0.0,0.0,0.0,0.0,0.0 
 08/10  05:00:00,0.0,0.0,0.0,0.0,0.0,0.0,0.0,0.0 
 08/10  06:00:00,0.0,0.0,0.0,0.0,0.0,0.0,0.0,0.0 
 08/10  07:00:00,0.0,0.0,0.0,0.0,0.0,0.0,0.0,0.0 
 08/10  08:00:00,0.0,0.0,0.0,0.0,0.0,0.0,0.0,0.0 
 08/10  09:00:00,0.0,0.0,0.0,0.0,0.0,0.0,0.0,0.0 
 08/10  10:00:00,0.0,0.0,0.0,0.0,0.0,0.0,0.0,0.0 
 08/10  11:00:00,0.0,0.0,0.0,0.0,0.0,0.0,0.0,0.0 
 08/10  12:00:00,0.0,0.0,0.0,0.0,0.0,0.0,0.0,0.0 
 08/10  13:00:00,0.0,0.0,0.0,0.0,0.0,0.0,0.0,0.0 
 08/10  14:00:00,0.0,0.0,0.0,0.0,0.0,0.0,0.0,0.0 
 08/10  15:00:00,0.0,0.0,0.0,0.0,0.0,0.0,0.0,0.0 
 08/10  16:00:00,0.0,0.0,0.0,0.0,0.0,0.0,0.0,0.0 
 08/10  17:00:00,0.0,0.0,0.0,0.0,0.0,0.0,0.0,0.0 
 08/10  18:00:00,0.0,0.0,0.0,0.0,0.0,0.0,0.0,0.0 
 08/10  19:00:00,0.0,0.0,0.0,0.0,0.0,0.0,0.0,0.0 
 08/10  20:00:00,0.0,0.0,0.0,0.0,0.0,0.0,0.0,0.0 
 08/10  21:00:00,0.0,0.0,0.0,0.0,0.0,0.0,0.0,0.0 
 08/10  22:00:00,0.0,0.0,0.0,0.0,0.0,0.0,0.0,0.0 
 08/10  23:00:00,0.0,0.0,0.0,0.0,0.0,0.0,0.0,0.0 
 08/10  24:00:00,0.0,0.0,0.0,0.0,0.0,0.0,0.0,0.0 
 08/11  01:00:00,0.0,0.0,0.0,0.0,0.0,0.0,0.0,0.0 
 08/11  02:00:00,0.0,0.0,0.0,0.0,0.0,0.0,0.0,0.0 
 08/11  03:00:00,0.0,0.0,0.0,0.0,0.0,0.0,0.0,0.0 
 08/11  04:00:00,0.0,0.0,0.0,0.0,0.0,0.0,0.0,0.0 
 08/11  05:00:00,0.0,0.0,0.0,0.0,0.0,0.0,0.0,0.0 
 08/11  06:00:00,0.0,0.0,0.0,0.0,0.0,0.0,0.0,0.0 
 08/11  07:00:00,0.0,0.0,0.0,0.0,0.0,0.0,0.0,0.0 
 08/11  08:00:00,0.0,0.0,0.0,0.0,0.0,0.0,0.0,0.0 
 08/11  09:00:00,0.0,0.0,0.0,0.0,0.0,0.0,0.0,0.0 
 08/11  10:00:00,0.0,0.0,0.0,0.0,0.0,0.0,0.0,0.0 
 08/11  11:00:00,0.0,0.0,0.0,0.0,0.0,0.0,0.0,0.0 
 08/11  12:00:00,0.0,0.0,0.0,0.0,0.0,0.0,0.0,0.0 
 08/11  13:00:00,0.0,0.0,0.0,0.0,0.0,0.0,0.0,0.0 
 08/11  14:00:00,0.0,0.0,0.0,0.0,0.0,0.0,0.0,0.0 
 08/11  15:00:00,0.0,0.0,0.0,0.0,0.0,0.0,0.0,0.0 
 08/11  16:00:00,0.0,0.0,0.0,0.0,0.0,0.0,0.0,0.0 
 08/11  17:00:00,0.0,0.0,0.0,0.0,0.0,0.0,0.0,0.0 
 08/11  18:00:00,0.0,0.0,0.0,0.0,0.0,0.0,0.0,0.0 
 08/11  19:00:00,0.0,0.0,0.0,0.0,0.0,0.0,0.0,0.0 
 08/11  20:00:00,0.0,0.0,0.0,0.0,0.0,0.0,0.0,0.0 
 08/11  21:00:00,0.0,0.0,0.0,0.0,0.0,0.0,0.0,0.0 
 08/11  22:00:00,0.0,0.0,0.0,0.0,0.0,0.0,0.0,0.0 
 08/11  23:00:00,0.0,0.0,0.0,0.0,0.0,0.0,0.0,0.0 
 08/11  24:00:00,0.0,0.0,0.0,0.0,0.0,0.0,0.0,0.0 
 08/12  01:00:00,0.0,0.0,0.0,0.0,0.0,0.0,0.0,0.0 
 08/12  02:00:00,0.0,0.0,0.0,0.0,0.0,0.0,0.0,0.0 
 08/12  03:00:00,0.0,0.0,0.0,0.0,0.0,0.0,0.0,0.0 
 08/12  04:00:00,0.0,0.0,0.0,0.0,0.0,0.0,0.0,0.0 
 08/12  05:00:00,0.0,0.0,0.0,0.0,0.0,0.0,0.0,0.0 
 08/12  06:00:00,0.0,0.0,0.0,0.0,0.0,0.0,0.0,0.0 
 08/12  07:00:00,0.0,0.0,0.0,0.0,0.0,0.0,0.0,0.0 
 08/12  08:00:00,0.0,0.0,0.0,0.0,0.0,0.0,0.0,0.0 
 08/12  09:00:00,0.0,0.0,0.0,0.0,0.0,0.0,0.0,0.0 
 08/12  10:00:00,0.0,0.0,0.0,0.0,0.0,0.0,0.0,0.0 
 08/12  11:00:00,0.0,0.0,0.0,0.0,0.0,0.0,0.0,0.0 
 08/12  12:00:00,0.0,0.0,0.0,0.0,0.0,0.0,0.0,0.0 
 08/12  13:00:00,0.0,0.0,0.0,0.0,0.0,0.0,0.0,0.0 
 08/12  14:00:00,0.0,0.0,0.0,0.0,0.0,0.0,0.0,0.0 
 08/12  15:00:00,0.0,0.0,0.0,0.0,0.0,0.0,0.0,0.0 
 08/12  16:00:00,0.0,0.0,0.0,0.0,0.0,0.0,0.0,0.0 
 08/12  17:00:00,0.0,0.0,0.0,0.0,0.0,0.0,0.0,0.0 
 08/12  18:00:00,0.0,0.0,0.0,0.0,0.0,0.0,0.0,0.0 
 08/12  19:00:00,0.0,0.0,0.0,0.0,0.0,0.0,0.0,0.0 
 08/12  20:00:00,0.0,0.0,0.0,0.0,0.0,0.0,0.0,0.0 
 08/12  21:00:00,0.0,0.0,0.0,0.0,0.0,0.0,0.0,0.0 
 08/12  22:00:00,0.0,0.0,0.0,0.0,0.0,0.0,0.0,0.0 
 08/12  23:00:00,0.0,0.0,0.0,0.0,0.0,0.0,0.0,0.0 
 08/12  24:00:00,0.0,0.0,0.0,0.0,0.0,0.0,0.0,0.0 
 08/13  01:00:00,0.0,0.0,0.0,0.0,0.0,0.0,0.0,0.0 
 08/13  02:00:00,0.0,0.0,0.0,0.0,0.0,0.0,0.0,0.0 
 08/13  03:00:00,0.0,0.0,0.0,0.0,0.0,0.0,0.0,0.0 
 08/13  04:00:00,0.0,0.0,0.0,0.0,0.0,0.0,0.0,0.0 
 08/13  05:00:00,0.0,0.0,0.0,0.0,0.0,0.0,0.0,0.0 
 08/13  06:00:00,0.0,0.0,0.0,0.0,0.0,0.0,0.0,0.0 
 08/13  07:00:00,0.0,0.0,0.0,0.0,0.0,0.0,0.0,0.0 
 08/13  08:00:00,0.0,0.0,0.0,0.0,0.0,0.0,0.0,0.0 
 08/13  09:00:00,0.0,0.0,0.0,0.0,0.0,0.0,0.0,0.0 
 08/13  10:00:00,0.0,0.0,0.0,0.0,0.0,0.0,0.0,0.0 
 08/13  11:00:00,0.0,0.0,0.0,0.0,0.0,0.0,0.0,0.0 
 08/13  12:00:00,0.0,0.0,0.0,0.0,0.0,0.0,0.0,0.0 
 08/13  13:00:00,0.0,0.0,0.0,0.0,0.0,0.0,0.0,0.0 
 08/13  14:00:00,0.0,0.0,0.0,0.0,0.0,0.0,0.0,0.0 
 08/13  15:00:00,0.0,0.0,0.0,0.0,0.0,0.0,0.0,0.0 
 08/13  16:00:00,0.0,0.0,0.0,0.0,0.0,0.0,0.0,0.0 
 08/13  17:00:00,0.0,0.0,0.0,0.0,0.0,0.0,0.0,0.0 
 08/13  18:00:00,0.0,0.0,0.0,0.0,0.0,0.0,0.0,0.0 
 08/13  19:00:00,0.0,0.0,0.0,0.0,0.0,0.0,0.0,0.0 
 08/13  20:00:00,0.0,0.0,0.0,0.0,0.0,0.0,0.0,0.0 
 08/13  21:00:00,0.0,0.0,0.0,0.0,0.0,0.0,0.0,0.0 
 08/13  22:00:00,0.0,0.0,0.0,0.0,0.0,0.0,0.0,0.0 
 08/13  23:00:00,0.0,0.0,0.0,0.0,0.0,0.0,0.0,0.0 
 08/13  24:00:00,0.0,0.0,0.0,0.0,0.0,0.0,0.0,0.0 
 08/14  01:00:00,0.0,0.0,0.0,0.0,0.0,0.0,0.0,0.0 
 08/14  02:00:00,0.0,0.0,0.0,0.0,0.0,0.0,0.0,0.0 
 08/14  03:00:00,0.0,0.0,0.0,0.0,0.0,0.0,0.0,0.0 
 08/14  04:00:00,0.0,0.0,0.0,0.0,0.0,0.0,0.0,0.0 
 08/14  05:00:00,0.0,0.0,0.0,0.0,0.0,0.0,0.0,0.0 
 08/14  06:00:00,0.0,0.0,0.0,0.0,0.0,0.0,0.0,0.0 
 08/14  07:00:00,0.0,0.0,0.0,0.0,0.0,0.0,0.0,0.0 
 08/14  08:00:00,0.0,0.0,0.0,0.0,0.0,0.0,0.0,0.0 
 08/14  09:00:00,0.0,0.0,0.0,0.0,0.0,0.0,0.0,0.0 
 08/14  10:00:00,0.0,0.0,0.0,0.0,0.0,0.0,0.0,0.0 
 08/14  11:00:00,0.0,0.0,0.0,0.0,0.0,0.0,0.0,0.0 
 08/14  12:00:00,0.0,0.0,0.0,0.0,0.0,0.0,0.0,0.0 
 08/14  13:00:00,0.0,0.0,0.0,0.0,0.0,0.0,0.0,0.0 
 08/14  14:00:00,0.0,0.0,0.0,0.0,0.0,0.0,0.0,0.0 
 08/14  15:00:00,0.0,0.0,0.0,0.0,0.0,0.0,0.0,0.0 
 08/14  16:00:00,0.0,0.0,0.0,0.0,0.0,0.0,0.0,0.0 
 08/14  17:00:00,0.0,0.0,0.0,0.0,0.0,0.0,0.0,0.0 
 08/14  18:00:00,0.0,0.0,0.0,0.0,0.0,0.0,0.0,0.0 
 08/14  19:00:00,0.0,0.0,0.0,0.0,0.0,0.0,0.0,0.0 
 08/14  20:00:00,0.0,0.0,0.0,0.0,0.0,0.0,0.0,0.0 
 08/14  21:00:00,0.0,0.0,0.0,0.0,0.0,0.0,0.0,0.0 
 08/14  22:00:00,0.0,0.0,0.0,0.0,0.0,0.0,0.0,0.0 
 08/14  23:00:00,0.0,0.0,0.0,0.0,0.0,0.0,0.0,0.0 
 08/14  24:00:00,0.0,0.0,0.0,0.0,0.0,0.0,0.0,0.0 
 08/15  01:00:00,0.0,0.0,0.0,0.0,0.0,0.0,0.0,0.0 
 08/15  02:00:00,0.0,0.0,0.0,0.0,0.0,0.0,0.0,0.0 
 08/15  03:00:00,0.0,0.0,0.0,0.0,0.0,0.0,0.0,0.0 
 08/15  04:00:00,0.0,0.0,0.0,0.0,0.0,0.0,0.0,0.0 
 08/15  05:00:00,0.0,0.0,0.0,0.0,0.0,0.0,0.0,0.0 
 08/15  06:00:00,0.0,0.0,0.0,0.0,0.0,0.0,0.0,0.0 
 08/15  07:00:00,0.0,0.0,0.0,0.0,0.0,0.0,0.0,0.0 
 08/15  08:00:00,0.0,0.0,0.0,0.0,0.0,0.0,0.0,0.0 
 08/15  09:00:00,0.0,0.0,0.0,0.0,0.0,0.0,0.0,0.0 
 08/15  10:00:00,0.0,0.0,0.0,0.0,0.0,0.0,0.0,0.0 
 08/15  11:00:00,0.0,0.0,0.0,0.0,0.0,0.0,0.0,0.0 
 08/15  12:00:00,0.0,0.0,0.0,0.0,0.0,0.0,0.0,0.0 
 08/15  13:00:00,0.0,0.0,0.0,0.0,0.0,0.0,0.0,0.0 
 08/15  14:00:00,0.0,0.0,0.0,0.0,0.0,0.0,0.0,0.0 
 08/15  15:00:00,0.0,0.0,0.0,0.0,0.0,0.0,0.0,0.0 
 08/15  16:00:00,0.0,0.0,0.0,0.0,0.0,0.0,0.0,0.0 
 08/15  17:00:00,0.0,0.0,0.0,0.0,0.0,0.0,0.0,0.0 
 08/15  18:00:00,0.0,0.0,0.0,0.0,0.0,0.0,0.0,0.0 
 08/15  19:00:00,0.0,0.0,0.0,0.0,0.0,0.0,0.0,0.0 
 08/15  20:00:00,0.0,0.0,0.0,0.0,0.0,0.0,0.0,0.0 
 08/15  21:00:00,0.0,0.0,0.0,0.0,0.0,0.0,0.0,0.0 
 08/15  22:00:00,0.0,0.0,0.0,0.0,0.0,0.0,0.0,0.0 
 08/15  23:00:00,0.0,0.0,0.0,0.0,0.0,0.0,0.0,0.0 
 08/15  24:00:00,0.0,0.0,0.0,0.0,0.0,0.0,0.0,0.0 
 08/16  01:00:00,0.0,0.0,0.0,0.0,0.0,0.0,0.0,0.0 
 08/16  02:00:00,0.0,0.0,0.0,0.0,0.0,0.0,0.0,0.0 
 08/16  03:00:00,0.0,0.0,0.0,0.0,0.0,0.0,0.0,0.0 
 08/16  04:00:00,0.0,0.0,0.0,0.0,0.0,0.0,0.0,0.0 
 08/16  05:00:00,0.0,0.0,0.0,0.0,0.0,0.0,0.0,0.0 
 08/16  06:00:00,0.0,0.0,0.0,0.0,0.0,0.0,0.0,0.0 
 08/16  07:00:00,0.0,0.0,0.0,0.0,0.0,0.0,0.0,0.0 
 08/16  08:00:00,0.0,0.0,0.0,0.0,0.0,0.0,0.0,0.0 
 08/16  09:00:00,0.0,0.0,0.0,0.0,0.0,0.0,0.0,0.0 
 08/16  10:00:00,0.0,0.0,0.0,0.0,0.0,0.0,0.0,0.0 
 08/16  11:00:00,0.0,0.0,0.0,0.0,0.0,0.0,0.0,0.0 
 08/16  12:00:00,0.0,0.0,0.0,0.0,0.0,0.0,0.0,0.0 
 08/16  13:00:00,0.0,0.0,0.0,0.0,0.0,0.0,0.0,0.0 
 08/16  14:00:00,0.0,0.0,0.0,0.0,0.0,0.0,0.0,0.0 
 08/16  15:00:00,0.0,0.0,0.0,0.0,0.0,0.0,0.0,0.0 
 08/16  16:00:00,0.0,0.0,0.0,0.0,0.0,0.0,0.0,0.0 
 08/16  17:00:00,0.0,0.0,0.0,0.0,0.0,0.0,0.0,0.0 
 08/16  18:00:00,0.0,0.0,0.0,0.0,0.0,0.0,0.0,0.0 
 08/16  19:00:00,0.0,0.0,0.0,0.0,0.0,0.0,0.0,0.0 
 08/16  20:00:00,0.0,0.0,0.0,0.0,0.0,0.0,0.0,0.0 
 08/16  21:00:00,0.0,0.0,0.0,0.0,0.0,0.0,0.0,0.0 
 08/16  22:00:00,0.0,0.0,0.0,0.0,0.0,0.0,0.0,0.0 
 08/16  23:00:00,0.0,0.0,0.0,0.0,0.0,0.0,0.0,0.0 
 08/16  24:00:00,0.0,0.0,0.0,0.0,0.0,0.0,0.0,0.0 
 08/17  01:00:00,0.0,0.0,0.0,0.0,0.0,0.0,0.0,0.0 
 08/17  02:00:00,0.0,0.0,0.0,0.0,0.0,0.0,0.0,0.0 
 08/17  03:00:00,0.0,0.0,0.0,0.0,0.0,0.0,0.0,0.0 
 08/17  04:00:00,0.0,0.0,0.0,0.0,0.0,0.0,0.0,0.0 
 08/17  05:00:00,0.0,0.0,0.0,0.0,0.0,0.0,0.0,0.0 
 08/17  06:00:00,0.0,0.0,0.0,0.0,0.0,0.0,0.0,0.0 
 08/17  07:00:00,0.0,0.0,0.0,0.0,0.0,0.0,0.0,0.0 
 08/17  08:00:00,0.0,0.0,0.0,0.0,0.0,0.0,0.0,0.0 
 08/17  09:00:00,0.0,0.0,0.0,0.0,0.0,0.0,0.0,0.0 
 08/17  10:00:00,0.0,0.0,0.0,0.0,0.0,0.0,0.0,0.0 
 08/17  11:00:00,0.0,0.0,0.0,0.0,0.0,0.0,0.0,0.0 
 08/17  12:00:00,0.0,0.0,0.0,0.0,0.0,0.0,0.0,0.0 
 08/17  13:00:00,0.0,0.0,0.0,0.0,0.0,0.0,0.0,0.0 
 08/17  14:00:00,0.0,0.0,0.0,0.0,0.0,0.0,0.0,0.0 
 08/17  15:00:00,0.0,0.0,0.0,0.0,0.0,0.0,0.0,0.0 
 08/17  16:00:00,0.0,0.0,0.0,0.0,0.0,0.0,0.0,0.0 
 08/17  17:00:00,0.0,0.0,0.0,0.0,0.0,0.0,0.0,0.0 
 08/17  18:00:00,0.0,0.0,0.0,0.0,0.0,0.0,0.0,0.0 
 08/17  19:00:00,0.0,0.0,0.0,0.0,0.0,0.0,0.0,0.0 
 08/17  20:00:00,0.0,0.0,0.0,0.0,0.0,0.0,0.0,0.0 
 08/17  21:00:00,0.0,0.0,0.0,0.0,0.0,0.0,0.0,0.0 
 08/17  22:00:00,0.0,0.0,0.0,0.0,0.0,0.0,0.0,0.0 
 08/17  23:00:00,0.0,0.0,0.0,0.0,0.0,0.0,0.0,0.0 
 08/17  24:00:00,0.0,0.0,0.0,0.0,0.0,0.0,0.0,0.0 
 08/18  01:00:00,0.0,0.0,0.0,0.0,0.0,0.0,0.0,0.0 
 08/18  02:00:00,0.0,0.0,0.0,0.0,0.0,0.0,0.0,0.0 
 08/18  03:00:00,0.0,0.0,0.0,0.0,0.0,0.0,0.0,0.0 
 08/18  04:00:00,0.0,0.0,0.0,0.0,0.0,0.0,0.0,0.0 
 08/18  05:00:00,0.0,0.0,0.0,0.0,0.0,0.0,0.0,0.0 
 08/18  06:00:00,0.0,0.0,0.0,0.0,0.0,0.0,0.0,0.0 
 08/18  07:00:00,0.0,0.0,0.0,0.0,0.0,0.0,0.0,0.0 
 08/18  08:00:00,0.0,0.0,0.0,0.0,0.0,0.0,0.0,0.0 
 08/18  09:00:00,0.0,0.0,0.0,0.0,0.0,0.0,0.0,0.0 
 08/18  10:00:00,0.0,0.0,0.0,0.0,0.0,0.0,0.0,0.0 
 08/18  11:00:00,0.0,0.0,0.0,0.0,0.0,0.0,0.0,0.0 
 08/18  12:00:00,0.0,0.0,0.0,0.0,0.0,0.0,0.0,0.0 
 08/18  13:00:00,0.0,0.0,0.0,0.0,0.0,0.0,0.0,0.0 
 08/18  14:00:00,0.0,0.0,0.0,0.0,0.0,0.0,0.0,0.0 
 08/18  15:00:00,0.0,0.0,0.0,0.0,0.0,0.0,0.0,0.0 
 08/18  16:00:00,0.0,0.0,0.0,0.0,0.0,0.0,0.0,0.0 
 08/18  17:00:00,0.0,0.0,0.0,0.0,0.0,0.0,0.0,0.0 
 08/18  18:00:00,0.0,0.0,0.0,0.0,0.0,0.0,0.0,0.0 
 08/18  19:00:00,0.0,0.0,0.0,0.0,0.0,0.0,0.0,0.0 
 08/18  20:00:00,0.0,0.0,0.0,0.0,0.0,0.0,0.0,0.0 
 08/18  21:00:00,0.0,0.0,0.0,0.0,0.0,0.0,0.0,0.0 
 08/18  22:00:00,0.0,0.0,0.0,0.0,0.0,0.0,0.0,0.0 
 08/18  23:00:00,0.0,0.0,0.0,0.0,0.0,0.0,0.0,0.0 
 08/18  24:00:00,0.0,0.0,0.0,0.0,0.0,0.0,0.0,0.0 
 08/19  01:00:00,0.0,0.0,0.0,0.0,0.0,0.0,0.0,0.0 
 08/19  02:00:00,0.0,0.0,0.0,0.0,0.0,0.0,0.0,0.0 
 08/19  03:00:00,0.0,0.0,0.0,0.0,0.0,0.0,0.0,0.0 
 08/19  04:00:00,0.0,0.0,0.0,0.0,0.0,0.0,0.0,0.0 
 08/19  05:00:00,0.0,0.0,0.0,0.0,0.0,0.0,0.0,0.0 
 08/19  06:00:00,0.0,0.0,0.0,0.0,0.0,0.0,0.0,0.0 
 08/19  07:00:00,0.0,0.0,0.0,0.0,0.0,0.0,0.0,0.0 
 08/19  08:00:00,0.0,0.0,0.0,0.0,0.0,0.0,0.0,0.0 
 08/19  09:00:00,0.0,0.0,0.0,0.0,0.0,0.0,0.0,0.0 
 08/19  10:00:00,0.0,0.0,0.0,0.0,0.0,0.0,0.0,0.0 
 08/19  11:00:00,0.0,0.0,0.0,0.0,0.0,0.0,0.0,0.0 
 08/19  12:00:00,0.0,0.0,0.0,0.0,0.0,0.0,0.0,0.0 
 08/19  13:00:00,0.0,0.0,0.0,0.0,0.0,0.0,0.0,0.0 
 08/19  14:00:00,0.0,0.0,0.0,0.0,0.0,0.0,0.0,0.0 
 08/19  15:00:00,0.0,0.0,0.0,0.0,0.0,0.0,0.0,0.0 
 08/19  16:00:00,0.0,0.0,0.0,0.0,0.0,0.0,0.0,0.0 
 08/19  17:00:00,0.0,0.0,0.0,0.0,0.0,0.0,0.0,0.0 
 08/19  18:00:00,0.0,0.0,0.0,0.0,0.0,0.0,0.0,0.0 
 08/19  19:00:00,0.0,0.0,0.0,0.0,0.0,0.0,0.0,0.0 
 08/19  20:00:00,0.0,0.0,0.0,0.0,0.0,0.0,0.0,0.0 
 08/19  21:00:00,0.0,0.0,0.0,0.0,0.0,0.0,0.0,0.0 
 08/19  22:00:00,0.0,0.0,0.0,0.0,0.0,0.0,0.0,0.0 
 08/19  23:00:00,0.0,0.0,0.0,0.0,0.0,0.0,0.0,0.0 
 08/19  24:00:00,0.0,0.0,0.0,0.0,0.0,0.0,0.0,0.0 
 08/20  01:00:00,0.0,0.0,0.0,0.0,0.0,0.0,0.0,0.0 
 08/20  02:00:00,0.0,0.0,0.0,0.0,0.0,0.0,0.0,0.0 
 08/20  03:00:00,0.0,0.0,0.0,0.0,0.0,0.0,0.0,0.0 
 08/20  04:00:00,0.0,0.0,0.0,0.0,0.0,0.0,0.0,0.0 
 08/20  05:00:00,0.0,0.0,0.0,0.0,0.0,0.0,0.0,0.0 
 08/20  06:00:00,0.0,0.0,0.0,0.0,0.0,0.0,0.0,0.0 
 08/20  07:00:00,0.0,0.0,0.0,0.0,0.0,0.0,0.0,0.0 
 08/20  08:00:00,0.0,0.0,0.0,0.0,0.0,0.0,0.0,0.0 
 08/20  09:00:00,0.0,0.0,0.0,0.0,0.0,0.0,0.0,0.0 
 08/20  10:00:00,0.0,0.0,0.0,0.0,0.0,0.0,0.0,0.0 
 08/20  11:00:00,0.0,0.0,0.0,0.0,0.0,0.0,0.0,0.0 
 08/20  12:00:00,0.0,0.0,0.0,0.0,0.0,0.0,0.0,0.0 
 08/20  13:00:00,0.0,0.0,0.0,0.0,0.0,0.0,0.0,0.0 
 08/20  14:00:00,0.0,0.0,0.0,0.0,0.0,0.0,0.0,0.0 
 08/20  15:00:00,0.0,0.0,0.0,0.0,0.0,0.0,0.0,0.0 
 08/20  16:00:00,0.0,0.0,0.0,0.0,0.0,0.0,0.0,0.0 
 08/20  17:00:00,0.0,0.0,0.0,0.0,0.0,0.0,0.0,0.0 
 08/20  18:00:00,0.0,0.0,0.0,0.0,0.0,0.0,0.0,0.0 
 08/20  19:00:00,0.0,0.0,0.0,0.0,0.0,0.0,0.0,0.0 
 08/20  20:00:00,0.0,0.0,0.0,0.0,0.0,0.0,0.0,0.0 
 08/20  21:00:00,0.0,0.0,0.0,0.0,0.0,0.0,0.0,0.0 
 08/20  22:00:00,0.0,0.0,0.0,0.0,0.0,0.0,0.0,0.0 
 08/20  23:00:00,0.0,0.0,0.0,0.0,0.0,0.0,0.0,0.0 
 08/20  24:00:00,0.0,0.0,0.0,0.0,0.0,0.0,0.0,0.0 
 08/21  01:00:00,0.0,0.0,0.0,0.0,0.0,0.0,0.0,0.0 
 08/21  02:00:00,0.0,0.0,0.0,0.0,0.0,0.0,0.0,0.0 
 08/21  03:00:00,0.0,0.0,0.0,0.0,0.0,0.0,0.0,0.0 
 08/21  04:00:00,0.0,0.0,0.0,0.0,0.0,0.0,0.0,0.0 
 08/21  05:00:00,0.0,0.0,0.0,0.0,0.0,0.0,0.0,0.0 
 08/21  06:00:00,0.0,0.0,0.0,0.0,0.0,0.0,0.0,0.0 
 08/21  07:00:00,0.0,0.0,0.0,0.0,0.0,0.0,0.0,0.0 
 08/21  08:00:00,0.0,0.0,0.0,0.0,0.0,0.0,0.0,0.0 
 08/21  09:00:00,0.0,0.0,0.0,0.0,0.0,0.0,0.0,0.0 
 08/21  10:00:00,0.0,0.0,0.0,0.0,0.0,0.0,0.0,0.0 
 08/21  11:00:00,0.0,0.0,0.0,0.0,0.0,0.0,0.0,0.0 
 08/21  12:00:00,0.0,0.0,0.0,0.0,0.0,0.0,0.0,0.0 
 08/21  13:00:00,0.0,0.0,0.0,0.0,0.0,0.0,0.0,0.0 
 08/21  14:00:00,0.0,0.0,0.0,0.0,0.0,0.0,0.0,0.0 
 08/21  15:00:00,0.0,0.0,0.0,0.0,0.0,0.0,0.0,0.0 
 08/21  16:00:00,0.0,0.0,0.0,0.0,0.0,0.0,0.0,0.0 
 08/21  17:00:00,0.0,0.0,0.0,0.0,0.0,0.0,0.0,0.0 
 08/21  18:00:00,0.0,0.0,0.0,0.0,0.0,0.0,0.0,0.0 
 08/21  19:00:00,0.0,0.0,0.0,0.0,0.0,0.0,0.0,0.0 
 08/21  20:00:00,0.0,0.0,0.0,0.0,0.0,0.0,0.0,0.0 
 08/21  21:00:00,0.0,0.0,0.0,0.0,0.0,0.0,0.0,0.0 
 08/21  22:00:00,0.0,0.0,0.0,0.0,0.0,0.0,0.0,0.0 
 08/21  23:00:00,0.0,0.0,0.0,0.0,0.0,0.0,0.0,0.0 
 08/21  24:00:00,0.0,0.0,0.0,0.0,0.0,0.0,0.0,0.0 
 08/22  01:00:00,0.0,0.0,0.0,0.0,0.0,0.0,0.0,0.0 
 08/22  02:00:00,0.0,0.0,0.0,0.0,0.0,0.0,0.0,0.0 
 08/22  03:00:00,0.0,0.0,0.0,0.0,0.0,0.0,0.0,0.0 
 08/22  04:00:00,0.0,0.0,0.0,0.0,0.0,0.0,0.0,0.0 
 08/22  05:00:00,0.0,0.0,0.0,0.0,0.0,0.0,0.0,0.0 
 08/22  06:00:00,0.0,0.0,0.0,0.0,0.0,0.0,0.0,0.0 
 08/22  07:00:00,0.0,0.0,0.0,0.0,0.0,0.0,0.0,0.0 
 08/22  08:00:00,0.0,0.0,0.0,0.0,0.0,0.0,0.0,0.0 
 08/22  09:00:00,0.0,0.0,0.0,0.0,0.0,0.0,0.0,0.0 
 08/22  10:00:00,0.0,0.0,0.0,0.0,0.0,0.0,0.0,0.0 
 08/22  11:00:00,0.0,0.0,0.0,0.0,0.0,0.0,0.0,0.0 
 08/22  12:00:00,0.0,0.0,0.0,0.0,0.0,0.0,0.0,0.0 
 08/22  13:00:00,0.0,0.0,0.0,0.0,0.0,0.0,0.0,0.0 
 08/22  14:00:00,0.0,0.0,0.0,0.0,0.0,0.0,0.0,0.0 
 08/22  15:00:00,0.0,0.0,0.0,0.0,0.0,0.0,0.0,0.0 
 08/22  16:00:00,0.0,0.0,0.0,0.0,0.0,0.0,0.0,0.0 
 08/22  17:00:00,0.0,0.0,0.0,0.0,0.0,0.0,0.0,0.0 
 08/22  18:00:00,0.0,0.0,0.0,0.0,0.0,0.0,0.0,0.0 
 08/22  19:00:00,0.0,0.0,0.0,0.0,0.0,0.0,0.0,0.0 
 08/22  20:00:00,0.0,0.0,0.0,0.0,0.0,0.0,0.0,0.0 
 08/22  21:00:00,0.0,0.0,0.0,0.0,0.0,0.0,0.0,0.0 
 08/22  22:00:00,0.0,0.0,0.0,0.0,0.0,0.0,0.0,0.0 
 08/22  23:00:00,0.0,0.0,0.0,0.0,0.0,0.0,0.0,0.0 
 08/22  24:00:00,0.0,0.0,0.0,0.0,0.0,0.0,0.0,0.0 
 08/23  01:00:00,0.0,0.0,0.0,0.0,0.0,0.0,0.0,0.0 
 08/23  02:00:00,0.0,0.0,0.0,0.0,0.0,0.0,0.0,0.0 
 08/23  03:00:00,0.0,0.0,0.0,0.0,0.0,0.0,0.0,0.0 
 08/23  04:00:00,0.0,0.0,0.0,0.0,0.0,0.0,0.0,0.0 
 08/23  05:00:00,0.0,0.0,0.0,0.0,0.0,0.0,0.0,0.0 
 08/23  06:00:00,0.0,0.0,0.0,0.0,0.0,0.0,0.0,0.0 
 08/23  07:00:00,0.0,0.0,0.0,0.0,0.0,0.0,0.0,0.0 
 08/23  08:00:00,0.0,0.0,0.0,0.0,0.0,0.0,0.0,0.0 
 08/23  09:00:00,0.0,0.0,0.0,0.0,0.0,0.0,0.0,0.0 
 08/23  10:00:00,0.0,0.0,0.0,0.0,0.0,0.0,0.0,0.0 
 08/23  11:00:00,0.0,0.0,0.0,0.0,0.0,0.0,0.0,0.0 
 08/23  12:00:00,0.0,0.0,0.0,0.0,0.0,0.0,0.0,0.0 
 08/23  13:00:00,0.0,0.0,0.0,0.0,0.0,0.0,0.0,0.0 
 08/23  14:00:00,0.0,0.0,0.0,0.0,0.0,0.0,0.0,0.0 
 08/23  15:00:00,0.0,0.0,0.0,0.0,0.0,0.0,0.0,0.0 
 08/23  16:00:00,0.0,0.0,0.0,0.0,0.0,0.0,0.0,0.0 
 08/23  17:00:00,0.0,0.0,0.0,0.0,0.0,0.0,0.0,0.0 
 08/23  18:00:00,0.0,0.0,0.0,0.0,0.0,0.0,0.0,0.0 
 08/23  19:00:00,0.0,0.0,0.0,0.0,0.0,0.0,0.0,0.0 
 08/23  20:00:00,0.0,0.0,0.0,0.0,0.0,0.0,0.0,0.0 
 08/23  21:00:00,0.0,0.0,0.0,0.0,0.0,0.0,0.0,0.0 
 08/23  22:00:00,0.0,0.0,0.0,0.0,0.0,0.0,0.0,0.0 
 08/23  23:00:00,0.0,0.0,0.0,0.0,0.0,0.0,0.0,0.0 
 08/23  24:00:00,0.0,0.0,0.0,0.0,0.0,0.0,0.0,0.0 
 08/24  01:00:00,0.0,0.0,0.0,0.0,0.0,0.0,0.0,0.0 
 08/24  02:00:00,0.0,0.0,0.0,0.0,0.0,0.0,0.0,0.0 
 08/24  03:00:00,0.0,0.0,0.0,0.0,0.0,0.0,0.0,0.0 
 08/24  04:00:00,0.0,0.0,0.0,0.0,0.0,0.0,0.0,0.0 
 08/24  05:00:00,0.0,0.0,0.0,0.0,0.0,0.0,0.0,0.0 
 08/24  06:00:00,0.0,0.0,0.0,0.0,0.0,0.0,0.0,0.0 
 08/24  07:00:00,0.0,0.0,0.0,0.0,0.0,0.0,0.0,0.0 
 08/24  08:00:00,0.0,0.0,0.0,0.0,0.0,0.0,0.0,0.0 
 08/24  09:00:00,0.0,0.0,0.0,0.0,0.0,0.0,0.0,0.0 
 08/24  10:00:00,0.0,0.0,0.0,0.0,0.0,0.0,0.0,0.0 
 08/24  11:00:00,0.0,0.0,0.0,0.0,0.0,0.0,0.0,0.0 
 08/24  12:00:00,0.0,0.0,0.0,0.0,0.0,0.0,0.0,0.0 
 08/24  13:00:00,0.0,0.0,0.0,0.0,0.0,0.0,0.0,0.0 
 08/24  14:00:00,0.0,0.0,0.0,0.0,0.0,0.0,0.0,0.0 
 08/24  15:00:00,0.0,0.0,0.0,0.0,0.0,0.0,0.0,0.0 
 08/24  16:00:00,0.0,0.0,0.0,0.0,0.0,0.0,0.0,0.0 
 08/24  17:00:00,0.0,0.0,0.0,0.0,0.0,0.0,0.0,0.0 
 08/24  18:00:00,0.0,0.0,0.0,0.0,0.0,0.0,0.0,0.0 
 08/24  19:00:00,0.0,0.0,0.0,0.0,0.0,0.0,0.0,0.0 
 08/24  20:00:00,0.0,0.0,0.0,0.0,0.0,0.0,0.0,0.0 
 08/24  21:00:00,0.0,0.0,0.0,0.0,0.0,0.0,0.0,0.0 
 08/24  22:00:00,0.0,0.0,0.0,0.0,0.0,0.0,0.0,0.0 
 08/24  23:00:00,0.0,0.0,0.0,0.0,0.0,0.0,0.0,0.0 
 08/24  24:00:00,0.0,0.0,0.0,0.0,0.0,0.0,0.0,0.0 
 08/25  01:00:00,0.0,0.0,0.0,0.0,0.0,0.0,0.0,0.0 
 08/25  02:00:00,0.0,0.0,0.0,0.0,0.0,0.0,0.0,0.0 
 08/25  03:00:00,0.0,0.0,0.0,0.0,0.0,0.0,0.0,0.0 
 08/25  04:00:00,0.0,0.0,0.0,0.0,0.0,0.0,0.0,0.0 
 08/25  05:00:00,0.0,0.0,0.0,0.0,0.0,0.0,0.0,0.0 
 08/25  06:00:00,0.0,0.0,0.0,0.0,0.0,0.0,0.0,0.0 
 08/25  07:00:00,0.0,0.0,0.0,0.0,0.0,0.0,0.0,0.0 
 08/25  08:00:00,0.0,0.0,0.0,0.0,0.0,0.0,0.0,0.0 
 08/25  09:00:00,0.0,0.0,0.0,0.0,0.0,0.0,0.0,0.0 
 08/25  10:00:00,0.0,0.0,0.0,0.0,0.0,0.0,0.0,0.0 
 08/25  11:00:00,0.0,0.0,0.0,0.0,0.0,0.0,0.0,0.0 
 08/25  12:00:00,0.0,0.0,0.0,0.0,0.0,0.0,0.0,0.0 
 08/25  13:00:00,0.0,0.0,0.0,0.0,0.0,0.0,0.0,0.0 
 08/25  14:00:00,0.0,0.0,0.0,0.0,0.0,0.0,0.0,0.0 
 08/25  15:00:00,0.0,0.0,0.0,0.0,0.0,0.0,0.0,0.0 
 08/25  16:00:00,0.0,0.0,0.0,0.0,0.0,0.0,0.0,0.0 
 08/25  17:00:00,0.0,0.0,0.0,0.0,0.0,0.0,0.0,0.0 
 08/25  18:00:00,0.0,0.0,0.0,0.0,0.0,0.0,0.0,0.0 
 08/25  19:00:00,0.0,0.0,0.0,0.0,0.0,0.0,0.0,0.0 
 08/25  20:00:00,0.0,0.0,0.0,0.0,0.0,0.0,0.0,0.0 
 08/25  21:00:00,0.0,0.0,0.0,0.0,0.0,0.0,0.0,0.0 
 08/25  22:00:00,0.0,0.0,0.0,0.0,0.0,0.0,0.0,0.0 
 08/25  23:00:00,0.0,0.0,0.0,0.0,0.0,0.0,0.0,0.0 
 08/25  24:00:00,0.0,0.0,0.0,0.0,0.0,0.0,0.0,0.0 
 08/26  01:00:00,0.0,0.0,0.0,0.0,0.0,0.0,0.0,0.0 
 08/26  02:00:00,0.0,0.0,0.0,0.0,0.0,0.0,0.0,0.0 
 08/26  03:00:00,0.0,0.0,0.0,0.0,0.0,0.0,0.0,0.0 
 08/26  04:00:00,0.0,0.0,0.0,0.0,0.0,0.0,0.0,0.0 
 08/26  05:00:00,0.0,0.0,0.0,0.0,0.0,0.0,0.0,0.0 
 08/26  06:00:00,0.0,0.0,0.0,0.0,0.0,0.0,0.0,0.0 
 08/26  07:00:00,0.0,0.0,0.0,0.0,0.0,0.0,0.0,0.0 
 08/26  08:00:00,0.0,0.0,0.0,0.0,0.0,0.0,0.0,0.0 
 08/26  09:00:00,0.0,0.0,0.0,0.0,0.0,0.0,0.0,0.0 
 08/26  10:00:00,0.0,0.0,0.0,0.0,0.0,0.0,0.0,0.0 
 08/26  11:00:00,0.0,0.0,0.0,0.0,0.0,0.0,0.0,0.0 
 08/26  12:00:00,0.0,0.0,0.0,0.0,0.0,0.0,0.0,0.0 
 08/26  13:00:00,0.0,0.0,0.0,0.0,0.0,0.0,0.0,0.0 
 08/26  14:00:00,0.0,0.0,0.0,0.0,0.0,0.0,0.0,0.0 
 08/26  15:00:00,0.0,0.0,0.0,0.0,0.0,0.0,0.0,0.0 
 08/26  16:00:00,0.0,0.0,0.0,0.0,0.0,0.0,0.0,0.0 
 08/26  17:00:00,0.0,0.0,0.0,0.0,0.0,0.0,0.0,0.0 
 08/26  18:00:00,0.0,0.0,0.0,0.0,0.0,0.0,0.0,0.0 
 08/26  19:00:00,0.0,0.0,0.0,0.0,0.0,0.0,0.0,0.0 
 08/26  20:00:00,0.0,0.0,0.0,0.0,0.0,0.0,0.0,0.0 
 08/26  21:00:00,0.0,0.0,0.0,0.0,0.0,0.0,0.0,0.0 
 08/26  22:00:00,0.0,0.0,0.0,0.0,0.0,0.0,0.0,0.0 
 08/26  23:00:00,0.0,0.0,0.0,0.0,0.0,0.0,0.0,0.0 
 08/26  24:00:00,0.0,0.0,0.0,0.0,0.0,0.0,0.0,0.0 
 08/27  01:00:00,0.0,0.0,0.0,0.0,0.0,0.0,0.0,0.0 
 08/27  02:00:00,0.0,0.0,0.0,0.0,0.0,0.0,0.0,0.0 
 08/27  03:00:00,0.0,0.0,0.0,0.0,0.0,0.0,0.0,0.0 
 08/27  04:00:00,219399.69764466077,0.0,0.0,0.0,0.0,0.0,0.0,0.0 
 08/27  05:00:00,557784.1821048307,0.0,0.0,0.0,0.0,0.0,0.0,395471.6836902051 
 08/27  06:00:00,657705.664210621,0.0,0.0,0.0,0.0,0.0,0.0,912088.1197576993 
 08/27  07:00:00,754454.3365686114,0.0,0.0,0.0,0.0,0.0,0.0,1142288.1397432326 
 08/27  08:00:00,718407.9025035739,0.0,0.0,0.0,0.0,0.0,0.0,1027050.2138954734 
 08/27  09:00:00,539394.1410925837,0.0,0.0,0.0,0.0,0.0,0.0,613996.4350476236 
 08/27  10:00:00,313621.3705252783,0.0,0.0,0.0,0.0,0.0,0.0,158467.7248787062 
 08/27  11:00:00,11692.049972119277,0.0,0.0,0.0,0.0,0.0,0.0,0.0 
 08/27  12:00:00,0.0,0.0,0.0,0.0,0.0,0.0,0.0,0.0 
 08/27  13:00:00,0.0,0.0,0.0,0.0,0.0,0.0,0.0,0.0 
 08/27  14:00:00,0.0,0.0,0.0,0.0,0.0,0.0,0.0,0.0 
 08/27  15:00:00,0.0,0.0,0.0,0.0,0.0,0.0,0.0,0.0 
 08/27  16:00:00,0.0,0.0,0.0,0.0,0.0,0.0,0.0,0.0 
 08/27  17:00:00,0.0,0.0,0.0,0.0,0.0,0.0,0.0,0.0 
 08/27  18:00:00,0.0,0.0,0.0,0.0,0.0,0.0,0.0,0.0 
 08/27  19:00:00,0.0,0.0,0.0,0.0,0.0,0.0,0.0,0.0 
 08/27  20:00:00,0.0,0.0,0.0,0.0,0.0,0.0,0.0,0.0 
 08/27  21:00:00,0.0,0.0,0.0,0.0,0.0,0.0,0.0,0.0 
 08/27  22:00:00,0.0,0.0,0.0,0.0,0.0,0.0,0.0,0.0 
 08/27  23:00:00,90907.4863711241,0.0,0.0,0.0,0.0,0.0,0.0,0.0 
 08/27  24:00:00,366711.5960133757,0.0,0.0,0.0,0.0,0.0,0.0,337024.0851989234 
 08/28  01:00:00,602604.5991610634,0.0,0.0,0.0,0.0,0.0,0.0,907609.982020242 
 08/28  02:00:00,892992.3665283713,0.0,0.0,0.0,0.0,0.0,0.0,1342983.5811126367 
 08/28  03:00:00,1125928.6279122084,0.0,0.0,0.0,0.0,0.0,0.0,1627564.002901793 
 08/28  04:00:00,1270478.1042250763,42036.3274587522,0.0,0.0,0.0,0.0,0.0,1853494.4974809072 
 08/28  05:00:00,1440553.0620465463,270654.780736407,0.0,0.0,0.0,0.0,223761.34333004738,2147354.561737046 
 08/28  06:00:00,1718173.716312442,597830.6395799809,205131.17327086075,83295.24866698486,81967.43528705994,183974.21020225593,598497.4049344499,2628527.8436590247 
 08/28  07:00:00,2019572.3176629746,930996.0469617278,608027.4762414293,482353.4913497279,482945.7451286915,600618.2723221573,979497.9746965795,3140638.655381302 
 08/28  08:00:00,2160681.466258789,1134476.840381387,851002.1119320765,752303.5496647747,759008.657875871,867473.0456968247,1214851.5675525444,3304689.503155019 
 08/28  09:00:00,2135030.6944127413,1198673.4311628665,946493.4898141496,883213.605169712,900895.3663874912,999617.1127020671,1331733.2998558325,3101021.4188046204 
 08/28  10:00:00,1672332.8078643826,855660.3454314392,665285.1357661086,631951.8719800632,665445.2358921394,764976.4381969873,1041817.4991443491,2055537.1873965384 
 08/28  11:00:00,909176.211592769,231399.90688220572,124134.66219513793,120757.0532984566,155443.2636749349,237678.26342929335,401384.6213101933,572026.956714019 
 08/28  12:00:00,256800.57145851312,0.0,0.0,0.0,0.0,0.0,16248.313651813078,3838.358391888323 
 08/28  13:00:00,0.0,0.0,0.0,0.0,0.0,0.0,0.0,0.0 
 08/28  14:00:00,0.0,0.0,0.0,0.0,0.0,0.0,0.0,0.0 
 08/28  15:00:00,0.0,0.0,0.0,0.0,0.0,0.0,0.0,0.0 
 08/28  16:00:00,0.0,0.0,0.0,0.0,0.0,0.0,0.0,0.0 
 08/28  17:00:00,0.0,0.0,0.0,0.0,0.0,0.0,0.0,0.0 
 08/28  18:00:00,0.0,0.0,0.0,0.0,0.0,0.0,0.0,0.0 
 08/28  19:00:00,0.0,0.0,0.0,0.0,0.0,0.0,0.0,0.0 
 08/28  20:00:00,63222.93573422795,0.0,0.0,0.0,0.0,0.0,0.0,0.0 
 08/28  21:00:00,753409.0449978963,0.0,0.0,0.0,0.0,0.0,0.0,342491.9859567061 
 08/28  22:00:00,1291177.6567603797,150245.81121217052,37055.23536672991,42418.119368256885,77716.35898302484,116068.25289817789,157693.57557244948,1554122.7960272343 
 08/28  23:00:00,1678121.4766823337,627135.3514931791,425857.5459955391,434796.31261198665,496331.3305301301,564533.1610626322,673395.5980168292,2501792.4316356615 
 08/28  24:00:00,2191992.131006095,1217043.1917344017,1023104.03568638,1027496.1488890811,1082282.8960219326,1145358.4551037406,1307355.1316345255,3549377.240320227 
 08/29  01:00:00,2673861.114155862,1734798.6008343913,1553748.9604762965,1551967.088939631,1596756.9867369907,1656103.8741427374,1864899.7741302694,4495511.734285308 
 08/29  02:00:00,2974520.194509428,2042163.5010293513,1883754.267123167,1878307.5190636548,1913011.640443608,1967210.2706680382,2203389.1152644763,5073423.821761588 
 08/29  03:00:00,3194053.3091850798,2284702.2005981053,2127222.6869728887,2123252.1350705936,2158828.066148078,2217936.7824399904,2478683.6902602753,5400212.321396454 
 08/29  04:00:00,3366532.5946587045,2498962.7565186867,2348634.762057683,2347610.5812093737,2385026.761389467,2447625.7129037054,2723473.4104535775,5597322.654649446 
 08/29  05:00:00,3541165.537138614,2714218.433605794,2572328.9564843266,2572420.004538003,2609043.7776262155,2672856.0740167117,2964041.2581766373,5876181.490154184 
 08/29  06:00:00,3796599.2206113916,3003106.8295330293,2865834.63054006,2863798.4305299995,2896896.1066817055,2960430.1130417055,3276042.8216301864,6427459.860808907 
 08/29  07:00:00,4035739.8721878277,3283409.0131999096,3155754.0839253142,3154417.505841119,3185969.2979183346,3250451.324192034,3585582.6787335114,6884098.11922791 
 08/29  08:00:00,3561551.041584386,2882786.5510256514,2793681.194079839,2811871.0741964593,2855017.0907966285,2926011.275321503,3227644.7988102343,5783548.155850291 
 08/29  09:00:00,1920696.1235399868,1334932.8252411406,1308677.920425571,1360426.9808814772,1425655.7275387098,1501509.141637081,1675105.7530501583,2397857.394682244 
 08/29  10:00:00,285138.62016964855,66674.0545908091,69114.87460676726,92477.37864913217,117535.21520913784,142052.61888141834,170527.07335128507,109599.88882417673 
 08/29  11:00:00,0.0,0.0,0.0,0.0,0.0,0.0,0.0,0.0 
 08/29  12:00:00,0.0,0.0,0.0,0.0,0.0,0.0,0.0,0.0 
 08/29  13:00:00,0.0,0.0,0.0,0.0,0.0,0.0,0.0,0.0 
 08/29  14:00:00,0.0,0.0,0.0,0.0,0.0,0.0,0.0,0.0 
 08/29  15:00:00,0.0,0.0,0.0,0.0,0.0,0.0,0.0,0.0 
 08/29  16:00:00,0.0,0.0,0.0,0.0,0.0,0.0,0.0,0.0 
 08/29  17:00:00,0.0,0.0,0.0,0.0,0.0,0.0,0.0,0.0 
 08/29  18:00:00,0.0,0.0,0.0,0.0,0.0,0.0,0.0,0.0 
 08/29  19:00:00,0.0,0.0,0.0,0.0,0.0,0.0,0.0,0.0 
 08/29  20:00:00,0.0,0.0,0.0,0.0,0.0,0.0,0.0,0.0 
 08/29  21:00:00,0.0,0.0,0.0,0.0,0.0,0.0,0.0,0.0 
 08/29  22:00:00,0.0,0.0,0.0,0.0,0.0,0.0,0.0,0.0 
 08/29  23:00:00,0.0,0.0,0.0,0.0,0.0,0.0,0.0,0.0 
 08/29  24:00:00,371546.7606198974,0.0,0.0,0.0,0.0,0.0,0.0,445256.5064705428 
 08/30  01:00:00,854318.9952819783,0.0,0.0,0.0,0.0,0.0,0.0,1509377.095391498 
 08/30  02:00:00,1606582.9861610648,198613.78972725364,31851.52393400786,18958.3582353458,47179.86113955849,66894.76804518493,144946.26315809294,2982038.312226482 
 08/30  03:00:00,2428585.792521878,1125547.2620545626,827538.447965814,817550.161368061,853739.2054038225,883514.2109874492,1103557.9672589432,4587513.538961798 
 08/30  04:00:00,2998413.9275979935,1829764.2372105184,1542552.9136094628,1524288.501260242,1563318.5609977706,1606396.391468402,1897394.9589789822,5629082.12903804 
 08/30  05:00:00,3453386.543330335,2367151.9568658927,2112211.74901247,2091918.834043815,2124248.217207629,2170924.378533229,2504123.150738591,6485347.674701393 
 08/30  06:00:00,3678206.3541214336,2627767.728754795,2412622.649751902,2391570.825390604,2417293.65545537,2465397.498822592,2816538.4090349604,6965158.699487591 
 08/30  07:00:00,3881860.434485976,2863822.521110992,2660176.4837667043,2640708.8227549074,2663169.33223012,2713828.7227104204,3088074.1464741384,7321994.362944616 
 08/30  08:00:00,3502111.547758679,2574541.2784138494,2401748.5239429777,2399480.988341909,2434700.577700846,2494922.155977115,2837621.2809718275,6123256.3974718 
 08/30  09:00:00,1954625.20735398,1159439.914537252,1056234.748814398,1086605.0330361659,1137072.6354586498,1199843.1569374253,1405787.4359956374,2605865.0901167993 
 08/30  10:00:00,115741.53828054259,0.0,0.0,0.0,0.0,111.29776129819219,12444.990740525827,23898.555637475518 
 08/30  11:00:00,0.0,0.0,0.0,0.0,0.0,0.0,0.0,0.0 
 08/30  12:00:00,0.0,0.0,0.0,0.0,0.0,0.0,0.0,0.0 
 08/30  13:00:00,0.0,0.0,0.0,0.0,0.0,0.0,0.0,0.0 
 08/30  14:00:00,0.0,0.0,0.0,0.0,0.0,0.0,0.0,0.0 
 08/30  15:00:00,0.0,0.0,0.0,0.0,0.0,0.0,0.0,0.0 
 08/30  16:00:00,0.0,0.0,0.0,0.0,0.0,0.0,0.0,0.0 
 08/30  17:00:00,0.0,0.0,0.0,0.0,0.0,0.0,0.0,0.0 
 08/30  18:00:00,0.0,0.0,0.0,0.0,0.0,0.0,0.0,0.0 
 08/30  19:00:00,0.0,0.0,0.0,0.0,0.0,0.0,0.0,0.0 
 08/30  20:00:00,0.0,0.0,0.0,0.0,0.0,0.0,0.0,0.0 
 08/30  21:00:00,0.0,0.0,0.0,0.0,0.0,0.0,0.0,0.0 
 08/30  22:00:00,0.0,0.0,0.0,0.0,0.0,0.0,0.0,0.0 
 08/30  23:00:00,0.0,0.0,0.0,0.0,0.0,0.0,0.0,0.0 
 08/30  24:00:00,0.0,0.0,0.0,0.0,0.0,0.0,0.0,0.0 
 08/31  01:00:00,0.0,0.0,0.0,0.0,0.0,0.0,0.0,0.0 
 08/31  02:00:00,21338.72796264477,0.0,0.0,0.0,0.0,0.0,0.0,0.0 
 08/31  03:00:00,311301.84981014463,0.0,0.0,0.0,0.0,0.0,0.0,177748.96932731353 
 08/31  04:00:00,884600.6606768585,0.0,0.0,0.0,0.0,0.0,0.0,1545934.7311008156 
 08/31  05:00:00,1888734.5197958276,246449.68665129418,0.0,0.0,0.0,0.0,7595.2547799694,3451336.260659187 
 08/31  06:00:00,2298241.114349851,794972.4796476192,345027.53712428967,190712.22040161956,173755.12949239783,185707.94309526536,505445.5094687728,4431389.911319697 
 08/31  07:00:00,2480978.0097536715,1137666.7471026084,711041.1967671346,613142.099319883,603387.0586224613,622490.7894735152,952441.2047034975,4863643.558910331 
 08/31  08:00:00,2002274.8408416156,825153.1436405509,491316.05440649734,416259.05651094805,416162.8384348238,444862.5943978841,726669.3668416266,3411527.1914668363 
 08/31  09:00:00,356260.38976393465,7554.083169611113,0.0,0.0,0.0,0.0,0.0,236414.24996469577 
 08/31  10:00:00,0.0,0.0,0.0,0.0,0.0,0.0,0.0,0.0 
 08/31  11:00:00,0.0,0.0,0.0,0.0,0.0,0.0,0.0,0.0 
 08/31  12:00:00,0.0,0.0,0.0,0.0,0.0,0.0,0.0,0.0 
 08/31  13:00:00,0.0,0.0,0.0,0.0,0.0,0.0,0.0,0.0 
 08/31  14:00:00,0.0,0.0,0.0,0.0,0.0,0.0,0.0,0.0 
 08/31  15:00:00,0.0,0.0,0.0,0.0,0.0,0.0,0.0,0.0 
 08/31  16:00:00,0.0,0.0,0.0,0.0,0.0,0.0,0.0,0.0 
 08/31  17:00:00,0.0,0.0,0.0,0.0,0.0,0.0,0.0,0.0 
 08/31  18:00:00,0.0,0.0,0.0,0.0,0.0,0.0,0.0,0.0 
 08/31  19:00:00,0.0,0.0,0.0,0.0,0.0,0.0,0.0,0.0 
 08/31  20:00:00,0.0,0.0,0.0,0.0,0.0,0.0,0.0,0.0 
 08/31  21:00:00,0.0,0.0,0.0,0.0,0.0,0.0,0.0,0.0 
 08/31  22:00:00,0.0,0.0,0.0,0.0,0.0,0.0,0.0,0.0 
 08/31  23:00:00,0.0,0.0,0.0,0.0,0.0,0.0,0.0,0.0 
 08/31  24:00:00,0.0,0.0,0.0,0.0,0.0,0.0,0.0,0.0 
 09/01  01:00:00,0.0,0.0,0.0,0.0,0.0,0.0,0.0,0.0 
 09/01  02:00:00,0.0,0.0,0.0,0.0,0.0,0.0,0.0,0.0 
 09/01  03:00:00,0.0,0.0,0.0,0.0,0.0,0.0,0.0,0.0 
 09/01  04:00:00,42933.891241569654,0.0,0.0,0.0,0.0,0.0,0.0,0.0 
 09/01  05:00:00,782277.0505417619,0.0,0.0,0.0,0.0,0.0,0.0,1369579.5686865968 
 09/01  06:00:00,1430519.8482292707,0.0,0.0,0.0,0.0,0.0,0.0,3045018.9008646095 
 09/01  07:00:00,1967343.7794701864,0.0,0.0,0.0,0.0,0.0,0.0,4063317.3665564116 
 09/01  08:00:00,1294530.2139632944,0.0,0.0,0.0,0.0,0.0,0.0,2299089.5939774797 
 09/01  09:00:00,22383.2680026142,0.0,0.0,0.0,0.0,0.0,0.0,0.0 
 09/01  10:00:00,0.0,0.0,0.0,0.0,0.0,0.0,0.0,0.0 
 09/01  11:00:00,0.0,0.0,0.0,0.0,0.0,0.0,0.0,0.0 
 09/01  12:00:00,0.0,0.0,0.0,0.0,0.0,0.0,0.0,0.0 
 09/01  13:00:00,0.0,0.0,0.0,0.0,0.0,0.0,0.0,0.0 
 09/01  14:00:00,0.0,0.0,0.0,0.0,0.0,0.0,0.0,0.0 
 09/01  15:00:00,0.0,0.0,0.0,0.0,0.0,0.0,0.0,0.0 
 09/01  16:00:00,0.0,0.0,0.0,0.0,0.0,0.0,0.0,0.0 
 09/01  17:00:00,0.0,0.0,0.0,0.0,0.0,0.0,0.0,0.0 
 09/01  18:00:00,0.0,0.0,0.0,0.0,0.0,0.0,0.0,0.0 
 09/01  19:00:00,0.0,0.0,0.0,0.0,0.0,0.0,0.0,0.0 
 09/01  20:00:00,0.0,0.0,0.0,0.0,0.0,0.0,0.0,0.0 
 09/01  21:00:00,0.0,0.0,0.0,0.0,0.0,0.0,0.0,0.0 
 09/01  22:00:00,0.0,0.0,0.0,0.0,0.0,0.0,0.0,0.0 
 09/01  23:00:00,0.0,0.0,0.0,0.0,0.0,0.0,0.0,0.0 
 09/01  24:00:00,0.0,0.0,0.0,0.0,0.0,0.0,0.0,0.0 
 09/02  01:00:00,0.0,0.0,0.0,0.0,0.0,0.0,0.0,0.0 
 09/02  02:00:00,0.0,0.0,0.0,0.0,0.0,0.0,0.0,0.0 
 09/02  03:00:00,0.0,0.0,0.0,0.0,0.0,0.0,0.0,0.0 
 09/02  04:00:00,0.0,0.0,0.0,0.0,0.0,0.0,0.0,0.0 
 09/02  05:00:00,0.0,0.0,0.0,0.0,0.0,0.0,0.0,0.0 
 09/02  06:00:00,0.0,0.0,0.0,0.0,0.0,0.0,0.0,0.0 
 09/02  07:00:00,0.0,0.0,0.0,0.0,0.0,0.0,0.0,0.0 
 09/02  08:00:00,0.0,0.0,0.0,0.0,0.0,0.0,0.0,0.0 
 09/02  09:00:00,0.0,0.0,0.0,0.0,0.0,0.0,0.0,0.0 
 09/02  10:00:00,0.0,0.0,0.0,0.0,0.0,0.0,0.0,0.0 
 09/02  11:00:00,0.0,0.0,0.0,0.0,0.0,0.0,0.0,0.0 
 09/02  12:00:00,0.0,0.0,0.0,0.0,0.0,0.0,0.0,0.0 
 09/02  13:00:00,0.0,0.0,0.0,0.0,0.0,0.0,0.0,0.0 
 09/02  14:00:00,0.0,0.0,0.0,0.0,0.0,0.0,0.0,0.0 
 09/02  15:00:00,0.0,0.0,0.0,0.0,0.0,0.0,0.0,0.0 
 09/02  16:00:00,0.0,0.0,0.0,0.0,0.0,0.0,0.0,0.0 
 09/02  17:00:00,0.0,0.0,0.0,0.0,0.0,0.0,0.0,0.0 
 09/02  18:00:00,0.0,0.0,0.0,0.0,0.0,0.0,0.0,0.0 
 09/02  19:00:00,0.0,0.0,0.0,0.0,0.0,0.0,0.0,0.0 
 09/02  20:00:00,0.0,0.0,0.0,0.0,0.0,0.0,0.0,0.0 
 09/02  21:00:00,0.0,0.0,0.0,0.0,0.0,0.0,0.0,0.0 
 09/02  22:00:00,0.0,0.0,0.0,0.0,0.0,0.0,0.0,0.0 
 09/02  23:00:00,0.0,0.0,0.0,0.0,0.0,0.0,0.0,0.0 
 09/02  24:00:00,0.0,0.0,0.0,0.0,0.0,0.0,0.0,0.0 
 09/03  01:00:00,0.0,0.0,0.0,0.0,0.0,0.0,0.0,0.0 
 09/03  02:00:00,0.0,0.0,0.0,0.0,0.0,0.0,0.0,0.0 
 09/03  03:00:00,0.0,0.0,0.0,0.0,0.0,0.0,0.0,0.0 
 09/03  04:00:00,0.0,0.0,0.0,0.0,0.0,0.0,0.0,0.0 
 09/03  05:00:00,0.0,0.0,0.0,0.0,0.0,0.0,0.0,0.0 
 09/03  06:00:00,0.0,0.0,0.0,0.0,0.0,0.0,0.0,0.0 
 09/03  07:00:00,0.0,0.0,0.0,0.0,0.0,0.0,0.0,0.0 
 09/03  08:00:00,0.0,0.0,0.0,0.0,0.0,0.0,0.0,0.0 
 09/03  09:00:00,0.0,0.0,0.0,0.0,0.0,0.0,0.0,0.0 
 09/03  10:00:00,0.0,0.0,0.0,0.0,0.0,0.0,0.0,0.0 
 09/03  11:00:00,0.0,0.0,0.0,0.0,0.0,0.0,0.0,0.0 
 09/03  12:00:00,0.0,0.0,0.0,0.0,0.0,0.0,0.0,0.0 
 09/03  13:00:00,0.0,0.0,0.0,0.0,0.0,0.0,0.0,0.0 
 09/03  14:00:00,0.0,0.0,0.0,0.0,0.0,0.0,0.0,0.0 
 09/03  15:00:00,0.0,0.0,0.0,0.0,0.0,0.0,0.0,0.0 
 09/03  16:00:00,0.0,0.0,0.0,0.0,0.0,0.0,0.0,0.0 
 09/03  17:00:00,0.0,0.0,0.0,0.0,0.0,0.0,0.0,0.0 
 09/03  18:00:00,0.0,0.0,0.0,0.0,0.0,0.0,0.0,0.0 
 09/03  19:00:00,0.0,0.0,0.0,0.0,0.0,0.0,0.0,0.0 
 09/03  20:00:00,0.0,0.0,0.0,0.0,0.0,0.0,0.0,0.0 
 09/03  21:00:00,0.0,0.0,0.0,0.0,0.0,0.0,0.0,0.0 
 09/03  22:00:00,0.0,0.0,0.0,0.0,0.0,0.0,0.0,0.0 
 09/03  23:00:00,0.0,0.0,0.0,0.0,0.0,0.0,0.0,0.0 
 09/03  24:00:00,0.0,0.0,0.0,0.0,0.0,0.0,0.0,0.0 
 09/04  01:00:00,0.0,0.0,0.0,0.0,0.0,0.0,0.0,0.0 
 09/04  02:00:00,0.0,0.0,0.0,0.0,0.0,0.0,0.0,0.0 
 09/04  03:00:00,0.0,0.0,0.0,0.0,0.0,0.0,0.0,0.0 
 09/04  04:00:00,0.0,0.0,0.0,0.0,0.0,0.0,0.0,0.0 
 09/04  05:00:00,0.0,0.0,0.0,0.0,0.0,0.0,0.0,0.0 
 09/04  06:00:00,0.0,0.0,0.0,0.0,0.0,0.0,0.0,0.0 
 09/04  07:00:00,0.0,0.0,0.0,0.0,0.0,0.0,0.0,0.0 
 09/04  08:00:00,0.0,0.0,0.0,0.0,0.0,0.0,0.0,0.0 
 09/04  09:00:00,0.0,0.0,0.0,0.0,0.0,0.0,0.0,0.0 
 09/04  10:00:00,0.0,0.0,0.0,0.0,0.0,0.0,0.0,0.0 
 09/04  11:00:00,0.0,0.0,0.0,0.0,0.0,0.0,0.0,0.0 
 09/04  12:00:00,0.0,0.0,0.0,0.0,0.0,0.0,0.0,0.0 
 09/04  13:00:00,0.0,0.0,0.0,0.0,0.0,0.0,0.0,0.0 
 09/04  14:00:00,0.0,0.0,0.0,0.0,0.0,0.0,0.0,0.0 
 09/04  15:00:00,0.0,0.0,0.0,0.0,0.0,0.0,0.0,0.0 
 09/04  16:00:00,0.0,0.0,0.0,0.0,0.0,0.0,0.0,0.0 
 09/04  17:00:00,0.0,0.0,0.0,0.0,0.0,0.0,0.0,0.0 
 09/04  18:00:00,0.0,0.0,0.0,0.0,0.0,0.0,0.0,0.0 
 09/04  19:00:00,0.0,0.0,0.0,0.0,0.0,0.0,0.0,0.0 
 09/04  20:00:00,0.0,0.0,0.0,0.0,0.0,0.0,0.0,0.0 
 09/04  21:00:00,0.0,0.0,0.0,0.0,0.0,0.0,0.0,0.0 
 09/04  22:00:00,0.0,0.0,0.0,0.0,0.0,0.0,0.0,0.0 
 09/04  23:00:00,0.0,0.0,0.0,0.0,0.0,0.0,0.0,0.0 
 09/04  24:00:00,0.0,0.0,0.0,0.0,0.0,0.0,0.0,0.0 
 09/05  01:00:00,0.0,0.0,0.0,0.0,0.0,0.0,0.0,0.0 
 09/05  02:00:00,0.0,0.0,0.0,0.0,0.0,0.0,0.0,0.0 
 09/05  03:00:00,0.0,0.0,0.0,0.0,0.0,0.0,0.0,0.0 
 09/05  04:00:00,0.0,0.0,0.0,0.0,0.0,0.0,0.0,0.0 
 09/05  05:00:00,0.0,0.0,0.0,0.0,0.0,0.0,0.0,0.0 
 09/05  06:00:00,0.0,0.0,0.0,0.0,0.0,0.0,0.0,0.0 
 09/05  07:00:00,0.0,0.0,0.0,0.0,0.0,0.0,0.0,0.0 
 09/05  08:00:00,0.0,0.0,0.0,0.0,0.0,0.0,0.0,0.0 
 09/05  09:00:00,0.0,0.0,0.0,0.0,0.0,0.0,0.0,0.0 
 09/05  10:00:00,0.0,0.0,0.0,0.0,0.0,0.0,0.0,0.0 
 09/05  11:00:00,0.0,0.0,0.0,0.0,0.0,0.0,0.0,0.0 
 09/05  12:00:00,0.0,0.0,0.0,0.0,0.0,0.0,0.0,0.0 
 09/05  13:00:00,0.0,0.0,0.0,0.0,0.0,0.0,0.0,0.0 
 09/05  14:00:00,0.0,0.0,0.0,0.0,0.0,0.0,0.0,0.0 
 09/05  15:00:00,0.0,0.0,0.0,0.0,0.0,0.0,0.0,0.0 
 09/05  16:00:00,0.0,0.0,0.0,0.0,0.0,0.0,0.0,0.0 
 09/05  17:00:00,0.0,0.0,0.0,0.0,0.0,0.0,0.0,0.0 
 09/05  18:00:00,0.0,0.0,0.0,0.0,0.0,0.0,0.0,0.0 
 09/05  19:00:00,0.0,0.0,0.0,0.0,0.0,0.0,0.0,0.0 
 09/05  20:00:00,0.0,0.0,0.0,0.0,0.0,0.0,0.0,0.0 
 09/05  21:00:00,0.0,0.0,0.0,0.0,0.0,0.0,0.0,0.0 
 09/05  22:00:00,0.0,0.0,0.0,0.0,0.0,0.0,0.0,0.0 
 09/05  23:00:00,0.0,0.0,0.0,0.0,0.0,0.0,0.0,0.0 
 09/05  24:00:00,0.0,0.0,0.0,0.0,0.0,0.0,0.0,0.0 
 09/06  01:00:00,0.0,0.0,0.0,0.0,0.0,0.0,0.0,0.0 
 09/06  02:00:00,0.0,0.0,0.0,0.0,0.0,0.0,0.0,0.0 
 09/06  03:00:00,0.0,0.0,0.0,0.0,0.0,0.0,0.0,0.0 
 09/06  04:00:00,0.0,0.0,0.0,0.0,0.0,0.0,0.0,0.0 
 09/06  05:00:00,0.0,0.0,0.0,0.0,0.0,0.0,0.0,0.0 
 09/06  06:00:00,0.0,0.0,0.0,0.0,0.0,0.0,0.0,0.0 
 09/06  07:00:00,0.0,0.0,0.0,0.0,0.0,0.0,0.0,0.0 
 09/06  08:00:00,0.0,0.0,0.0,0.0,0.0,0.0,0.0,0.0 
 09/06  09:00:00,0.0,0.0,0.0,0.0,0.0,0.0,0.0,0.0 
 09/06  10:00:00,0.0,0.0,0.0,0.0,0.0,0.0,0.0,0.0 
 09/06  11:00:00,0.0,0.0,0.0,0.0,0.0,0.0,0.0,0.0 
 09/06  12:00:00,0.0,0.0,0.0,0.0,0.0,0.0,0.0,0.0 
 09/06  13:00:00,0.0,0.0,0.0,0.0,0.0,0.0,0.0,0.0 
 09/06  14:00:00,0.0,0.0,0.0,0.0,0.0,0.0,0.0,0.0 
 09/06  15:00:00,0.0,0.0,0.0,0.0,0.0,0.0,0.0,0.0 
 09/06  16:00:00,0.0,0.0,0.0,0.0,0.0,0.0,0.0,0.0 
 09/06  17:00:00,0.0,0.0,0.0,0.0,0.0,0.0,0.0,0.0 
 09/06  18:00:00,0.0,0.0,0.0,0.0,0.0,0.0,0.0,0.0 
 09/06  19:00:00,0.0,0.0,0.0,0.0,0.0,0.0,0.0,0.0 
 09/06  20:00:00,0.0,0.0,0.0,0.0,0.0,0.0,0.0,0.0 
 09/06  21:00:00,0.0,0.0,0.0,0.0,0.0,0.0,0.0,0.0 
 09/06  22:00:00,0.0,0.0,0.0,0.0,0.0,0.0,0.0,0.0 
 09/06  23:00:00,0.0,0.0,0.0,0.0,0.0,0.0,0.0,0.0 
 09/06  24:00:00,0.0,0.0,0.0,0.0,0.0,0.0,0.0,0.0 
 09/07  01:00:00,0.0,0.0,0.0,0.0,0.0,0.0,0.0,0.0 
 09/07  02:00:00,0.0,0.0,0.0,0.0,0.0,0.0,0.0,0.0 
 09/07  03:00:00,0.0,0.0,0.0,0.0,0.0,0.0,0.0,0.0 
 09/07  04:00:00,0.0,0.0,0.0,0.0,0.0,0.0,0.0,0.0 
 09/07  05:00:00,0.0,0.0,0.0,0.0,0.0,0.0,0.0,0.0 
 09/07  06:00:00,0.0,0.0,0.0,0.0,0.0,0.0,0.0,0.0 
 09/07  07:00:00,0.0,0.0,0.0,0.0,0.0,0.0,0.0,0.0 
 09/07  08:00:00,0.0,0.0,0.0,0.0,0.0,0.0,0.0,0.0 
 09/07  09:00:00,0.0,0.0,0.0,0.0,0.0,0.0,0.0,0.0 
 09/07  10:00:00,0.0,0.0,0.0,0.0,0.0,0.0,0.0,0.0 
 09/07  11:00:00,0.0,0.0,0.0,0.0,0.0,0.0,0.0,0.0 
 09/07  12:00:00,0.0,0.0,0.0,0.0,0.0,0.0,0.0,0.0 
 09/07  13:00:00,0.0,0.0,0.0,0.0,0.0,0.0,0.0,0.0 
 09/07  14:00:00,0.0,0.0,0.0,0.0,0.0,0.0,0.0,0.0 
 09/07  15:00:00,0.0,0.0,0.0,0.0,0.0,0.0,0.0,0.0 
 09/07  16:00:00,0.0,0.0,0.0,0.0,0.0,0.0,0.0,0.0 
 09/07  17:00:00,0.0,0.0,0.0,0.0,0.0,0.0,0.0,0.0 
 09/07  18:00:00,0.0,0.0,0.0,0.0,0.0,0.0,0.0,0.0 
 09/07  19:00:00,0.0,0.0,0.0,0.0,0.0,0.0,0.0,0.0 
 09/07  20:00:00,0.0,0.0,0.0,0.0,0.0,0.0,0.0,0.0 
 09/07  21:00:00,0.0,0.0,0.0,0.0,0.0,0.0,0.0,0.0 
 09/07  22:00:00,0.0,0.0,0.0,0.0,0.0,0.0,0.0,0.0 
 09/07  23:00:00,0.0,0.0,0.0,0.0,0.0,0.0,0.0,0.0 
 09/07  24:00:00,0.0,0.0,0.0,0.0,0.0,0.0,0.0,0.0 
 09/08  01:00:00,0.0,0.0,0.0,0.0,0.0,0.0,0.0,0.0 
 09/08  02:00:00,0.0,0.0,0.0,0.0,0.0,0.0,0.0,0.0 
 09/08  03:00:00,0.0,0.0,0.0,0.0,0.0,0.0,0.0,0.0 
 09/08  04:00:00,0.0,0.0,0.0,0.0,0.0,0.0,0.0,0.0 
 09/08  05:00:00,0.0,0.0,0.0,0.0,0.0,0.0,0.0,0.0 
 09/08  06:00:00,0.0,0.0,0.0,0.0,0.0,0.0,0.0,0.0 
 09/08  07:00:00,0.0,0.0,0.0,0.0,0.0,0.0,0.0,0.0 
 09/08  08:00:00,0.0,0.0,0.0,0.0,0.0,0.0,0.0,0.0 
 09/08  09:00:00,0.0,0.0,0.0,0.0,0.0,0.0,0.0,0.0 
 09/08  10:00:00,0.0,0.0,0.0,0.0,0.0,0.0,0.0,0.0 
 09/08  11:00:00,0.0,0.0,0.0,0.0,0.0,0.0,0.0,0.0 
 09/08  12:00:00,0.0,0.0,0.0,0.0,0.0,0.0,0.0,0.0 
 09/08  13:00:00,0.0,0.0,0.0,0.0,0.0,0.0,0.0,0.0 
 09/08  14:00:00,0.0,0.0,0.0,0.0,0.0,0.0,0.0,0.0 
 09/08  15:00:00,0.0,0.0,0.0,0.0,0.0,0.0,0.0,0.0 
 09/08  16:00:00,0.0,0.0,0.0,0.0,0.0,0.0,0.0,0.0 
 09/08  17:00:00,0.0,0.0,0.0,0.0,0.0,0.0,0.0,0.0 
 09/08  18:00:00,0.0,0.0,0.0,0.0,0.0,0.0,0.0,0.0 
 09/08  19:00:00,0.0,0.0,0.0,0.0,0.0,0.0,0.0,0.0 
 09/08  20:00:00,0.0,0.0,0.0,0.0,0.0,0.0,0.0,0.0 
 09/08  21:00:00,0.0,0.0,0.0,0.0,0.0,0.0,0.0,0.0 
 09/08  22:00:00,0.0,0.0,0.0,0.0,0.0,0.0,0.0,0.0 
 09/08  23:00:00,0.0,0.0,0.0,0.0,0.0,0.0,0.0,0.0 
 09/08  24:00:00,0.0,0.0,0.0,0.0,0.0,0.0,0.0,0.0 
 09/09  01:00:00,0.0,0.0,0.0,0.0,0.0,0.0,0.0,0.0 
 09/09  02:00:00,0.0,0.0,0.0,0.0,0.0,0.0,0.0,0.0 
 09/09  03:00:00,0.0,0.0,0.0,0.0,0.0,0.0,0.0,0.0 
 09/09  04:00:00,0.0,0.0,0.0,0.0,0.0,0.0,0.0,0.0 
 09/09  05:00:00,0.0,0.0,0.0,0.0,0.0,0.0,0.0,0.0 
 09/09  06:00:00,0.0,0.0,0.0,0.0,0.0,0.0,0.0,0.0 
 09/09  07:00:00,0.0,0.0,0.0,0.0,0.0,0.0,0.0,0.0 
 09/09  08:00:00,0.0,0.0,0.0,0.0,0.0,0.0,0.0,0.0 
 09/09  09:00:00,0.0,0.0,0.0,0.0,0.0,0.0,0.0,0.0 
 09/09  10:00:00,0.0,0.0,0.0,0.0,0.0,0.0,0.0,0.0 
 09/09  11:00:00,0.0,0.0,0.0,0.0,0.0,0.0,0.0,0.0 
 09/09  12:00:00,0.0,0.0,0.0,0.0,0.0,0.0,0.0,0.0 
 09/09  13:00:00,0.0,0.0,0.0,0.0,0.0,0.0,0.0,0.0 
 09/09  14:00:00,0.0,0.0,0.0,0.0,0.0,0.0,0.0,0.0 
 09/09  15:00:00,0.0,0.0,0.0,0.0,0.0,0.0,0.0,0.0 
 09/09  16:00:00,0.0,0.0,0.0,0.0,0.0,0.0,0.0,0.0 
 09/09  17:00:00,0.0,0.0,0.0,0.0,0.0,0.0,0.0,0.0 
 09/09  18:00:00,0.0,0.0,0.0,0.0,0.0,0.0,0.0,0.0 
 09/09  19:00:00,0.0,0.0,0.0,0.0,0.0,0.0,0.0,0.0 
 09/09  20:00:00,0.0,0.0,0.0,0.0,0.0,0.0,0.0,0.0 
 09/09  21:00:00,0.0,0.0,0.0,0.0,0.0,0.0,0.0,0.0 
 09/09  22:00:00,0.0,0.0,0.0,0.0,0.0,0.0,0.0,0.0 
 09/09  23:00:00,0.0,0.0,0.0,0.0,0.0,0.0,0.0,0.0 
 09/09  24:00:00,0.0,0.0,0.0,0.0,0.0,0.0,0.0,0.0 
 09/10  01:00:00,0.0,0.0,0.0,0.0,0.0,0.0,0.0,0.0 
 09/10  02:00:00,0.0,0.0,0.0,0.0,0.0,0.0,0.0,0.0 
 09/10  03:00:00,0.0,0.0,0.0,0.0,0.0,0.0,0.0,0.0 
 09/10  04:00:00,0.0,0.0,0.0,0.0,0.0,0.0,0.0,0.0 
 09/10  05:00:00,0.0,0.0,0.0,0.0,0.0,0.0,0.0,0.0 
 09/10  06:00:00,0.0,0.0,0.0,0.0,0.0,0.0,0.0,0.0 
 09/10  07:00:00,0.0,0.0,0.0,0.0,0.0,0.0,0.0,0.0 
 09/10  08:00:00,0.0,0.0,0.0,0.0,0.0,0.0,0.0,0.0 
 09/10  09:00:00,0.0,0.0,0.0,0.0,0.0,0.0,0.0,0.0 
 09/10  10:00:00,0.0,0.0,0.0,0.0,0.0,0.0,0.0,0.0 
 09/10  11:00:00,0.0,0.0,0.0,0.0,0.0,0.0,0.0,0.0 
 09/10  12:00:00,0.0,0.0,0.0,0.0,0.0,0.0,0.0,0.0 
 09/10  13:00:00,0.0,0.0,0.0,0.0,0.0,0.0,0.0,0.0 
 09/10  14:00:00,0.0,0.0,0.0,0.0,0.0,0.0,0.0,0.0 
 09/10  15:00:00,0.0,0.0,0.0,0.0,0.0,0.0,0.0,0.0 
 09/10  16:00:00,0.0,0.0,0.0,0.0,0.0,0.0,0.0,0.0 
 09/10  17:00:00,0.0,0.0,0.0,0.0,0.0,0.0,0.0,0.0 
 09/10  18:00:00,0.0,0.0,0.0,0.0,0.0,0.0,0.0,0.0 
 09/10  19:00:00,0.0,0.0,0.0,0.0,0.0,0.0,0.0,0.0 
 09/10  20:00:00,0.0,0.0,0.0,0.0,0.0,0.0,0.0,0.0 
 09/10  21:00:00,0.0,0.0,0.0,0.0,0.0,0.0,0.0,0.0 
 09/10  22:00:00,0.0,0.0,0.0,0.0,0.0,0.0,0.0,0.0 
 09/10  23:00:00,0.0,0.0,0.0,0.0,0.0,0.0,0.0,0.0 
 09/10  24:00:00,0.0,0.0,0.0,0.0,0.0,0.0,0.0,0.0 
 09/11  01:00:00,0.0,0.0,0.0,0.0,0.0,0.0,0.0,0.0 
 09/11  02:00:00,0.0,0.0,0.0,0.0,0.0,0.0,0.0,0.0 
 09/11  03:00:00,0.0,0.0,0.0,0.0,0.0,0.0,0.0,0.0 
 09/11  04:00:00,0.0,0.0,0.0,0.0,0.0,0.0,0.0,0.0 
 09/11  05:00:00,0.0,0.0,0.0,0.0,0.0,0.0,0.0,0.0 
 09/11  06:00:00,0.0,0.0,0.0,0.0,0.0,0.0,0.0,0.0 
 09/11  07:00:00,0.0,0.0,0.0,0.0,0.0,0.0,0.0,0.0 
 09/11  08:00:00,0.0,0.0,0.0,0.0,0.0,0.0,0.0,0.0 
 09/11  09:00:00,0.0,0.0,0.0,0.0,0.0,0.0,0.0,0.0 
 09/11  10:00:00,0.0,0.0,0.0,0.0,0.0,0.0,0.0,0.0 
 09/11  11:00:00,0.0,0.0,0.0,0.0,0.0,0.0,0.0,0.0 
 09/11  12:00:00,0.0,0.0,0.0,0.0,0.0,0.0,0.0,0.0 
 09/11  13:00:00,0.0,0.0,0.0,0.0,0.0,0.0,0.0,0.0 
 09/11  14:00:00,0.0,0.0,0.0,0.0,0.0,0.0,0.0,0.0 
 09/11  15:00:00,0.0,0.0,0.0,0.0,0.0,0.0,0.0,0.0 
 09/11  16:00:00,0.0,0.0,0.0,0.0,0.0,0.0,0.0,0.0 
 09/11  17:00:00,0.0,0.0,0.0,0.0,0.0,0.0,0.0,0.0 
 09/11  18:00:00,0.0,0.0,0.0,0.0,0.0,0.0,0.0,0.0 
 09/11  19:00:00,0.0,0.0,0.0,0.0,0.0,0.0,0.0,0.0 
 09/11  20:00:00,0.0,0.0,0.0,0.0,0.0,0.0,0.0,0.0 
 09/11  21:00:00,0.0,0.0,0.0,0.0,0.0,0.0,0.0,0.0 
 09/11  22:00:00,0.0,0.0,0.0,0.0,0.0,0.0,0.0,0.0 
 09/11  23:00:00,0.0,0.0,0.0,0.0,0.0,0.0,0.0,0.0 
 09/11  24:00:00,0.0,0.0,0.0,0.0,0.0,0.0,0.0,0.0 
 09/12  01:00:00,0.0,0.0,0.0,0.0,0.0,0.0,0.0,0.0 
 09/12  02:00:00,0.0,0.0,0.0,0.0,0.0,0.0,0.0,0.0 
 09/12  03:00:00,0.0,0.0,0.0,0.0,0.0,0.0,0.0,0.0 
 09/12  04:00:00,0.0,0.0,0.0,0.0,0.0,0.0,0.0,0.0 
 09/12  05:00:00,0.0,0.0,0.0,0.0,0.0,0.0,0.0,0.0 
 09/12  06:00:00,0.0,0.0,0.0,0.0,0.0,0.0,0.0,0.0 
 09/12  07:00:00,0.0,0.0,0.0,0.0,0.0,0.0,0.0,0.0 
 09/12  08:00:00,0.0,0.0,0.0,0.0,0.0,0.0,0.0,0.0 
 09/12  09:00:00,0.0,0.0,0.0,0.0,0.0,0.0,0.0,0.0 
 09/12  10:00:00,0.0,0.0,0.0,0.0,0.0,0.0,0.0,0.0 
 09/12  11:00:00,0.0,0.0,0.0,0.0,0.0,0.0,0.0,0.0 
 09/12  12:00:00,0.0,0.0,0.0,0.0,0.0,0.0,0.0,0.0 
 09/12  13:00:00,0.0,0.0,0.0,0.0,0.0,0.0,0.0,0.0 
 09/12  14:00:00,0.0,0.0,0.0,0.0,0.0,0.0,0.0,0.0 
 09/12  15:00:00,0.0,0.0,0.0,0.0,0.0,0.0,0.0,0.0 
 09/12  16:00:00,0.0,0.0,0.0,0.0,0.0,0.0,0.0,0.0 
 09/12  17:00:00,0.0,0.0,0.0,0.0,0.0,0.0,0.0,0.0 
 09/12  18:00:00,0.0,0.0,0.0,0.0,0.0,0.0,0.0,0.0 
 09/12  19:00:00,0.0,0.0,0.0,0.0,0.0,0.0,0.0,0.0 
 09/12  20:00:00,0.0,0.0,0.0,0.0,0.0,0.0,0.0,0.0 
 09/12  21:00:00,0.0,0.0,0.0,0.0,0.0,0.0,0.0,0.0 
 09/12  22:00:00,0.0,0.0,0.0,0.0,0.0,0.0,0.0,0.0 
 09/12  23:00:00,0.0,0.0,0.0,0.0,0.0,0.0,0.0,0.0 
 09/12  24:00:00,0.0,0.0,0.0,0.0,0.0,0.0,0.0,0.0 
 09/13  01:00:00,0.0,0.0,0.0,0.0,0.0,0.0,0.0,0.0 
 09/13  02:00:00,0.0,0.0,0.0,0.0,0.0,0.0,0.0,0.0 
 09/13  03:00:00,0.0,0.0,0.0,0.0,0.0,0.0,0.0,0.0 
 09/13  04:00:00,0.0,0.0,0.0,0.0,0.0,0.0,0.0,0.0 
 09/13  05:00:00,0.0,0.0,0.0,0.0,0.0,0.0,0.0,0.0 
 09/13  06:00:00,0.0,0.0,0.0,0.0,0.0,0.0,0.0,0.0 
 09/13  07:00:00,0.0,0.0,0.0,0.0,0.0,0.0,0.0,0.0 
 09/13  08:00:00,0.0,0.0,0.0,0.0,0.0,0.0,0.0,0.0 
 09/13  09:00:00,0.0,0.0,0.0,0.0,0.0,0.0,0.0,0.0 
 09/13  10:00:00,0.0,0.0,0.0,0.0,0.0,0.0,0.0,0.0 
 09/13  11:00:00,0.0,0.0,0.0,0.0,0.0,0.0,0.0,0.0 
 09/13  12:00:00,0.0,0.0,0.0,0.0,0.0,0.0,0.0,0.0 
 09/13  13:00:00,0.0,0.0,0.0,0.0,0.0,0.0,0.0,0.0 
 09/13  14:00:00,0.0,0.0,0.0,0.0,0.0,0.0,0.0,0.0 
 09/13  15:00:00,0.0,0.0,0.0,0.0,0.0,0.0,0.0,0.0 
 09/13  16:00:00,0.0,0.0,0.0,0.0,0.0,0.0,0.0,0.0 
 09/13  17:00:00,0.0,0.0,0.0,0.0,0.0,0.0,0.0,0.0 
 09/13  18:00:00,0.0,0.0,0.0,0.0,0.0,0.0,0.0,0.0 
 09/13  19:00:00,0.0,0.0,0.0,0.0,0.0,0.0,0.0,0.0 
 09/13  20:00:00,0.0,0.0,0.0,0.0,0.0,0.0,0.0,0.0 
 09/13  21:00:00,0.0,0.0,0.0,0.0,0.0,0.0,0.0,0.0 
 09/13  22:00:00,0.0,0.0,0.0,0.0,0.0,0.0,0.0,0.0 
 09/13  23:00:00,0.0,0.0,0.0,0.0,0.0,0.0,0.0,0.0 
 09/13  24:00:00,176308.78216184647,0.0,0.0,0.0,0.0,0.0,0.0,239949.10352608276 
 09/14  01:00:00,846986.986098913,0.0,0.0,0.0,0.0,0.0,0.0,1571036.5510956617 
 09/14  02:00:00,1205201.3374436835,0.0,0.0,0.0,0.0,0.0,0.0,2309314.847542177 
 09/14  03:00:00,1485450.3943895735,0.0,0.0,0.0,0.0,0.0,0.0,2892240.8120211917 
 09/14  04:00:00,1710521.922133837,38468.20225711854,0.0,0.0,0.0,0.0,0.0,3318819.483061106 
 09/14  05:00:00,1947482.339822491,378590.8090974277,0.0,0.0,0.0,0.0,80307.9160651396,3718246.812132514 
 09/14  06:00:00,2172354.3211642127,729563.1206017818,72071.69255050104,0.0,0.0,0.0,511953.79339098145,4121339.450506422 
 09/14  07:00:00,2332274.8252477003,996507.4581586218,393009.94039556826,126350.10228839965,75474.09305503388,197616.53329578694,874099.6857892738,4436220.057905346 
 09/14  08:00:00,2021235.1798049933,800355.8826490772,308848.9268696519,127331.4504813592,98043.47990947135,193114.1797662582,753006.6636624878,3622543.9227535157 
 09/14  09:00:00,533875.3251786737,28989.127259551606,0.0,0.0,0.0,0.0,26356.15602363978,615344.4358406428 
 09/14  10:00:00,0.0,0.0,0.0,0.0,0.0,0.0,0.0,0.0 
 09/14  11:00:00,0.0,0.0,0.0,0.0,0.0,0.0,0.0,0.0 
 09/14  12:00:00,0.0,0.0,0.0,0.0,0.0,0.0,0.0,0.0 
 09/14  13:00:00,0.0,0.0,0.0,0.0,0.0,0.0,0.0,0.0 
 09/14  14:00:00,0.0,0.0,0.0,0.0,0.0,0.0,0.0,0.0 
 09/14  15:00:00,0.0,0.0,0.0,0.0,0.0,0.0,0.0,0.0 
 09/14  16:00:00,0.0,0.0,0.0,0.0,0.0,0.0,0.0,0.0 
 09/14  17:00:00,0.0,0.0,0.0,0.0,0.0,0.0,0.0,0.0 
 09/14  18:00:00,0.0,0.0,0.0,0.0,0.0,0.0,0.0,0.0 
 09/14  19:00:00,0.0,0.0,0.0,0.0,0.0,0.0,0.0,0.0 
 09/14  20:00:00,0.0,0.0,0.0,0.0,0.0,0.0,0.0,0.0 
 09/14  21:00:00,0.0,0.0,0.0,0.0,0.0,0.0,0.0,0.0 
 09/14  22:00:00,0.0,0.0,0.0,0.0,0.0,0.0,0.0,0.0 
 09/14  23:00:00,0.0,0.0,0.0,0.0,0.0,0.0,0.0,0.0 
 09/14  24:00:00,0.0,0.0,0.0,0.0,0.0,0.0,0.0,0.0 
 09/15  01:00:00,0.0,0.0,0.0,0.0,0.0,0.0,0.0,0.0 
 09/15  02:00:00,0.0,0.0,0.0,0.0,0.0,0.0,0.0,0.0 
 09/15  03:00:00,0.0,0.0,0.0,0.0,0.0,0.0,0.0,0.0 
 09/15  04:00:00,63919.41280627071,0.0,0.0,0.0,0.0,0.0,0.0,934073.2875538901 
 09/15  05:00:00,626463.9261497229,0.0,0.0,0.0,0.0,0.0,0.0,2575403.6738035767 
 09/15  06:00:00,1280489.3532161661,0.0,0.0,0.0,0.0,0.0,0.0,3990164.769549614 
 09/15  07:00:00,1620184.6336949544,0.0,0.0,0.0,0.0,0.0,0.0,4582415.293149863 
 09/15  08:00:00,1444814.6342883238,0.0,0.0,0.0,0.0,0.0,0.0,3779939.865376586 
 09/15  09:00:00,106539.7758756837,0.0,0.0,0.0,0.0,0.0,0.0,176278.7061348179 
 09/15  10:00:00,0.0,0.0,0.0,0.0,0.0,0.0,0.0,0.0 
 09/15  11:00:00,0.0,0.0,0.0,0.0,0.0,0.0,0.0,0.0 
 09/15  12:00:00,0.0,0.0,0.0,0.0,0.0,0.0,0.0,0.0 
 09/15  13:00:00,0.0,0.0,0.0,0.0,0.0,0.0,0.0,0.0 
 09/15  14:00:00,0.0,0.0,0.0,0.0,0.0,0.0,0.0,0.0 
 09/15  15:00:00,0.0,0.0,0.0,0.0,0.0,0.0,0.0,0.0 
 09/15  16:00:00,0.0,0.0,0.0,0.0,0.0,0.0,0.0,0.0 
 09/15  17:00:00,0.0,0.0,0.0,0.0,0.0,0.0,0.0,0.0 
 09/15  18:00:00,0.0,0.0,0.0,0.0,0.0,0.0,0.0,0.0 
 09/15  19:00:00,0.0,0.0,0.0,0.0,0.0,0.0,0.0,0.0 
 09/15  20:00:00,0.0,0.0,0.0,0.0,0.0,0.0,0.0,0.0 
 09/15  21:00:00,0.0,0.0,0.0,0.0,0.0,0.0,0.0,0.0 
 09/15  22:00:00,0.0,0.0,0.0,0.0,0.0,0.0,0.0,0.0 
 09/15  23:00:00,0.0,0.0,0.0,0.0,0.0,0.0,0.0,0.0 
 09/15  24:00:00,0.0,0.0,0.0,0.0,0.0,0.0,0.0,0.0 
 09/16  01:00:00,0.0,0.0,0.0,0.0,0.0,0.0,0.0,0.0 
 09/16  02:00:00,0.0,0.0,0.0,0.0,0.0,0.0,0.0,0.0 
 09/16  03:00:00,0.0,0.0,0.0,0.0,0.0,0.0,0.0,0.0 
 09/16  04:00:00,0.0,0.0,0.0,0.0,0.0,0.0,0.0,0.0 
 09/16  05:00:00,0.0,0.0,0.0,0.0,0.0,0.0,0.0,0.0 
 09/16  06:00:00,0.0,0.0,0.0,0.0,0.0,0.0,0.0,0.0 
 09/16  07:00:00,0.0,0.0,0.0,0.0,0.0,0.0,0.0,0.0 
 09/16  08:00:00,0.0,0.0,0.0,0.0,0.0,0.0,0.0,0.0 
 09/16  09:00:00,0.0,0.0,0.0,0.0,0.0,0.0,0.0,0.0 
 09/16  10:00:00,0.0,0.0,0.0,0.0,0.0,0.0,0.0,0.0 
 09/16  11:00:00,0.0,0.0,0.0,0.0,0.0,0.0,0.0,0.0 
 09/16  12:00:00,0.0,0.0,0.0,0.0,0.0,0.0,0.0,0.0 
 09/16  13:00:00,0.0,0.0,0.0,0.0,0.0,0.0,0.0,0.0 
 09/16  14:00:00,0.0,0.0,0.0,0.0,0.0,0.0,0.0,0.0 
 09/16  15:00:00,0.0,0.0,0.0,0.0,0.0,0.0,0.0,0.0 
 09/16  16:00:00,0.0,0.0,0.0,0.0,0.0,0.0,0.0,0.0 
 09/16  17:00:00,0.0,0.0,0.0,0.0,0.0,0.0,0.0,0.0 
 09/16  18:00:00,0.0,0.0,0.0,0.0,0.0,0.0,0.0,0.0 
 09/16  19:00:00,0.0,0.0,0.0,0.0,0.0,0.0,0.0,0.0 
 09/16  20:00:00,0.0,0.0,0.0,0.0,0.0,0.0,0.0,0.0 
 09/16  21:00:00,0.0,0.0,0.0,0.0,0.0,0.0,0.0,0.0 
 09/16  22:00:00,0.0,0.0,0.0,0.0,0.0,0.0,0.0,0.0 
 09/16  23:00:00,0.0,0.0,0.0,0.0,0.0,0.0,0.0,0.0 
 09/16  24:00:00,0.0,0.0,0.0,0.0,0.0,0.0,0.0,0.0 
 09/17  01:00:00,0.0,0.0,0.0,0.0,0.0,0.0,0.0,0.0 
 09/17  02:00:00,0.0,0.0,0.0,0.0,0.0,0.0,0.0,0.0 
 09/17  03:00:00,0.0,0.0,0.0,0.0,0.0,0.0,0.0,0.0 
 09/17  04:00:00,0.0,0.0,0.0,0.0,0.0,0.0,0.0,0.0 
 09/17  05:00:00,0.0,0.0,0.0,0.0,0.0,0.0,0.0,0.0 
 09/17  06:00:00,0.0,0.0,0.0,0.0,0.0,0.0,0.0,0.0 
 09/17  07:00:00,0.0,0.0,0.0,0.0,0.0,0.0,0.0,0.0 
 09/17  08:00:00,0.0,0.0,0.0,0.0,0.0,0.0,0.0,0.0 
 09/17  09:00:00,0.0,0.0,0.0,0.0,0.0,0.0,0.0,0.0 
 09/17  10:00:00,0.0,0.0,0.0,0.0,0.0,0.0,0.0,0.0 
 09/17  11:00:00,0.0,0.0,0.0,0.0,0.0,0.0,0.0,0.0 
 09/17  12:00:00,0.0,0.0,0.0,0.0,0.0,0.0,0.0,0.0 
 09/17  13:00:00,0.0,0.0,0.0,0.0,0.0,0.0,0.0,0.0 
 09/17  14:00:00,0.0,0.0,0.0,0.0,0.0,0.0,0.0,0.0 
 09/17  15:00:00,0.0,0.0,0.0,0.0,0.0,0.0,0.0,0.0 
 09/17  16:00:00,0.0,0.0,0.0,0.0,0.0,0.0,0.0,0.0 
 09/17  17:00:00,0.0,0.0,0.0,0.0,0.0,0.0,0.0,0.0 
 09/17  18:00:00,0.0,0.0,0.0,0.0,0.0,0.0,0.0,0.0 
 09/17  19:00:00,0.0,0.0,0.0,0.0,0.0,0.0,0.0,0.0 
 09/17  20:00:00,0.0,0.0,0.0,0.0,0.0,0.0,0.0,0.0 
 09/17  21:00:00,0.0,0.0,0.0,0.0,0.0,0.0,0.0,0.0 
 09/17  22:00:00,0.0,0.0,0.0,0.0,0.0,0.0,0.0,0.0 
 09/17  23:00:00,0.0,0.0,0.0,0.0,0.0,0.0,0.0,0.0 
 09/17  24:00:00,0.0,0.0,0.0,0.0,0.0,0.0,0.0,0.0 
 09/18  01:00:00,0.0,0.0,0.0,0.0,0.0,0.0,0.0,0.0 
 09/18  02:00:00,0.0,0.0,0.0,0.0,0.0,0.0,0.0,0.0 
 09/18  03:00:00,0.0,0.0,0.0,0.0,0.0,0.0,0.0,0.0 
 09/18  04:00:00,0.0,0.0,0.0,0.0,0.0,0.0,0.0,0.0 
 09/18  05:00:00,0.0,0.0,0.0,0.0,0.0,0.0,0.0,0.0 
 09/18  06:00:00,0.0,0.0,0.0,0.0,0.0,0.0,0.0,0.0 
 09/18  07:00:00,0.0,0.0,0.0,0.0,0.0,0.0,0.0,0.0 
 09/18  08:00:00,0.0,0.0,0.0,0.0,0.0,0.0,0.0,0.0 
 09/18  09:00:00,0.0,0.0,0.0,0.0,0.0,0.0,0.0,0.0 
 09/18  10:00:00,0.0,0.0,0.0,0.0,0.0,0.0,0.0,0.0 
 09/18  11:00:00,0.0,0.0,0.0,0.0,0.0,0.0,0.0,0.0 
 09/18  12:00:00,0.0,0.0,0.0,0.0,0.0,0.0,0.0,0.0 
 09/18  13:00:00,0.0,0.0,0.0,0.0,0.0,0.0,0.0,0.0 
 09/18  14:00:00,0.0,0.0,0.0,0.0,0.0,0.0,0.0,0.0 
 09/18  15:00:00,0.0,0.0,0.0,0.0,0.0,0.0,0.0,0.0 
 09/18  16:00:00,0.0,0.0,0.0,0.0,0.0,0.0,0.0,0.0 
 09/18  17:00:00,0.0,0.0,0.0,0.0,0.0,0.0,0.0,0.0 
 09/18  18:00:00,0.0,0.0,0.0,0.0,0.0,0.0,0.0,0.0 
 09/18  19:00:00,0.0,0.0,0.0,0.0,0.0,0.0,0.0,0.0 
 09/18  20:00:00,0.0,0.0,0.0,0.0,0.0,0.0,0.0,0.0 
 09/18  21:00:00,0.0,0.0,0.0,0.0,0.0,0.0,0.0,0.0 
 09/18  22:00:00,0.0,0.0,0.0,0.0,0.0,0.0,0.0,0.0 
 09/18  23:00:00,0.0,0.0,0.0,0.0,0.0,0.0,0.0,0.0 
 09/18  24:00:00,0.0,0.0,0.0,0.0,0.0,0.0,0.0,0.0 
 09/19  01:00:00,0.0,0.0,0.0,0.0,0.0,0.0,0.0,0.0 
 09/19  02:00:00,0.0,0.0,0.0,0.0,0.0,0.0,0.0,0.0 
 09/19  03:00:00,0.0,0.0,0.0,0.0,0.0,0.0,0.0,0.0 
 09/19  04:00:00,0.0,0.0,0.0,0.0,0.0,0.0,0.0,139992.0588789886 
 09/19  05:00:00,246465.30024813255,0.0,0.0,0.0,0.0,0.0,0.0,1508629.5201837886 
 09/19  06:00:00,892950.4319617641,0.0,0.0,0.0,0.0,0.0,0.0,2856167.5919259912 
 09/19  07:00:00,1481911.5338668446,0.0,0.0,0.0,0.0,0.0,0.0,3839998.7128614597 
 09/19  08:00:00,1444755.9142502712,0.0,0.0,0.0,0.0,0.0,0.0,3427063.266450155 
 09/19  09:00:00,268818.6456014969,0.0,0.0,0.0,0.0,0.0,0.0,418621.6214713787 
 09/19  10:00:00,0.0,0.0,0.0,0.0,0.0,0.0,0.0,0.0 
 09/19  11:00:00,0.0,0.0,0.0,0.0,0.0,0.0,0.0,0.0 
 09/19  12:00:00,0.0,0.0,0.0,0.0,0.0,0.0,0.0,0.0 
 09/19  13:00:00,0.0,0.0,0.0,0.0,0.0,0.0,0.0,0.0 
 09/19  14:00:00,0.0,0.0,0.0,0.0,0.0,0.0,0.0,0.0 
 09/19  15:00:00,0.0,0.0,0.0,0.0,0.0,0.0,0.0,0.0 
 09/19  16:00:00,0.0,0.0,0.0,0.0,0.0,0.0,0.0,0.0 
 09/19  17:00:00,0.0,0.0,0.0,0.0,0.0,0.0,0.0,0.0 
 09/19  18:00:00,0.0,0.0,0.0,0.0,0.0,0.0,0.0,0.0 
 09/19  19:00:00,0.0,0.0,0.0,0.0,0.0,0.0,0.0,0.0 
 09/19  20:00:00,0.0,0.0,0.0,0.0,0.0,0.0,0.0,0.0 
 09/19  21:00:00,0.0,0.0,0.0,0.0,0.0,0.0,0.0,0.0 
 09/19  22:00:00,0.0,0.0,0.0,0.0,0.0,0.0,0.0,0.0 
 09/19  23:00:00,0.0,0.0,0.0,0.0,0.0,0.0,0.0,0.0 
 09/19  24:00:00,0.0,0.0,0.0,0.0,0.0,0.0,0.0,0.0 
 09/20  01:00:00,0.0,0.0,0.0,0.0,0.0,0.0,0.0,0.0 
 09/20  02:00:00,519104.17072444106,0.0,0.0,0.0,0.0,0.0,0.0,1105913.4843698486 
 09/20  03:00:00,1427702.781794542,0.0,0.0,0.0,0.0,0.0,0.0,3450178.2394838533 
 09/20  04:00:00,2501857.4548946684,233322.85624951767,0.0,0.0,0.0,0.0,0.0,5626696.795194874 
 09/20  05:00:00,3212851.2899148716,1170070.819951236,259218.1685661577,48948.096880395315,0.0,36251.321924825614,487706.93632364273,7155988.574721326 
 09/20  06:00:00,3740443.605022463,1978643.5288557229,1264828.1357298053,973290.4789625144,903848.7663573397,966881.4192975101,1631610.3487739717,7971272.242153369 
 09/20  07:00:00,4360386.067929243,2838121.62010914,2186801.414097498,1948023.2234617407,1889089.958453366,1965896.7963364748,2669122.9799757143,8969225.344307162 
 09/20  08:00:00,4086834.4196843402,2748114.7324426435,2216885.9728145837,2021484.313289783,1978064.9173864266,2061899.3981158768,2710916.089905566,8129772.212555908 
 09/20  09:00:00,1476783.9274955539,594009.7323682088,374942.6400307421,299301.6046846475,286700.7264880347,320959.3251324419,531965.2858513902,2061956.2656749447 
 09/20  10:00:00,0.0,0.0,0.0,0.0,0.0,0.0,0.0,0.0 
 09/20  11:00:00,0.0,0.0,0.0,0.0,0.0,0.0,0.0,0.0 
 09/20  12:00:00,0.0,0.0,0.0,0.0,0.0,0.0,0.0,0.0 
 09/20  13:00:00,0.0,0.0,0.0,0.0,0.0,0.0,0.0,0.0 
 09/20  14:00:00,0.0,0.0,0.0,0.0,0.0,0.0,0.0,0.0 
 09/20  15:00:00,0.0,0.0,0.0,0.0,0.0,0.0,0.0,0.0 
 09/20  16:00:00,0.0,0.0,0.0,0.0,0.0,0.0,0.0,0.0 
 09/20  17:00:00,0.0,0.0,0.0,0.0,0.0,0.0,0.0,0.0 
 09/20  18:00:00,0.0,0.0,0.0,0.0,0.0,0.0,0.0,0.0 
 09/20  19:00:00,0.0,0.0,0.0,0.0,0.0,0.0,0.0,0.0 
 09/20  20:00:00,0.0,0.0,0.0,0.0,0.0,0.0,0.0,0.0 
 09/20  21:00:00,0.0,0.0,0.0,0.0,0.0,0.0,0.0,0.0 
 09/20  22:00:00,0.0,0.0,0.0,0.0,0.0,0.0,0.0,0.0 
 09/20  23:00:00,0.0,0.0,0.0,0.0,0.0,0.0,0.0,0.0 
 09/20  24:00:00,0.0,0.0,0.0,0.0,0.0,0.0,0.0,0.0 
 09/21  01:00:00,0.0,0.0,0.0,0.0,0.0,0.0,0.0,0.0 
 09/21  02:00:00,0.0,0.0,0.0,0.0,0.0,0.0,0.0,0.0 
 09/21  03:00:00,0.0,0.0,0.0,0.0,0.0,0.0,0.0,0.0 
 09/21  04:00:00,0.0,0.0,0.0,0.0,0.0,0.0,0.0,0.0 
 09/21  05:00:00,0.0,0.0,0.0,0.0,0.0,0.0,0.0,0.0 
 09/21  06:00:00,0.0,0.0,0.0,0.0,0.0,0.0,0.0,0.0 
 09/21  07:00:00,0.0,0.0,0.0,0.0,0.0,0.0,0.0,0.0 
 09/21  08:00:00,0.0,0.0,0.0,0.0,0.0,0.0,0.0,0.0 
 09/21  09:00:00,0.0,0.0,0.0,0.0,0.0,0.0,0.0,0.0 
 09/21  10:00:00,0.0,0.0,0.0,0.0,0.0,0.0,0.0,0.0 
 09/21  11:00:00,0.0,0.0,0.0,0.0,0.0,0.0,0.0,0.0 
 09/21  12:00:00,0.0,0.0,0.0,0.0,0.0,0.0,0.0,0.0 
 09/21  13:00:00,0.0,0.0,0.0,0.0,0.0,0.0,0.0,0.0 
 09/21  14:00:00,0.0,0.0,0.0,0.0,0.0,0.0,0.0,0.0 
 09/21  15:00:00,0.0,0.0,0.0,0.0,0.0,0.0,0.0,0.0 
 09/21  16:00:00,0.0,0.0,0.0,0.0,0.0,0.0,0.0,0.0 
 09/21  17:00:00,0.0,0.0,0.0,0.0,0.0,0.0,0.0,0.0 
 09/21  18:00:00,0.0,0.0,0.0,0.0,0.0,0.0,0.0,0.0 
 09/21  19:00:00,0.0,0.0,0.0,0.0,0.0,0.0,0.0,0.0 
 09/21  20:00:00,0.0,0.0,0.0,0.0,0.0,0.0,0.0,0.0 
 09/21  21:00:00,0.0,0.0,0.0,0.0,0.0,0.0,0.0,0.0 
 09/21  22:00:00,0.0,0.0,0.0,0.0,0.0,0.0,0.0,0.0 
 09/21  23:00:00,0.0,0.0,0.0,0.0,0.0,0.0,0.0,0.0 
 09/21  24:00:00,0.0,0.0,0.0,0.0,0.0,0.0,0.0,0.0 
 09/22  01:00:00,301623.11954975454,0.0,0.0,0.0,0.0,0.0,0.0,1138425.7183562734 
 09/22  02:00:00,912781.0319595593,0.0,0.0,0.0,0.0,0.0,0.0,2238917.778570959 
 09/22  03:00:00,1455479.321878584,0.0,0.0,0.0,0.0,0.0,0.0,2723958.9624786796 
 09/22  04:00:00,1938632.6599884562,155784.79759546753,0.0,0.0,0.0,0.0,0.0,3476849.931682988 
 09/22  05:00:00,2478349.8518537437,868664.7639633201,237006.48856005137,102734.22204553935,92090.55989327026,147859.86530773662,647699.5424581124,4645274.682665382 
 09/22  06:00:00,2884474.108290892,1431823.6780049135,867983.5454099084,683038.2961577066,664650.7041666104,776693.3437345682,1351579.6563175,5625236.694371056 
 09/22  07:00:00,3242972.7112549706,1915070.156291145,1402853.661039492,1236383.3285544622,1222354.4421536224,1330939.4806759665,1939508.0462157466,6694477.086411556 
 09/22  08:00:00,3271044.302813735,2056694.0322498444,1635030.400742678,1498939.6897531333,1492571.4718161372,1598842.8958563514,2171514.9143993547,6647019.536151968 
 09/22  09:00:00,1556948.3316982223,616544.4264328342,415288.962192263,364949.0453644379,374140.0299183428,437489.1586680767,720854.7935547045,2379627.5847046743 
 09/22  10:00:00,44871.04719935014,0.0,0.0,0.0,0.0,0.0,0.0,0.0 
 09/22  11:00:00,0.0,0.0,0.0,0.0,0.0,0.0,0.0,0.0 
 09/22  12:00:00,0.0,0.0,0.0,0.0,0.0,0.0,0.0,0.0 
 09/22  13:00:00,0.0,0.0,0.0,0.0,0.0,0.0,0.0,0.0 
 09/22  14:00:00,0.0,0.0,0.0,0.0,0.0,0.0,0.0,0.0 
 09/22  15:00:00,0.0,0.0,0.0,0.0,0.0,0.0,0.0,0.0 
 09/22  16:00:00,0.0,0.0,0.0,0.0,0.0,0.0,0.0,0.0 
 09/22  17:00:00,0.0,0.0,0.0,0.0,0.0,0.0,0.0,0.0 
 09/22  18:00:00,0.0,0.0,0.0,0.0,0.0,0.0,0.0,0.0 
 09/22  19:00:00,0.0,0.0,0.0,0.0,0.0,0.0,0.0,0.0 
 09/22  20:00:00,132512.2033391337,0.0,0.0,0.0,0.0,0.0,0.0,0.0 
 09/22  21:00:00,1021729.4078075036,0.0,0.0,0.0,0.0,0.0,0.0,1164472.5338344024 
 09/22  22:00:00,1808686.3123065052,219936.86390782386,0.0,0.0,0.0,0.0,62194.71477094194,2923494.097360122 
 09/22  23:00:00,2395680.6977139483,942049.8191757813,570733.2090200813,492723.38328749035,542734.2306845065,612571.0566134178,798153.4328856055,4295364.258921828 
 09/22  24:00:00,2948384.741374473,1680226.2292887536,1327675.5163513576,1277708.3002217347,1313640.8352020516,1375412.6613672418,1668639.257618245,5700675.394556649 
 09/23  01:00:00,3511315.186805725,2379485.2492099297,2067812.6426313045,2021548.4560354408,2054628.6010538854,2120197.052014119,2467761.5057637175,6658703.183305601 
 09/23  02:00:00,3943184.6996142864,2884177.0891649853,2614379.490184371,2571913.098729255,2599363.098756758,2664191.5678083054,3040651.85816494,7351644.60547764 
 09/23  03:00:00,4344470.438669461,3307901.6147493985,3081111.646337808,3042420.993481155,3063305.995449069,3125615.546895732,3527163.6987407533,8263990.666961181 
 09/23  04:00:00,4920955.321816752,3925316.9767513378,3693636.1235105293,3655759.9264798006,3673686.930535695,3739817.0814903085,4191411.1450233907,9337369.443154056 
 09/23  05:00:00,5487687.281170651,4558199.333698555,4334368.249798725,4296006.679676464,4314608.840533506,4385727.865027935,4885655.94936017,10463939.384764502 
 09/23  06:00:00,5935604.544224685,5079210.923761315,4871125.133434397,4834824.842369041,4852528.747827443,4927511.8812664375,5476467.395784898,11598478.27328304 
 09/23  07:00:00,6255021.591548125,5467375.7031632215,5277982.367509967,5245402.583120593,5262931.231296685,5340704.09147006,5915561.703373538,12196348.720743574 
 09/23  08:00:00,6132653.284134552,5410933.70179581,5249867.991879358,5228101.318953072,5250414.922411381,5330935.915453045,5882375.871894597,11502694.654827561 
 09/23  09:00:00,3948061.5207450795,3272827.4495571665,3167914.7538191406,3177670.708223129,3219074.8152673333,3300737.896815893,3675138.686651448,6346640.39005181 
 09/23  10:00:00,778686.2031439,321525.3349490886,296613.55352357787,316643.5543671367,346535.11143239593,390358.29817302,474831.9394025806,516352.5830631028 
 09/23  11:00:00,0.0,0.0,0.0,0.0,0.0,0.0,0.0,0.0 
 09/23  12:00:00,0.0,0.0,0.0,0.0,0.0,0.0,0.0,0.0 
 09/23  13:00:00,0.0,0.0,0.0,0.0,0.0,0.0,0.0,0.0 
 09/23  14:00:00,0.0,0.0,0.0,0.0,0.0,0.0,0.0,0.0 
 09/23  15:00:00,0.0,0.0,0.0,0.0,0.0,0.0,0.0,0.0 
 09/23  16:00:00,0.0,0.0,0.0,0.0,0.0,0.0,0.0,0.0 
 09/23  17:00:00,0.0,0.0,0.0,0.0,0.0,0.0,0.0,0.0 
 09/23  18:00:00,0.0,0.0,0.0,0.0,0.0,0.0,0.0,0.0 
 09/23  19:00:00,0.0,0.0,0.0,0.0,0.0,0.0,0.0,0.0 
 09/23  20:00:00,917028.4572705568,0.0,0.0,0.0,0.0,0.0,0.0,690229.8387632996 
 09/23  21:00:00,2443976.0705109714,1099842.1202508952,827490.9533909943,847443.8684586829,911662.5825111143,921800.5417287598,869060.673387839,3602843.1881865007 
 09/23  22:00:00,3544714.294536847,2343267.279913098,2114926.377542138,2130143.7121283673,2182411.9549346846,2199198.63545493,2285446.295578705,5941849.039527177 
 09/23  23:00:00,4597640.13227145,3559977.437575246,3351258.7355169235,3359542.771352348,3403143.8798092552,3428069.7658492634,3626338.9517515944,8089946.078146138 
 09/23  24:00:00,5180679.787067016,4220706.767232781,4040300.4708216004,4043095.5427641342,4077929.795041833,4109400.1750951377,4389831.917637993,9273349.351474155 
 09/24  01:00:00,5672864.263077809,4727741.339922327,4564110.750838609,4561689.437592869,4589667.046385479,4626408.135075073,4970067.153152289,10332020.80219898 
 09/24  02:00:00,6282983.771346352,5385157.813476135,5215520.424283377,5210776.725753327,5238134.3398174,5281390.010805177,5687195.617592303,11610472.391178943 
 09/24  03:00:00,6742813.135231728,5906870.433094351,5743316.210514531,5735969.999277457,5760633.4626904065,5809253.561357818,6269175.549031894,12594899.244855162 
 09/24  04:00:00,7079256.042514534,6308442.5906973425,6155022.949230563,6146030.124128325,6168118.903991373,6221507.783232123,6725254.213597764,13315923.290767018 
 09/24  05:00:00,7369697.834348567,6661842.362834071,6519503.477772107,6509200.983560395,6528765.468786024,6586274.445929325,7127983.693680945,13946689.800821839 
 09/24  06:00:00,7734991.407021279,7088549.895132381,6957725.684293824,6946719.666211469,6964217.715028167,7025720.530914645,7604392.768615001,14696924.303931978 
 09/24  07:00:00,8116904.474352968,7529244.39280542,7410506.077712483,7399806.621988714,7416089.177742752,7481579.033902977,8092514.623666767,15421679.434997065 
 09/24  08:00:00,8053638.3269209005,7532555.319763926,7442054.015319396,7443778.596261313,7467919.472522555,7541786.643783345,8151800.654762736,15094167.616767459 
 09/24  09:00:00,5426114.872282501,4948553.870446735,4927644.649140393,4976139.82278989,5034301.63914024,5124903.968028126,5571362.01061331,9355487.067995418 
 09/24  10:00:00,1831716.5503521655,1344128.7377159023,1373886.39511114,1460036.17240975,1546324.959502068,1635157.6913888524,1788028.664138196,2009369.1965774575 
 09/24  11:00:00,29288.890887795424,0.0,0.0,0.0,0.0,7413.867792538078,12834.937842789805,0.0 
 09/24  12:00:00,0.0,0.0,0.0,0.0,0.0,0.0,0.0,0.0 
 09/24  13:00:00,0.0,0.0,0.0,0.0,0.0,0.0,0.0,0.0 
 09/24  14:00:00,0.0,0.0,0.0,0.0,0.0,0.0,0.0,0.0 
 09/24  15:00:00,0.0,0.0,0.0,0.0,0.0,0.0,0.0,0.0 
 09/24  16:00:00,0.0,0.0,0.0,0.0,0.0,0.0,0.0,0.0 
 09/24  17:00:00,0.0,0.0,0.0,0.0,0.0,0.0,0.0,0.0 
 09/24  18:00:00,0.0,0.0,0.0,0.0,0.0,0.0,0.0,0.0 
 09/24  19:00:00,0.0,0.0,0.0,0.0,0.0,0.0,0.0,0.0 
 09/24  20:00:00,0.0,0.0,0.0,0.0,0.0,0.0,0.0,0.0 
 09/24  21:00:00,0.0,0.0,0.0,0.0,0.0,0.0,0.0,0.0 
 09/24  22:00:00,152472.9746716912,0.0,0.0,0.0,0.0,0.0,0.0,0.0 
 09/24  23:00:00,1326747.6841254728,0.0,0.0,0.0,0.0,0.0,0.0,1769340.9046858158 
 09/24  24:00:00,2821420.5805202164,987093.5788640723,527067.5195737422,462230.3994840797,453642.97910370806,399878.79900747794,380264.6210099221,4877219.277040144 
 09/25  01:00:00,4187092.5102540995,2574458.635829401,2168657.033446158,2101570.978953167,2095095.2178353416,2045004.7861472138,2165003.525821229,7809338.9808233 
 09/25  02:00:00,5116832.348191673,3773501.5112903067,3406840.2001606505,3345855.516206175,3342062.0257468186,3317244.4803453907,3600679.136558627,10025460.452502081 
 09/25  03:00:00,5913719.740687558,4771690.785947779,4459053.978847177,4406213.775020561,4404628.663923156,4401209.467933529,4793864.34946079,11596431.944867905 
 09/25  04:00:00,6514182.306437279,5461934.67773001,5207544.759904901,5162355.71882932,5162113.015704239,5176279.692294476,5644814.158118295,12820288.46948148 
 09/25  05:00:00,6945010.946720921,5930755.311265651,5702414.039453425,5664191.7886664895,5664758.344293406,5692982.9372602105,6216407.78734308,13872189.844629398 
 09/25  06:00:00,7474573.950131821,6537032.357321424,6310267.606848492,6270309.116253723,6271298.0351876905,6307202.206392828,6896892.406253774,15032162.82474995 
 09/25  07:00:00,7996609.759638031,7148117.978144864,6938613.017736459,6901430.6014653845,6903811.635293487,6948634.4399902765,7591204.424270182,16044485.634825988 
 09/25  08:00:00,7682836.773792594,6908397.609887917,6728163.6226338325,6701393.742998555,6710112.59614402,6762327.247802987,7369119.368046828,14607471.603534218 
 09/25  09:00:00,4625438.41685323,3846010.1987671177,3700088.680990612,3688586.1198890726,3705601.977900846,3749999.2918859497,4093760.209242243,6863413.296474818 
 09/25  10:00:00,941432.5188278642,453259.3534191867,388515.7039196987,384865.3586685905,392803.34400274156,404118.4242971942,446040.6432327859,533174.1506949605 
 09/25  11:00:00,0.0,0.0,0.0,0.0,0.0,0.0,0.0,0.0 
 09/25  12:00:00,0.0,0.0,0.0,0.0,0.0,0.0,0.0,0.0 
 09/25  13:00:00,0.0,0.0,0.0,0.0,0.0,0.0,0.0,0.0 
 09/25  14:00:00,0.0,0.0,0.0,0.0,0.0,0.0,0.0,0.0 
 09/25  15:00:00,0.0,0.0,0.0,0.0,0.0,0.0,0.0,0.0 
 09/25  16:00:00,0.0,0.0,0.0,0.0,0.0,0.0,0.0,0.0 
 09/25  17:00:00,0.0,0.0,0.0,0.0,0.0,0.0,0.0,0.0 
 09/25  18:00:00,0.0,0.0,0.0,0.0,0.0,0.0,0.0,0.0 
 09/25  19:00:00,0.0,0.0,0.0,0.0,0.0,0.0,0.0,0.0 
 09/25  20:00:00,0.0,0.0,0.0,0.0,0.0,0.0,0.0,0.0 
 09/25  21:00:00,0.0,0.0,0.0,0.0,0.0,0.0,0.0,0.0 
 09/25  22:00:00,0.0,0.0,0.0,0.0,0.0,0.0,0.0,0.0 
 09/25  23:00:00,355186.4562681847,0.0,0.0,0.0,0.0,0.0,0.0,0.0 
 09/25  24:00:00,1704016.6667799163,0.0,0.0,0.0,0.0,0.0,0.0,2408916.3369586985 
 09/26  01:00:00,3105422.0688789473,1018163.2809916206,399731.03591888945,277141.6326280873,234781.75454608718,171479.24929377768,194249.53371632437,5563141.141193569 
 09/26  02:00:00,4328605.950976587,2511973.714118042,1966085.0998039679,1799592.3818878904,1728932.3293865628,1623624.7608354706,1766161.717782778,8383298.77617106 
 09/26  03:00:00,5219365.550932359,3695288.6045896877,3194336.4938426143,3055285.639064703,2999338.3037077673,2937334.609008735,3257726.0196884107,10309533.742791075 
 09/26  04:00:00,5895872.175480189,4611705.209396087,4181851.2384104696,4059726.124045863,4012077.4927133615,3976660.0961918365,4403083.314374737,11567475.080959935 
 09/26  05:00:00,6428016.231743279,5271666.202413733,4914235.460683659,4810252.080752799,4771258.707742229,4758853.279334088,5255587.718393967,12580386.929276597 
 09/26  06:00:00,6927892.89191546,5821909.038788054,5533824.618999036,5451556.615201762,5422271.971899837,5431070.102338358,5979530.543520507,13692776.742695317 
 09/26  07:00:00,7328227.287864304,6297427.673588557,6009513.483252185,5931372.702677314,5907543.914437377,5929943.626299542,6522258.9671988,14555055.835245546 
 09/26  08:00:00,7165676.674073724,6229063.887454518,5971910.401229029,5906131.949692304,5889802.617298523,5921994.961461298,6519114.259254938,13902127.328112362 
 09/26  09:00:00,4080992.8594934894,3214158.1638172297,3035916.333171375,3013438.468962105,3026677.588342309,3071044.951993715,3447752.971989463,6788677.9958988 
 09/26  10:00:00,529655.083615084,187181.07791675575,141341.72850999894,140818.83281537594,149694.69657080626,162152.28055991902,209841.73553182773,400641.3753435714 
 09/26  11:00:00,0.0,0.0,0.0,0.0,0.0,0.0,0.0,0.0 
 09/26  12:00:00,0.0,0.0,0.0,0.0,0.0,0.0,0.0,0.0 
 09/26  13:00:00,0.0,0.0,0.0,0.0,0.0,0.0,0.0,0.0 
 09/26  14:00:00,0.0,0.0,0.0,0.0,0.0,0.0,0.0,0.0 
 09/26  15:00:00,0.0,0.0,0.0,0.0,0.0,0.0,0.0,0.0 
 09/26  16:00:00,0.0,0.0,0.0,0.0,0.0,0.0,0.0,0.0 
 09/26  17:00:00,0.0,0.0,0.0,0.0,0.0,0.0,0.0,0.0 
 09/26  18:00:00,0.0,0.0,0.0,0.0,0.0,0.0,0.0,0.0 
 09/26  19:00:00,0.0,0.0,0.0,0.0,0.0,0.0,0.0,0.0 
 09/26  20:00:00,0.0,0.0,0.0,0.0,0.0,0.0,0.0,0.0 
 09/26  21:00:00,0.0,0.0,0.0,0.0,0.0,0.0,0.0,0.0 
 09/26  22:00:00,0.0,0.0,0.0,0.0,0.0,0.0,0.0,0.0 
 09/26  23:00:00,0.0,0.0,0.0,0.0,0.0,0.0,0.0,0.0 
 09/26  24:00:00,205430.36664197134,0.0,0.0,0.0,0.0,0.0,0.0,0.0 
 09/27  01:00:00,1665302.4828871437,0.0,0.0,0.0,0.0,0.0,0.0,2991884.8785557393 
 09/27  02:00:00,3074741.3518052767,758039.9298866382,178617.54270302335,64305.212764926546,26001.73295660061,0.0,100156.586606965,6183166.442578604 
 09/27  03:00:00,4171824.099085696,2186520.179687043,1544157.2194426877,1376342.0149007856,1329747.0501388046,1274220.5917770567,1535467.665730309,8557289.958304191 
 09/27  04:00:00,4894862.81128064,3195519.887670965,2640745.390732292,2499481.1588201006,2459515.914746451,2433485.9686003504,2852851.45365215,10189915.144269269 
 09/27  05:00:00,5284100.961365324,3880034.910490546,3401429.8832420995,3273720.687785048,3240038.291929354,3240360.6797577785,3767115.43677509,11219112.987835458 
 09/27  06:00:00,5757376.371466184,4530396.402060012,4127667.830698712,4018916.1628619307,3992304.6418038476,4011497.0974865267,4600281.721592934,12231323.198364137 
 09/27  07:00:00,6211284.563889834,5068934.7218296,4744101.853776684,4653100.601091115,4632515.557809138,4665950.238244537,5286646.470904951,13085222.245243235 
 09/27  08:00:00,6060123.451958599,4966000.127484869,4690010.230970547,4623620.281639547,4613224.404205296,4658434.474752452,5239800.217061471,12385443.06417114 
 09/27  09:00:00,3197153.8906338816,2191678.613232759,1983297.4307933238,1941318.7001524158,1944580.971565457,1984244.3331610719,2302250.241608033,5187395.18273136 
 09/27  10:00:00,186794.22508065618,0.0,0.0,0.0,0.0,0.0,0.0,74182.57321746352 
 09/27  11:00:00,0.0,0.0,0.0,0.0,0.0,0.0,0.0,0.0 
 09/27  12:00:00,0.0,0.0,0.0,0.0,0.0,0.0,0.0,0.0 
 09/27  13:00:00,0.0,0.0,0.0,0.0,0.0,0.0,0.0,0.0 
 09/27  14:00:00,0.0,0.0,0.0,0.0,0.0,0.0,0.0,0.0 
 09/27  15:00:00,0.0,0.0,0.0,0.0,0.0,0.0,0.0,0.0 
 09/27  16:00:00,0.0,0.0,0.0,0.0,0.0,0.0,0.0,0.0 
 09/27  17:00:00,0.0,0.0,0.0,0.0,0.0,0.0,0.0,0.0 
 09/27  18:00:00,0.0,0.0,0.0,0.0,0.0,0.0,0.0,0.0 
 09/27  19:00:00,0.0,0.0,0.0,0.0,0.0,0.0,0.0,0.0 
 09/27  20:00:00,0.0,0.0,0.0,0.0,0.0,0.0,0.0,0.0 
 09/27  21:00:00,0.0,0.0,0.0,0.0,0.0,0.0,0.0,0.0 
 09/27  22:00:00,0.0,0.0,0.0,0.0,0.0,0.0,0.0,0.0 
 09/27  23:00:00,0.0,0.0,0.0,0.0,0.0,0.0,0.0,0.0 
 09/27  24:00:00,0.0,0.0,0.0,0.0,0.0,0.0,0.0,0.0 
 09/28  01:00:00,0.0,0.0,0.0,0.0,0.0,0.0,0.0,0.0 
 09/28  02:00:00,0.0,0.0,0.0,0.0,0.0,0.0,0.0,0.0 
 09/28  03:00:00,442290.3787010612,0.0,0.0,0.0,0.0,0.0,0.0,0.0 
 09/28  04:00:00,1529018.822243245,0.0,0.0,0.0,0.0,0.0,0.0,1386520.4685222562 
 09/28  05:00:00,2373180.874717173,198216.49513846933,0.0,0.0,0.0,0.0,0.0,3509730.8034153134 
 09/28  06:00:00,2885843.28866904,991992.7730034702,217324.80370208505,63437.5240619891,9022.72286397347,0.0,101330.55860660099,4550097.832219243 
 09/28  07:00:00,3342894.4189614705,1682252.5316182277,1095999.4174171286,867728.3967245574,799762.9452271868,737797.0781909593,1002037.0982856082,5338912.319405872 
 09/28  08:00:00,3432498.485041053,1996714.330312159,1486692.2049167957,1331648.8592107622,1269262.9744722932,1238285.8562211404,1527858.165208473,5318947.971419844 
 09/28  09:00:00,1651852.2198931635,612753.6448964996,353495.6615361021,274513.8003114539,247387.4032076419,236364.9648868712,342840.05074124,1478182.5436620263 
 09/28  10:00:00,4342.438045225573,0.0,0.0,0.0,0.0,0.0,0.0,0.0 
 09/28  11:00:00,0.0,0.0,0.0,0.0,0.0,0.0,0.0,0.0 
 09/28  12:00:00,0.0,0.0,0.0,0.0,0.0,0.0,0.0,0.0 
 09/28  13:00:00,0.0,0.0,0.0,0.0,0.0,0.0,0.0,0.0 
 09/28  14:00:00,0.0,0.0,0.0,0.0,0.0,0.0,0.0,0.0 
 09/28  15:00:00,0.0,0.0,0.0,0.0,0.0,0.0,0.0,0.0 
 09/28  16:00:00,0.0,0.0,0.0,0.0,0.0,0.0,0.0,0.0 
 09/28  17:00:00,0.0,0.0,0.0,0.0,0.0,0.0,0.0,0.0 
 09/28  18:00:00,0.0,0.0,0.0,0.0,0.0,0.0,0.0,0.0 
 09/28  19:00:00,0.0,0.0,0.0,0.0,0.0,0.0,0.0,0.0 
 09/28  20:00:00,0.0,0.0,0.0,0.0,0.0,0.0,0.0,0.0 
 09/28  21:00:00,0.0,0.0,0.0,0.0,0.0,0.0,0.0,0.0 
 09/28  22:00:00,0.0,0.0,0.0,0.0,0.0,0.0,0.0,0.0 
 09/28  23:00:00,0.0,0.0,0.0,0.0,0.0,0.0,0.0,0.0 
 09/28  24:00:00,0.0,0.0,0.0,0.0,0.0,0.0,0.0,0.0 
 09/29  01:00:00,0.0,0.0,0.0,0.0,0.0,0.0,0.0,0.0 
 09/29  02:00:00,0.0,0.0,0.0,0.0,0.0,0.0,0.0,0.0 
 09/29  03:00:00,334778.7277258831,0.0,0.0,0.0,0.0,0.0,0.0,426798.5780997624 
 09/29  04:00:00,1095894.0752722134,0.0,0.0,0.0,0.0,0.0,0.0,2314230.2067951914 
 09/29  05:00:00,1795745.8929813947,0.0,0.0,0.0,0.0,0.0,0.0,3959906.1297610225 
 09/29  06:00:00,2616484.7983635105,438754.4482320649,0.0,0.0,0.0,0.0,0.0,5718511.595677312 
 09/29  07:00:00,3297620.4762323266,1416673.4879634767,605906.2948324776,281487.9398632984,185042.70363005198,178465.44103228807,702462.2037918728,7175743.119571598 
 09/29  08:00:00,3338093.8027629736,1735186.3488538424,1092212.5399232917,830477.976911793,722766.9673382276,727983.6143916168,1318538.4037864583,7060318.328997007 
 09/29  09:00:00,1160496.4824220806,299598.45277844433,80723.21593168454,33333.199033472934,18119.002420947076,20696.10330135038,130881.52960258597,1867918.3894998087 
 09/29  10:00:00,0.0,0.0,0.0,0.0,0.0,0.0,0.0,0.0 
 09/29  11:00:00,0.0,0.0,0.0,0.0,0.0,0.0,0.0,0.0 
 09/29  12:00:00,0.0,0.0,0.0,0.0,0.0,0.0,0.0,0.0 
 09/29  13:00:00,0.0,0.0,0.0,0.0,0.0,0.0,0.0,0.0 
 09/29  14:00:00,0.0,0.0,0.0,0.0,0.0,0.0,0.0,0.0 
 09/29  15:00:00,0.0,0.0,0.0,0.0,0.0,0.0,0.0,0.0 
 09/29  16:00:00,0.0,0.0,0.0,0.0,0.0,0.0,0.0,0.0 
 09/29  17:00:00,0.0,0.0,0.0,0.0,0.0,0.0,0.0,0.0 
 09/29  18:00:00,0.0,0.0,0.0,0.0,0.0,0.0,0.0,0.0 
 09/29  19:00:00,0.0,0.0,0.0,0.0,0.0,0.0,0.0,0.0 
 09/29  20:00:00,0.0,0.0,0.0,0.0,0.0,0.0,0.0,0.0 
 09/29  21:00:00,0.0,0.0,0.0,0.0,0.0,0.0,0.0,0.0 
 09/29  22:00:00,0.0,0.0,0.0,0.0,0.0,0.0,0.0,0.0 
 09/29  23:00:00,0.0,0.0,0.0,0.0,0.0,0.0,0.0,0.0 
 09/29  24:00:00,0.0,0.0,0.0,0.0,0.0,0.0,0.0,0.0 
 09/30  01:00:00,0.0,0.0,0.0,0.0,0.0,0.0,0.0,0.0 
 09/30  02:00:00,0.0,0.0,0.0,0.0,0.0,0.0,0.0,0.0 
 09/30  03:00:00,0.0,0.0,0.0,0.0,0.0,0.0,0.0,0.0 
 09/30  04:00:00,0.0,0.0,0.0,0.0,0.0,0.0,0.0,0.0 
 09/30  05:00:00,0.0,0.0,0.0,0.0,0.0,0.0,0.0,0.0 
 09/30  06:00:00,0.0,0.0,0.0,0.0,0.0,0.0,0.0,0.0 
 09/30  07:00:00,0.0,0.0,0.0,0.0,0.0,0.0,0.0,0.0 
 09/30  08:00:00,0.0,0.0,0.0,0.0,0.0,0.0,0.0,0.0 
 09/30  09:00:00,0.0,0.0,0.0,0.0,0.0,0.0,0.0,0.0 
 09/30  10:00:00,0.0,0.0,0.0,0.0,0.0,0.0,0.0,0.0 
 09/30  11:00:00,0.0,0.0,0.0,0.0,0.0,0.0,0.0,0.0 
 09/30  12:00:00,0.0,0.0,0.0,0.0,0.0,0.0,0.0,0.0 
 09/30  13:00:00,0.0,0.0,0.0,0.0,0.0,0.0,0.0,0.0 
 09/30  14:00:00,0.0,0.0,0.0,0.0,0.0,0.0,0.0,0.0 
 09/30  15:00:00,0.0,0.0,0.0,0.0,0.0,0.0,0.0,0.0 
 09/30  16:00:00,0.0,0.0,0.0,0.0,0.0,0.0,0.0,0.0 
 09/30  17:00:00,0.0,0.0,0.0,0.0,0.0,0.0,0.0,0.0 
 09/30  18:00:00,0.0,0.0,0.0,0.0,0.0,0.0,0.0,0.0 
 09/30  19:00:00,0.0,0.0,0.0,0.0,0.0,0.0,0.0,0.0 
 09/30  20:00:00,0.0,0.0,0.0,0.0,0.0,0.0,0.0,0.0 
 09/30  21:00:00,0.0,0.0,0.0,0.0,0.0,0.0,0.0,0.0 
 09/30  22:00:00,0.0,0.0,0.0,0.0,0.0,0.0,0.0,0.0 
 09/30  23:00:00,0.0,0.0,0.0,0.0,0.0,0.0,0.0,0.0 
 09/30  24:00:00,0.0,0.0,0.0,0.0,0.0,0.0,0.0,0.0 
 10/01  01:00:00,506538.9012247848,0.0,0.0,0.0,0.0,0.0,0.0,956078.700490325 
 10/01  02:00:00,1259049.37729425,0.0,0.0,0.0,0.0,0.0,0.0,2830859.9159497404 
 10/01  03:00:00,1905774.42483888,0.0,0.0,0.0,0.0,0.0,0.0,4359924.522067865 
 10/01  04:00:00,2617719.098048708,321834.43508801283,0.0,0.0,0.0,0.0,0.0,5825598.888946658 
 10/01  05:00:00,3152994.7582575013,1167293.2039091,274755.89333472017,66563.28866798579,18480.84744946682,68584.58783290845,618501.0140364262,6941098.212341999 
 10/01  06:00:00,3588997.890973096,1878428.4916911493,1152581.9175245008,865568.9804512177,804197.456817441,878923.9971599687,1622326.372400242,7958954.253001115 
 10/01  07:00:00,4085825.026252717,2596231.535123007,1944651.5114063371,1706734.7732996861,1653852.184469579,1751263.2561890862,2521034.4331829213,9018094.260881271 
 10/01  08:00:00,4124427.52909567,2795337.55634694,2256922.4140363396,2058248.7841348103,2018133.9445150692,2119740.6508533675,2835738.856164961,8589768.490715936 
 10/01  09:00:00,2267713.9955350854,1135000.546402052,803253.0003852561,695103.2502962829,676751.2747548274,731771.8356273923,1117741.5529471792,3494622.7649960048 
 10/01  10:00:00,83925.04335846752,0.0,0.0,0.0,0.0,0.0,0.0,0.0 
 10/01  11:00:00,0.0,0.0,0.0,0.0,0.0,0.0,0.0,0.0 
 10/01  12:00:00,0.0,0.0,0.0,0.0,0.0,0.0,0.0,0.0 
 10/01  13:00:00,0.0,0.0,0.0,0.0,0.0,0.0,0.0,0.0 
 10/01  14:00:00,0.0,0.0,0.0,0.0,0.0,0.0,0.0,0.0 
 10/01  15:00:00,0.0,0.0,0.0,0.0,0.0,0.0,0.0,0.0 
 10/01  16:00:00,0.0,0.0,0.0,0.0,0.0,0.0,0.0,0.0 
 10/01  17:00:00,0.0,0.0,0.0,0.0,0.0,0.0,0.0,0.0 
 10/01  18:00:00,0.0,0.0,0.0,0.0,0.0,0.0,0.0,0.0 
 10/01  19:00:00,0.0,0.0,0.0,0.0,0.0,0.0,0.0,0.0 
 10/01  20:00:00,0.0,0.0,0.0,0.0,0.0,0.0,0.0,0.0 
 10/01  21:00:00,0.0,0.0,0.0,0.0,0.0,0.0,0.0,0.0 
 10/01  22:00:00,0.0,0.0,0.0,0.0,0.0,0.0,0.0,0.0 
 10/01  23:00:00,0.0,0.0,0.0,0.0,0.0,0.0,0.0,0.0 
 10/01  24:00:00,0.0,0.0,0.0,0.0,0.0,0.0,0.0,0.0 
 10/02  01:00:00,1037739.9692142296,0.0,0.0,0.0,0.0,0.0,0.0,772551.8673517741 
 10/02  02:00:00,1993869.9880666158,0.0,0.0,0.0,0.0,0.0,0.0,3278675.0613484653 
 10/02  03:00:00,2613271.625646968,349302.3986744316,0.0,0.0,0.0,0.0,0.0,4914718.72231765 
 10/02  04:00:00,2909155.987980659,977195.4457154147,174037.69236750668,0.0,0.0,0.0,109469.57039810222,5769767.28346084 
 10/02  05:00:00,3140317.8941272562,1445022.9381442086,819762.8987668053,563908.9236583866,433487.5771419757,405511.64003278106,843162.449847687,6428307.125688734 
 10/02  06:00:00,3334389.002345005,1868802.4109577353,1296102.8110433095,1094419.443934712,1015870.3585650059,1007646.949584372,1475874.846427633,6929361.198430826 
 10/02  07:00:00,3667432.215090065,2354454.4549710383,1852317.5748880473,1664037.2190279814,1594655.7615754253,1607101.970341492,2132060.5360263186,7651362.608112588 
 10/02  08:00:00,3795334.415253451,2596475.873433091,2181264.832887464,2026178.1979306282,1972488.5882146687,1999548.9310406542,2523298.9245688803,7728849.409367306 
 10/02  09:00:00,1704780.1602442139,823103.8374074472,625933.3898632001,566807.4036596329,554967.4126520026,578773.013275917,835877.4490597644,3182733.5614471287 
 10/02  10:00:00,0.0,0.0,0.0,0.0,0.0,0.0,0.0,0.0 
 10/02  11:00:00,0.0,0.0,0.0,0.0,0.0,0.0,0.0,0.0 
 10/02  12:00:00,0.0,0.0,0.0,0.0,0.0,0.0,0.0,0.0 
 10/02  13:00:00,0.0,0.0,0.0,0.0,0.0,0.0,0.0,0.0 
 10/02  14:00:00,0.0,0.0,0.0,0.0,0.0,0.0,0.0,0.0 
 10/02  15:00:00,0.0,0.0,0.0,0.0,0.0,0.0,0.0,0.0 
 10/02  16:00:00,0.0,0.0,0.0,0.0,0.0,0.0,0.0,0.0 
 10/02  17:00:00,0.0,0.0,0.0,0.0,0.0,0.0,0.0,0.0 
 10/02  18:00:00,0.0,0.0,0.0,0.0,0.0,0.0,0.0,0.0 
 10/02  19:00:00,0.0,0.0,0.0,0.0,0.0,0.0,0.0,0.0 
 10/02  20:00:00,0.0,0.0,0.0,0.0,0.0,0.0,0.0,0.0 
 10/02  21:00:00,0.0,0.0,0.0,0.0,0.0,0.0,0.0,0.0 
 10/02  22:00:00,0.0,0.0,0.0,0.0,0.0,0.0,0.0,0.0 
 10/02  23:00:00,0.0,0.0,0.0,0.0,0.0,0.0,0.0,0.0 
 10/02  24:00:00,0.0,0.0,0.0,0.0,0.0,0.0,0.0,0.0 
 10/03  01:00:00,0.0,0.0,0.0,0.0,0.0,0.0,0.0,0.0 
 10/03  02:00:00,0.0,0.0,0.0,0.0,0.0,0.0,0.0,0.0 
 10/03  03:00:00,0.0,0.0,0.0,0.0,0.0,0.0,0.0,0.0 
 10/03  04:00:00,0.0,0.0,0.0,0.0,0.0,0.0,0.0,0.0 
 10/03  05:00:00,0.0,0.0,0.0,0.0,0.0,0.0,0.0,0.0 
 10/03  06:00:00,0.0,0.0,0.0,0.0,0.0,0.0,0.0,0.0 
 10/03  07:00:00,0.0,0.0,0.0,0.0,0.0,0.0,0.0,0.0 
 10/03  08:00:00,0.0,0.0,0.0,0.0,0.0,0.0,0.0,133647.88354376212 
 10/03  09:00:00,0.0,0.0,0.0,0.0,0.0,0.0,0.0,0.0 
 10/03  10:00:00,0.0,0.0,0.0,0.0,0.0,0.0,0.0,0.0 
 10/03  11:00:00,0.0,0.0,0.0,0.0,0.0,0.0,0.0,0.0 
 10/03  12:00:00,0.0,0.0,0.0,0.0,0.0,0.0,0.0,0.0 
 10/03  13:00:00,0.0,0.0,0.0,0.0,0.0,0.0,0.0,0.0 
 10/03  14:00:00,0.0,0.0,0.0,0.0,0.0,0.0,0.0,0.0 
 10/03  15:00:00,0.0,0.0,0.0,0.0,0.0,0.0,0.0,0.0 
 10/03  16:00:00,0.0,0.0,0.0,0.0,0.0,0.0,0.0,0.0 
 10/03  17:00:00,0.0,0.0,0.0,0.0,0.0,0.0,0.0,0.0 
 10/03  18:00:00,0.0,0.0,0.0,0.0,0.0,0.0,0.0,0.0 
 10/03  19:00:00,0.0,0.0,0.0,0.0,0.0,0.0,0.0,0.0 
 10/03  20:00:00,0.0,0.0,0.0,0.0,0.0,0.0,0.0,0.0 
 10/03  21:00:00,0.0,0.0,0.0,0.0,0.0,0.0,0.0,0.0 
 10/03  22:00:00,0.0,0.0,0.0,0.0,0.0,0.0,0.0,0.0 
 10/03  23:00:00,0.0,0.0,0.0,0.0,0.0,0.0,0.0,0.0 
 10/03  24:00:00,0.0,0.0,0.0,0.0,0.0,0.0,0.0,0.0 
 10/04  01:00:00,0.0,0.0,0.0,0.0,0.0,0.0,0.0,0.0 
 10/04  02:00:00,0.0,0.0,0.0,0.0,0.0,0.0,0.0,0.0 
 10/04  03:00:00,0.0,0.0,0.0,0.0,0.0,0.0,0.0,0.0 
 10/04  04:00:00,163978.051091831,0.0,0.0,0.0,0.0,0.0,0.0,175057.93815865618 
 10/04  05:00:00,1077248.883781997,0.0,0.0,0.0,0.0,0.0,0.0,1995955.6988224837 
 10/04  06:00:00,1975383.9041379092,0.0,0.0,0.0,0.0,0.0,0.0,3864581.8516950025 
 10/04  07:00:00,2770623.289035377,484862.81664692215,0.0,0.0,0.0,0.0,53556.874777814664,5375871.391931539 
 10/04  08:00:00,3254799.5833916636,1319486.015715527,452911.4657337807,167712.84561881184,127736.73279481736,213489.24720273062,913716.0222420179,6185158.283145337 
 10/04  09:00:00,2379060.6089461856,885022.1401443603,281229.00548126054,123894.2094136859,105336.76874251978,167965.97056635947,661836.1294356742,4178937.9819326256 
 10/04  10:00:00,434329.04893087107,0.0,0.0,0.0,0.0,0.0,0.0,537519.1256922248 
 10/04  11:00:00,0.0,0.0,0.0,0.0,0.0,0.0,0.0,0.0 
 10/04  12:00:00,0.0,0.0,0.0,0.0,0.0,0.0,0.0,0.0 
 10/04  13:00:00,0.0,0.0,0.0,0.0,0.0,0.0,0.0,0.0 
 10/04  14:00:00,0.0,0.0,0.0,0.0,0.0,0.0,0.0,0.0 
 10/04  15:00:00,0.0,0.0,0.0,0.0,0.0,0.0,0.0,0.0 
 10/04  16:00:00,0.0,0.0,0.0,0.0,0.0,0.0,0.0,0.0 
 10/04  17:00:00,0.0,0.0,0.0,0.0,0.0,0.0,0.0,0.0 
 10/04  18:00:00,0.0,0.0,0.0,0.0,0.0,0.0,0.0,0.0 
 10/04  19:00:00,0.0,0.0,0.0,0.0,0.0,0.0,0.0,0.0 
 10/04  20:00:00,0.0,0.0,0.0,0.0,0.0,0.0,0.0,0.0 
 10/04  21:00:00,91514.56543041715,0.0,0.0,0.0,0.0,0.0,0.0,0.0 
 10/04  22:00:00,1087964.865346237,0.0,0.0,0.0,0.0,0.0,0.0,1136243.727268695 
 10/04  23:00:00,2158873.600537723,238800.0977272939,0.0,0.0,0.0,0.0,23660.156055186235,3222875.7810700973 
 10/04  24:00:00,3217328.3027413376,1498025.2477389285,920372.8822200866,781959.9134393982,819502.9519245203,917366.3752399385,1257967.7241251646,5054718.04205409 
 10/05  01:00:00,4176627.620143151,2651535.7874978627,2194881.8708755584,2102752.3747012788,2136165.299033219,2222253.1933557624,2591321.9889554037,6919081.161337724 
 10/05  02:00:00,4761797.522076076,3472728.6757334773,3062762.614022184,2981462.022359215,3013607.11101814,3104523.9429089143,3534755.434927534,8069458.767844029 
 10/05  03:00:00,5362908.789167587,4216742.843123344,3865884.842583928,3795242.4171420718,3823525.9960421976,3913397.5927812755,4386394.838545545,9305605.10855549 
 10/05  04:00:00,6070156.899892694,4989348.018209883,4701261.499499581,4639704.800722648,4662623.8148022,4749836.480963309,5266038.9021827625,11003881.86652446 
 10/05  05:00:00,6442085.946914678,5404384.4275744995,5147261.559171159,5098522.8853194015,5118821.222843237,5203265.416331302,5738928.07048815,11756249.224217126 
 10/05  06:00:00,6838290.640965255,5879902.072201449,5629035.444849482,5582187.153297381,5605114.858370679,5695817.126190981,6267871.0090748435,12340337.669930503 
 10/05  07:00:00,7283819.5079896925,6409672.392835738,6178317.424536573,6135362.570344173,6158594.4853248075,6252415.7348014,6857323.381041423,13201647.468684552 
 10/05  08:00:00,7412394.262024937,6618117.759007104,6413648.7376001915,6378376.864978232,6403101.715242453,6497872.087667521,7101237.466286865,13208543.563421937 
 10/05  09:00:00,5697388.910435697,4940203.974398533,4775938.331986575,4758915.201310239,4791446.1234525675,4880572.553789322,5338053.042812878,8987861.305346576 
 10/05  10:00:00,2464635.668738029,1735011.7825525086,1621953.311257664,1627948.1740263526,1668472.9064293513,1735559.654345605,1896896.3889825945,2146967.4891930167 
 10/05  11:00:00,189682.55085585988,18709.958607416775,0.0,0.0,8431.75902755029,14892.769285092072,16798.114064810215,0.0 
 10/05  12:00:00,0.0,0.0,0.0,0.0,0.0,0.0,0.0,0.0 
 10/05  13:00:00,0.0,0.0,0.0,0.0,0.0,0.0,0.0,0.0 
 10/05  14:00:00,0.0,0.0,0.0,0.0,0.0,0.0,0.0,0.0 
 10/05  15:00:00,0.0,0.0,0.0,0.0,0.0,0.0,0.0,0.0 
 10/05  16:00:00,0.0,0.0,0.0,0.0,0.0,0.0,0.0,0.0 
 10/05  17:00:00,0.0,0.0,0.0,0.0,0.0,0.0,0.0,0.0 
 10/05  18:00:00,0.0,0.0,0.0,0.0,0.0,0.0,0.0,0.0 
 10/05  19:00:00,0.0,0.0,0.0,0.0,0.0,0.0,0.0,0.0 
 10/05  20:00:00,0.0,0.0,0.0,0.0,0.0,0.0,0.0,0.0 
 10/05  21:00:00,214415.29358600092,0.0,0.0,0.0,0.0,0.0,0.0,0.0 
 10/05  22:00:00,1682958.9545455356,0.0,0.0,0.0,0.0,0.0,0.0,112521.05080033798 
 10/05  23:00:00,2758152.2547432627,938760.8006935406,327793.5834186661,235676.37518344272,204717.70885859005,120702.30677859363,0.0,2167409.4007850583 
 10/05  24:00:00,3187866.0039814305,1564527.5383621615,1134401.7567162155,1031844.3904145198,1001321.4532757164,871258.4950514007,646047.2880921123,3695515.636443771 
 10/06  01:00:00,3661552.081703651,2219842.3513828646,1854350.3860348735,1780633.466658258,1759735.3955944302,1678163.3751854445,1580122.223293115,4990535.542313781 
 10/06  02:00:00,4382909.600392128,3156384.8163499804,2821610.1026242995,2754460.599819606,2736599.9210023005,2675982.428670567,2719715.953987399,6563747.815115813 
 10/06  03:00:00,5154957.492125446,4072047.3830040293,3780793.130458886,3721579.1303450433,3707147.344813378,3668328.3835782483,3831711.5932315746,8302201.6690400615 
 10/06  04:00:00,5783146.890161557,4766990.32855397,4527870.264638295,4478073.24833637,4467654.956071166,4449780.905917237,4708401.687087479,9616623.235984802 
 10/06  05:00:00,6280159.001172295,5297699.580874085,5082889.0921876505,5043324.94971917,5037239.943645974,5038800.359777993,5363971.973781401,10625751.434310736 
 10/06  06:00:00,6772062.012107653,5854298.191664259,5639658.375395312,5598360.982138541,5592846.919927243,5600572.637248569,5984597.396209737,11766925.809824044 
 10/06  07:00:00,7437575.302500662,6597271.407695247,6394814.4967503,6354256.221609853,6349031.534721591,6366043.739288263,6823955.556402402,13361988.62888997 
 10/06  08:00:00,7809821.602102577,7052412.040391403,6873558.86915804,6840409.751323577,6839918.628029058,6868570.492029362,7371934.373836608,14127923.532649249 
 10/06  09:00:00,5879304.707365496,5167417.022407659,5037982.744190386,5032668.374023081,5051953.02067817,5091924.9782413505,5458434.5686216485,9321583.290387988 
 10/06  10:00:00,2056800.7542691268,1377274.6901024133,1303166.6874266071,1316043.3808142117,1343500.9364067111,1370512.7419023977,1442193.9689041148,1616249.8329052543 
 10/06  11:00:00,29685.818085029314,0.0,0.0,0.0,0.0,0.0,0.0,0.0 
 10/06  12:00:00,0.0,0.0,0.0,0.0,0.0,0.0,0.0,0.0 
 10/06  13:00:00,0.0,0.0,0.0,0.0,0.0,0.0,0.0,0.0 
 10/06  14:00:00,0.0,0.0,0.0,0.0,0.0,0.0,0.0,0.0 
 10/06  15:00:00,0.0,0.0,0.0,0.0,0.0,0.0,0.0,0.0 
 10/06  16:00:00,0.0,0.0,0.0,0.0,0.0,0.0,0.0,0.0 
 10/06  17:00:00,0.0,0.0,0.0,0.0,0.0,0.0,0.0,0.0 
 10/06  18:00:00,0.0,0.0,0.0,0.0,0.0,0.0,0.0,0.0 
 10/06  19:00:00,0.0,0.0,0.0,0.0,0.0,0.0,0.0,0.0 
 10/06  20:00:00,0.0,0.0,0.0,0.0,0.0,0.0,0.0,0.0 
 10/06  21:00:00,0.0,0.0,0.0,0.0,0.0,0.0,0.0,0.0 
 10/06  22:00:00,920130.4560647317,0.0,0.0,0.0,0.0,0.0,0.0,55377.37379602622 
 10/06  23:00:00,2665777.5609359783,565282.3492171082,175304.9033518124,89342.82030507893,51987.844120402595,0.0,0.0,3408104.682383213 
 10/06  24:00:00,3962370.504166594,2121233.1270756954,1596162.3196903036,1488276.049331385,1446143.1035863236,1314495.9424662944,1172824.3941141353,6689708.067702746 
 10/07  01:00:00,5244729.090828536,3651974.729653003,3193946.029905272,3089698.512938575,3047679.4562961776,2961786.0502285445,3074917.301942366,9618226.538577553 
 10/07  02:00:00,6239598.8691907395,4934400.286040212,4537961.573811262,4442851.170808308,4407353.433540889,4348562.911640052,4629684.27419309,11841712.759173777 
 10/07  03:00:00,6940675.632611929,5812686.964646138,5480060.0857345415,5398541.910106673,5369674.570268592,5338291.423107152,5733534.992146657,13212842.7496862 
 10/07  04:00:00,7780191.325924421,6721633.868937006,6458222.317720706,6392352.025254835,6370902.202116475,6365102.518500558,6855277.408449145,14904964.69724102 
 10/07  05:00:00,8522656.091428792,7531539.496159859,7274060.573838852,7215078.775452683,7198522.201256835,7210904.749434169,7775182.607623238,16486575.846679728 
 10/07  06:00:00,9096813.96971904,8203395.632595586,7961338.328978603,7904126.225230418,7889175.662020511,7910350.304744925,8543286.17321033,17718084.843455207 
 10/07  07:00:00,9489938.782818673,8697126.231787289,8479143.800584892,8427839.269914657,8416407.35932108,8449291.954205185,9140212.423838448,18663070.99500588 
 10/07  08:00:00,9472094.489164513,8767809.296110785,8579533.510806795,8538117.312828159,8532882.648363756,8577173.278136587,9284601.926774139,18460512.733148538 
 10/07  09:00:00,6885571.705698243,6204751.123929897,6066686.91323226,6053801.427021546,6068733.211244819,6121789.4114466235,6642861.194633619,12009520.259572372 
 10/07  10:00:00,2529985.784930729,1834141.1377178114,1745917.5765955313,1762712.2492803668,1799088.963704181,1843837.4806033596,2010624.0295000086,2624219.579020103 
 10/07  11:00:00,66162.88310961972,0.0,0.0,0.0,0.0,0.0,0.0,0.0 
 10/07  12:00:00,0.0,0.0,0.0,0.0,0.0,0.0,0.0,0.0 
 10/07  13:00:00,0.0,0.0,0.0,0.0,0.0,0.0,0.0,0.0 
 10/07  14:00:00,0.0,0.0,0.0,0.0,0.0,0.0,0.0,0.0 
 10/07  15:00:00,0.0,0.0,0.0,0.0,0.0,0.0,0.0,0.0 
 10/07  16:00:00,0.0,0.0,0.0,0.0,0.0,0.0,0.0,0.0 
 10/07  17:00:00,0.0,0.0,0.0,0.0,0.0,0.0,0.0,0.0 
 10/07  18:00:00,0.0,0.0,0.0,0.0,0.0,0.0,0.0,0.0 
 10/07  19:00:00,0.0,0.0,0.0,0.0,0.0,0.0,0.0,0.0 
 10/07  20:00:00,0.0,0.0,0.0,0.0,0.0,0.0,0.0,0.0 
 10/07  21:00:00,0.0,0.0,0.0,0.0,0.0,0.0,0.0,0.0 
 10/07  22:00:00,280749.0008257839,0.0,0.0,0.0,0.0,0.0,0.0,0.0 
 10/07  23:00:00,1244185.238033807,0.0,0.0,0.0,0.0,0.0,0.0,1341611.576154841 
 10/07  24:00:00,1903809.260319958,119628.25084976359,0.0,0.0,0.0,0.0,0.0,3401769.0975243594 
 10/08  01:00:00,2589893.312490753,958679.100075348,480462.62938417203,382903.90584252746,361412.5737523209,318739.5378835165,401310.7165166235,5308742.689889726 
 10/08  02:00:00,3427912.6815793337,1997778.7106639894,1583214.1270949568,1497749.136454225,1480391.3284962035,1450197.6488913135,1686454.9289795877,7186855.673930952 
 10/08  03:00:00,4271356.176341649,3048258.247507547,2680202.737828897,2598749.773601657,2583489.83747202,2574213.1849931492,2933871.9775334485,8962077.053605208 
 10/08  04:00:00,5064133.009810941,3963654.453030955,3651910.492892942,3581921.973409615,3570608.20209221,3579952.5901919464,4028551.8228554884,10594653.876542686 
 10/08  05:00:00,5794012.825237663,4742457.602956719,4492170.625119745,4435079.352892058,4427746.811513209,4453213.461854282,4962851.886293309,12085425.803187424 
 10/08  06:00:00,6540358.483347449,5549081.383363383,5300784.134887382,5249623.153110871,5245270.420572802,5282620.907872559,5853364.875597263,13580960.617854241 
 10/08  07:00:00,7150097.070213373,6244290.673628042,6009735.297352599,5960274.948060319,5957824.288044922,6003884.330029918,6638994.889827432,14825575.347072916 
 10/08  08:00:00,7460267.508791512,6637285.521562583,6425809.750779979,6382598.283558081,6383446.212980293,6437291.194800762,7091959.886462085,15072155.877439372 
 10/08  09:00:00,5367028.43476209,4591824.9213039735,4431140.626516483,4414244.348168777,4432361.451241752,4492079.574318296,4982011.966585254,9735923.963162266 
 10/08  10:00:00,1206540.3370275178,683253.4526338496,610853.590154191,614565.0689149392,630464.2578335435,659467.198670404,796165.495738329,1448037.5738025191 
 10/08  11:00:00,0.0,0.0,0.0,0.0,0.0,0.0,0.0,0.0 
 10/08  12:00:00,0.0,0.0,0.0,0.0,0.0,0.0,0.0,0.0 
 10/08  13:00:00,0.0,0.0,0.0,0.0,0.0,0.0,0.0,0.0 
 10/08  14:00:00,0.0,0.0,0.0,0.0,0.0,0.0,0.0,0.0 
 10/08  15:00:00,0.0,0.0,0.0,0.0,0.0,0.0,0.0,0.0 
 10/08  16:00:00,0.0,0.0,0.0,0.0,0.0,0.0,0.0,0.0 
 10/08  17:00:00,0.0,0.0,0.0,0.0,0.0,0.0,0.0,0.0 
 10/08  18:00:00,0.0,0.0,0.0,0.0,0.0,0.0,0.0,0.0 
 10/08  19:00:00,0.0,0.0,0.0,0.0,0.0,0.0,0.0,0.0 
 10/08  20:00:00,0.0,0.0,0.0,0.0,0.0,0.0,0.0,0.0 
 10/08  21:00:00,0.0,0.0,0.0,0.0,0.0,0.0,0.0,0.0 
 10/08  22:00:00,0.0,0.0,0.0,0.0,0.0,0.0,0.0,0.0 
 10/08  23:00:00,0.0,0.0,0.0,0.0,0.0,0.0,0.0,0.0 
 10/08  24:00:00,893176.8336977984,0.0,0.0,0.0,0.0,0.0,0.0,1837927.4641156283 
 10/09  01:00:00,2247835.841666033,107191.29365223635,0.0,0.0,0.0,0.0,0.0,4766004.626257404 
 10/09  02:00:00,3270055.3791998755,1224871.5517302337,471781.5148220457,289766.4594700851,233212.79531631156,216645.65316265798,463432.8266857483,6960920.356851909 
 10/09  03:00:00,4074235.3862052755,2275642.071447769,1703381.7748827613,1521492.2771323356,1457222.2138751461,1433989.1833843766,1867462.8160075112,8627916.11478585 
 10/09  04:00:00,4713194.246903129,3201824.856440909,2677002.471209924,2519011.918969055,2469622.518145562,2475862.4494223124,3012013.7145588878,9907365.621941922 
 10/09  05:00:00,5302082.651489543,4007922.1310384157,3557781.7191315703,3420133.9239235865,3378179.661397827,3402327.3572861226,4004392.2733107144,11134468.862950414 
 10/09  06:00:00,5889499.053961461,4719250.16520381,4346121.441939457,4230563.351887988,4197695.382973867,4236270.5036151735,4878753.587058198,12371649.284797408 
 10/09  07:00:00,6272790.105159464,5152809.145979877,4854589.330005124,4762821.683230174,4739103.729185722,4789001.415171805,5439797.056076771,13247921.389155598 
 10/09  08:00:00,6375289.538164739,5326225.963637764,5032647.382765334,4952969.565987642,4936694.853669179,4993839.466870528,5647993.241656482,13154267.799846595 
 10/09  09:00:00,4327254.340879327,3371370.3002637327,3140663.896335325,3089248.2307095355,3090261.881970668,3150253.4477417897,3643250.6776406695,8094767.225085447 
 10/09  10:00:00,569800.4476147834,202154.87246770354,143534.75349110377,135437.9985560576,141626.11233614883,159915.27065236587,245689.2389402856,724073.4196222955 
 10/09  11:00:00,0.0,0.0,0.0,0.0,0.0,0.0,0.0,0.0 
 10/09  12:00:00,0.0,0.0,0.0,0.0,0.0,0.0,0.0,0.0 
 10/09  13:00:00,0.0,0.0,0.0,0.0,0.0,0.0,0.0,0.0 
 10/09  14:00:00,0.0,0.0,0.0,0.0,0.0,0.0,0.0,0.0 
 10/09  15:00:00,0.0,0.0,0.0,0.0,0.0,0.0,0.0,0.0 
 10/09  16:00:00,0.0,0.0,0.0,0.0,0.0,0.0,0.0,0.0 
 10/09  17:00:00,0.0,0.0,0.0,0.0,0.0,0.0,0.0,0.0 
 10/09  18:00:00,0.0,0.0,0.0,0.0,0.0,0.0,0.0,0.0 
 10/09  19:00:00,0.0,0.0,0.0,0.0,0.0,0.0,0.0,0.0 
 10/09  20:00:00,0.0,0.0,0.0,0.0,0.0,0.0,0.0,0.0 
 10/09  21:00:00,0.0,0.0,0.0,0.0,0.0,0.0,0.0,0.0 
 10/09  22:00:00,0.0,0.0,0.0,0.0,0.0,0.0,0.0,0.0 
 10/09  23:00:00,0.0,0.0,0.0,0.0,0.0,0.0,0.0,0.0 
 10/09  24:00:00,0.0,0.0,0.0,0.0,0.0,0.0,0.0,0.0 
 10/10  01:00:00,404871.05687965814,0.0,0.0,0.0,0.0,0.0,0.0,1037746.5233661789 
 10/10  02:00:00,1587480.257514882,0.0,0.0,0.0,0.0,0.0,0.0,3667912.820125352 
 10/10  03:00:00,2602856.648897487,216614.2824978655,0.0,0.0,0.0,0.0,0.0,6153996.835247656 
 10/10  04:00:00,3386981.8035696764,1288615.8100206782,434884.3445219667,215936.19933622103,170581.71646933188,180275.44494135655,649375.0673683011,8021658.499961355 
 10/10  05:00:00,4095217.017713868,2256949.9991064295,1615400.9786338694,1397548.2626483324,1326543.4780040071,1355152.343652156,1994428.1818343415,9377808.842349805 
 10/10  06:00:00,4667992.901912145,3130343.9551812904,2548286.2718510474,2363676.6574769383,2316065.705535535,2364537.867868168,3073892.034751599,10533552.542174742 
 10/10  07:00:00,5165031.243625034,3834933.48973697,3339041.418454062,3179105.5293594953,3138628.2710693013,3201624.119569242,3945250.0273010056,11565541.74178981 
 10/10  08:00:00,5439455.126731746,4231477.463096494,3823528.260205564,3691106.2168779406,3660603.448682285,3730663.8604988535,4455351.184962353,11804817.943094512 
 10/10  09:00:00,3524774.9541515447,2422005.2587300222,2138035.2167667574,2045667.9696352046,2033837.3421485103,2098281.826711564,2602044.756300105,6834673.0757609615 
 10/10  10:00:00,256122.3957639799,32257.82559439396,0.0,0.0,0.0,0.0,25403.07775713009,336092.6526192168 
 10/10  11:00:00,0.0,0.0,0.0,0.0,0.0,0.0,0.0,0.0 
 10/10  12:00:00,0.0,0.0,0.0,0.0,0.0,0.0,0.0,0.0 
 10/10  13:00:00,0.0,0.0,0.0,0.0,0.0,0.0,0.0,0.0 
 10/10  14:00:00,0.0,0.0,0.0,0.0,0.0,0.0,0.0,0.0 
 10/10  15:00:00,0.0,0.0,0.0,0.0,0.0,0.0,0.0,0.0 
 10/10  16:00:00,0.0,0.0,0.0,0.0,0.0,0.0,0.0,0.0 
 10/10  17:00:00,0.0,0.0,0.0,0.0,0.0,0.0,0.0,0.0 
 10/10  18:00:00,0.0,0.0,0.0,0.0,0.0,0.0,0.0,0.0 
 10/10  19:00:00,0.0,0.0,0.0,0.0,0.0,0.0,0.0,0.0 
 10/10  20:00:00,0.0,0.0,0.0,0.0,0.0,0.0,0.0,0.0 
 10/10  21:00:00,0.0,0.0,0.0,0.0,0.0,0.0,0.0,0.0 
 10/10  22:00:00,0.0,0.0,0.0,0.0,0.0,0.0,0.0,0.0 
 10/10  23:00:00,0.0,0.0,0.0,0.0,0.0,0.0,0.0,0.0 
 10/10  24:00:00,59934.88282204344,0.0,0.0,0.0,0.0,0.0,0.0,239493.65987148194 
 10/11  01:00:00,1230506.4150186316,0.0,0.0,0.0,0.0,0.0,0.0,2840615.4676798456 
 10/11  02:00:00,2387295.545604156,15919.290660401748,0.0,0.0,0.0,0.0,0.0,5376253.760374192 
 10/11  03:00:00,3369142.3084744355,1103977.5195683702,213917.71522892523,60502.2698407498,9972.356274205958,21617.914286007002,326168.92247904174,7455369.848836185 
 10/11  04:00:00,4025903.3750771447,2036299.5224519384,1323118.220759285,1058877.6185555705,992515.5993180685,1013695.950501159,1604351.0617693628,8797852.639228499 
 10/11  05:00:00,4631856.510371846,2938889.882816887,2311103.5813204637,2110963.323139018,2054327.1308931364,2090868.03686285,2750669.777605572,9961238.017731447 
 10/11  06:00:00,5213985.872950117,3787928.3420580383,3239507.5848049675,3058384.844312405,3010014.357727344,3066977.587221403,3787068.9420874296,11168180.793716647 
 10/11  07:00:00,5816795.43886352,4553291.838716227,4093354.811660447,3939470.027999097,3900472.2307521664,3967368.0791412042,4710691.799738077,12379003.436264599 
 10/11  08:00:00,6193362.238082156,5012573.422384714,4650246.04711902,4526229.870591566,4498352.455090322,4571902.213857775,5294740.475311356,12884994.72149358 
 10/11  09:00:00,4244312.292182309,3154913.291912573,2897535.630045597,2823979.514331129,2817218.0960482555,2886935.4480223428,3393452.3382416666,8088594.701927755 
 10/11  10:00:00,532105.2068213176,145973.47713466297,106504.05637256918,92548.50587151304,94162.33292545803,103582.37531101622,174288.92807024386,690973.4326775915 
 10/11  11:00:00,0.0,0.0,0.0,0.0,0.0,0.0,0.0,0.0 
 10/11  12:00:00,0.0,0.0,0.0,0.0,0.0,0.0,0.0,0.0 
 10/11  13:00:00,0.0,0.0,0.0,0.0,0.0,0.0,0.0,0.0 
 10/11  14:00:00,0.0,0.0,0.0,0.0,0.0,0.0,0.0,0.0 
 10/11  15:00:00,0.0,0.0,0.0,0.0,0.0,0.0,0.0,0.0 
 10/11  16:00:00,0.0,0.0,0.0,0.0,0.0,0.0,0.0,0.0 
 10/11  17:00:00,0.0,0.0,0.0,0.0,0.0,0.0,0.0,0.0 
 10/11  18:00:00,0.0,0.0,0.0,0.0,0.0,0.0,0.0,0.0 
 10/11  19:00:00,0.0,0.0,0.0,0.0,0.0,0.0,0.0,0.0 
 10/11  20:00:00,0.0,0.0,0.0,0.0,0.0,0.0,0.0,0.0 
 10/11  21:00:00,0.0,0.0,0.0,0.0,0.0,0.0,0.0,0.0 
 10/11  22:00:00,0.0,0.0,0.0,0.0,0.0,0.0,0.0,0.0 
 10/11  23:00:00,0.0,0.0,0.0,0.0,0.0,0.0,0.0,0.0 
 10/11  24:00:00,0.0,0.0,0.0,0.0,0.0,0.0,0.0,0.0 
 10/12  01:00:00,0.0,0.0,0.0,0.0,0.0,0.0,0.0,0.0 
 10/12  02:00:00,0.0,0.0,0.0,0.0,0.0,0.0,0.0,0.0 
 10/12  03:00:00,304256.86117744044,0.0,0.0,0.0,0.0,0.0,0.0,1135451.5004086397 
 10/12  04:00:00,1070511.2624704125,0.0,0.0,0.0,0.0,0.0,0.0,2674957.98941072 
 10/12  05:00:00,1669185.7583550157,0.0,0.0,0.0,0.0,0.0,0.0,3772863.001057091 
 10/12  06:00:00,2121417.770782454,212577.34669982165,0.0,0.0,0.0,0.0,0.0,4505373.985726945 
 10/12  07:00:00,2483415.593356489,810361.8980746339,166743.4373890239,33187.072088904104,6309.782034407544,53688.23392628983,543044.759225176,5113359.720213336 
 10/12  08:00:00,2815903.547080902,1343644.0071765871,797534.7495080105,611802.4097398142,582149.1999696722,651171.6204696641,1236397.446174486,5538946.389442461 
 10/12  09:00:00,1880269.4074499286,677172.200286739,347025.9689734667,245329.5142505929,231582.68418553344,289583.0608130579,651005.3793974468,3265830.1562597235 
 10/12  10:00:00,139183.9164708479,0.0,0.0,0.0,0.0,0.0,0.0,119569.89166890418 
 10/12  11:00:00,0.0,0.0,0.0,0.0,0.0,0.0,0.0,0.0 
 10/12  12:00:00,0.0,0.0,0.0,0.0,0.0,0.0,0.0,0.0 
 10/12  13:00:00,0.0,0.0,0.0,0.0,0.0,0.0,0.0,0.0 
 10/12  14:00:00,0.0,0.0,0.0,0.0,0.0,0.0,0.0,0.0 
 10/12  15:00:00,0.0,0.0,0.0,0.0,0.0,0.0,0.0,0.0 
 10/12  16:00:00,0.0,0.0,0.0,0.0,0.0,0.0,0.0,0.0 
 10/12  17:00:00,0.0,0.0,0.0,0.0,0.0,0.0,0.0,0.0 
 10/12  18:00:00,0.0,0.0,0.0,0.0,0.0,0.0,0.0,0.0 
 10/12  19:00:00,0.0,0.0,0.0,0.0,0.0,0.0,0.0,0.0 
 10/12  20:00:00,0.0,0.0,0.0,0.0,0.0,0.0,0.0,0.0 
 10/12  21:00:00,0.0,0.0,0.0,0.0,0.0,0.0,0.0,0.0 
 10/12  22:00:00,0.0,0.0,0.0,0.0,0.0,0.0,0.0,0.0 
 10/12  23:00:00,0.0,0.0,0.0,0.0,0.0,0.0,0.0,0.0 
 10/12  24:00:00,0.0,0.0,0.0,0.0,0.0,0.0,0.0,0.0 
 10/13  01:00:00,0.0,0.0,0.0,0.0,0.0,0.0,0.0,0.0 
 10/13  02:00:00,0.0,0.0,0.0,0.0,0.0,0.0,0.0,0.0 
 10/13  03:00:00,0.0,0.0,0.0,0.0,0.0,0.0,0.0,0.0 
 10/13  04:00:00,303591.3472883898,0.0,0.0,0.0,0.0,0.0,0.0,25716.901296823926 
 10/13  05:00:00,698378.4498211375,0.0,0.0,0.0,0.0,0.0,0.0,757614.2093117044 
 10/13  06:00:00,1027946.8871198464,0.0,0.0,0.0,0.0,0.0,0.0,1485733.7715455987 
 10/13  07:00:00,1249962.9477983327,0.0,0.0,0.0,0.0,0.0,0.0,1963171.0228925147 
 10/13  08:00:00,1421009.229472936,0.0,0.0,0.0,0.0,0.0,0.0,2402498.0711434577 
 10/13  09:00:00,753544.8069680528,0.0,0.0,0.0,0.0,0.0,0.0,1261213.080288448 
 10/13  10:00:00,0.0,0.0,0.0,0.0,0.0,0.0,0.0,0.0 
 10/13  11:00:00,0.0,0.0,0.0,0.0,0.0,0.0,0.0,0.0 
 10/13  12:00:00,0.0,0.0,0.0,0.0,0.0,0.0,0.0,0.0 
 10/13  13:00:00,0.0,0.0,0.0,0.0,0.0,0.0,0.0,0.0 
 10/13  14:00:00,0.0,0.0,0.0,0.0,0.0,0.0,0.0,0.0 
 10/13  15:00:00,0.0,0.0,0.0,0.0,0.0,0.0,0.0,0.0 
 10/13  16:00:00,0.0,0.0,0.0,0.0,0.0,0.0,0.0,0.0 
 10/13  17:00:00,0.0,0.0,0.0,0.0,0.0,0.0,0.0,0.0 
 10/13  18:00:00,0.0,0.0,0.0,0.0,0.0,0.0,0.0,0.0 
 10/13  19:00:00,0.0,0.0,0.0,0.0,0.0,0.0,0.0,0.0 
 10/13  20:00:00,0.0,0.0,0.0,0.0,0.0,0.0,0.0,0.0 
 10/13  21:00:00,0.0,0.0,0.0,0.0,0.0,0.0,0.0,0.0 
 10/13  22:00:00,0.0,0.0,0.0,0.0,0.0,0.0,0.0,0.0 
 10/13  23:00:00,0.0,0.0,0.0,0.0,0.0,0.0,0.0,0.0 
 10/13  24:00:00,0.0,0.0,0.0,0.0,0.0,0.0,0.0,0.0 
 10/14  01:00:00,0.0,0.0,0.0,0.0,0.0,0.0,0.0,0.0 
 10/14  02:00:00,0.0,0.0,0.0,0.0,0.0,0.0,0.0,0.0 
 10/14  03:00:00,0.0,0.0,0.0,0.0,0.0,0.0,0.0,0.0 
 10/14  04:00:00,0.0,0.0,0.0,0.0,0.0,0.0,0.0,0.0 
 10/14  05:00:00,0.0,0.0,0.0,0.0,0.0,0.0,0.0,0.0 
 10/14  06:00:00,0.0,0.0,0.0,0.0,0.0,0.0,0.0,0.0 
 10/14  07:00:00,0.0,0.0,0.0,0.0,0.0,0.0,0.0,0.0 
 10/14  08:00:00,0.0,0.0,0.0,0.0,0.0,0.0,0.0,0.0 
 10/14  09:00:00,0.0,0.0,0.0,0.0,0.0,0.0,0.0,0.0 
 10/14  10:00:00,0.0,0.0,0.0,0.0,0.0,0.0,0.0,0.0 
 10/14  11:00:00,0.0,0.0,0.0,0.0,0.0,0.0,0.0,0.0 
 10/14  12:00:00,0.0,0.0,0.0,0.0,0.0,0.0,0.0,0.0 
 10/14  13:00:00,0.0,0.0,0.0,0.0,0.0,0.0,0.0,0.0 
 10/14  14:00:00,0.0,0.0,0.0,0.0,0.0,0.0,0.0,0.0 
 10/14  15:00:00,0.0,0.0,0.0,0.0,0.0,0.0,0.0,0.0 
 10/14  16:00:00,0.0,0.0,0.0,0.0,0.0,0.0,0.0,0.0 
 10/14  17:00:00,0.0,0.0,0.0,0.0,0.0,0.0,0.0,0.0 
 10/14  18:00:00,0.0,0.0,0.0,0.0,0.0,0.0,0.0,0.0 
 10/14  19:00:00,0.0,0.0,0.0,0.0,0.0,0.0,0.0,0.0 
 10/14  20:00:00,0.0,0.0,0.0,0.0,0.0,0.0,0.0,0.0 
 10/14  21:00:00,0.0,0.0,0.0,0.0,0.0,0.0,0.0,0.0 
 10/14  22:00:00,40268.729958770564,0.0,0.0,0.0,0.0,0.0,0.0,0.0 
 10/14  23:00:00,757603.7493740049,0.0,0.0,0.0,0.0,0.0,0.0,712592.8109915971 
 10/14  24:00:00,1430615.9989644338,0.0,0.0,0.0,0.0,0.0,0.0,2190820.06660019 
 10/15  01:00:00,2080538.5808541018,111345.47567258414,0.0,0.0,0.0,0.0,0.0,3467147.4862697506 
 10/15  02:00:00,2866205.0960911848,1036816.1792052415,321688.5742593964,181460.23331863107,187375.71056311426,285780.8751628938,806082.6800015057,5012547.030508051 
 10/15  03:00:00,3625995.155898015,2016564.2894803784,1432751.794236683,1259228.7412739769,1272970.1725932101,1410703.7547281682,1981118.359611172,6491328.5611965 
 10/15  04:00:00,4335686.714095909,2932331.8184324936,2393886.5121345664,2245046.911187534,2260039.7919407305,2395390.228290453,3012777.1206788216,7908004.56312524 
 10/15  05:00:00,4810321.144851394,3550426.393404492,3092912.1551389345,2964553.9912816593,2979048.0623844634,3108271.516670837,3723940.683700316,8778325.434233163 
 10/15  06:00:00,5085723.200947232,3916080.929003233,3548767.4261404737,3445581.862088836,3462220.9642963093,3583213.8455811576,4164291.647798151,9089791.004974466 
 10/15  07:00:00,5358201.24588968,4240434.545360575,3936338.3278115615,3857694.5993262576,3875036.7106454554,3984786.3208411746,4533513.916205961,9498773.51444286 
 10/15  08:00:00,5556522.240062013,4518595.046689035,4218980.691559296,4150441.5922441953,4169540.1611855766,4278265.407081263,4853445.601427195,9795327.688132277 
 10/15  09:00:00,5153403.4287041705,4223337.553061517,3969584.378750615,3919614.642166469,3950231.00380244,4065634.469954546,4605977.067439248,8780621.629261047 
 10/15  10:00:00,3749690.513732196,2940124.066917635,2765064.2162831123,2755067.0056449296,2807302.823286431,2926495.7022251575,3359737.693553856,5902366.758474636 
 10/15  11:00:00,2200343.511559072,1503373.0478829746,1403657.7916088486,1429625.9501818132,1496714.2057820514,1610451.374751175,1905820.1637145614,2870093.586180646 
 10/15  12:00:00,952677.8792434373,389698.1986102125,345674.972015532,382208.1564417458,441721.08456599526,531326.5536555133,683520.1788003731,685063.9857492615 
 10/15  13:00:00,13524.669882046874,0.0,0.0,0.0,0.0,0.0,0.0,0.0 
 10/15  14:00:00,0.0,0.0,0.0,0.0,0.0,0.0,0.0,0.0 
 10/15  15:00:00,0.0,0.0,0.0,0.0,0.0,0.0,0.0,0.0 
 10/15  16:00:00,0.0,0.0,0.0,0.0,0.0,0.0,0.0,0.0 
 10/15  17:00:00,0.0,0.0,0.0,0.0,0.0,0.0,0.0,0.0 
 10/15  18:00:00,447690.60158075945,61990.03685806965,0.0,38469.730598967,97396.14361780841,157502.44379534418,216717.98732082316,749304.4735004393 
 10/15  19:00:00,2768154.300542243,1907416.4132466542,1762977.4938947596,1806243.4847519589,1898362.9167057227,1995789.3903306252,2186117.561648523,4446309.623920465 
 10/15  20:00:00,3798509.4462893456,2931414.263920201,2806014.435801,2845045.962741457,2918601.386621391,3007358.784545388,3264646.843741543,6264445.172463683 
 10/15  21:00:00,4588148.507169549,3745783.908633869,3637818.7320375335,3667982.3293956486,3728981.0844633626,3812074.6550912475,4115364.683009335,7647084.258079178 
 10/15  22:00:00,5164788.916738138,4340500.10942337,4231241.891263508,4261725.220504718,4324217.376129376,4414414.698029547,4767549.936463806,8712108.451296467 
 10/15  23:00:00,5642653.914374789,4861158.861244389,4754758.769396854,4784088.147600676,4844535.809715516,4936585.802029393,5329074.08168277,9620951.107301414 
 10/15  24:00:00,6063713.299849651,5331802.210384279,5231199.332672333,5258273.12092616,5314966.120686234,5407071.431629604,5834101.710931036,10447670.711756913 
 10/16  01:00:00,6507333.682679616,5828394.41193799,5735194.178346889,5760087.677792156,5812807.201598316,5904563.337344191,6364017.0072288755,11297745.990471946 
 10/16  02:00:00,7021803.8344299365,6398213.214347166,6313666.119964342,6337018.687585384,6386247.820841941,6477925.714288377,6969722.236145692,12250410.70321796 
 10/16  03:00:00,7547717.493366113,6978780.427068634,6903277.852685136,6925510.812226195,6971654.191566401,7063477.278251864,7587236.216343831,13231097.041886635 
 10/16  04:00:00,8093683.840183211,7577292.896911596,7510641.189812503,7532006.587428862,7575411.294680228,7667632.748642895,8223934.935275887,14259510.475935448 
 10/16  05:00:00,8547891.933168055,8079092.55099969,8020404.7243732205,8040788.743409475,8081538.312366004,8173990.3002427835,8758910.24938017,15133537.050068235 
 10/16  06:00:00,8804775.993168877,8374979.899707178,8322868.128802631,8342075.965298733,8380208.24453467,8472265.728156883,9076633.564625096,15652718.32953367 
 10/16  07:00:00,9113311.629702814,8721327.045015333,8675906.791747792,8694503.205375146,8730622.162728582,8822642.606067186,9445634.758639017,16220687.290720325 
 10/16  08:00:00,9369805.38422687,9014537.611597845,8978036.395561364,8998236.662664775,9034251.459464272,9127242.843248162,9759869.966812573,16570259.203066355 
 10/16  09:00:00,8568158.420322075,8212138.375932453,8188887.927920886,8216806.661204996,8257622.757087628,8349373.789527927,8902804.271035332,14232157.688625222 
 10/16  10:00:00,6054226.877947691,5616830.432227552,5603604.35368186,5642526.133233463,5690765.512963,5771740.499545472,6090735.471137361,7927068.807475161 
 10/16  11:00:00,3400115.6947820466,2846562.697642668,2824116.5038893684,2859871.821426612,2902669.0428158417,2949670.018137898,2970720.9305541217,1940810.2905312192 
 10/16  12:00:00,1562048.7949795178,1007205.6646858531,952986.3176037516,978619.0615318585,1012455.783589017,1030443.6381389184,821110.4946995301,0.0 
 10/16  13:00:00,295494.25542395626,42999.643886879494,32050.287012672925,37364.60327182431,43849.87093651289,44750.282912187686,0.0,0.0 
 10/16  14:00:00,0.0,0.0,0.0,0.0,0.0,0.0,0.0,0.0 
 10/16  15:00:00,0.0,0.0,0.0,0.0,0.0,0.0,0.0,0.0 
 10/16  16:00:00,0.0,0.0,0.0,0.0,0.0,0.0,0.0,0.0 
 10/16  17:00:00,0.0,0.0,0.0,0.0,0.0,0.0,0.0,0.0 
 10/16  18:00:00,85945.42652934616,0.0,0.0,0.0,0.0,0.0,0.0,0.0 
 10/16  19:00:00,2182826.436387711,890075.902284759,724958.8942205564,721501.990289378,742053.9944530973,699320.901049841,521449.42890293605,1912932.5099860593 
 10/16  20:00:00,3944828.21238491,2808637.7725214986,2602924.7221402437,2595851.6745024407,2612369.8170647128,2579585.825268553,2515447.5648156544,5800417.50369255 
 10/16  21:00:00,5065284.19133565,4098180.594970579,3910236.2345702485,3900074.6065362915,3913246.4595908443,3895681.298737569,3976266.1910393164,8388652.425351426 
 10/16  22:00:00,5601785.897345229,4705939.746577295,4543595.435920616,4531277.059497486,4541069.438264795,4537730.972626211,4729587.2764708055,9723134.283029683 
 10/16  23:00:00,5829104.472584265,4942657.316857649,4790016.768652154,4776257.247984999,4783738.575474763,4791337.951704408,5060215.754871938,10316289.99358765 
 10/16  24:00:00,6277021.822316447,5435734.361766942,5282776.8121726215,5268579.113012011,5277204.108373711,5291531.032167739,5611996.877680599,11198209.241245233 
 10/17  01:00:00,6835736.958658409,6057423.977777923,5913398.478245733,5899955.098274649,5909236.365349328,5932645.903606661,6315885.20836907,12343479.528340636 
 10/17  02:00:00,7220086.603354375,6506635.081077814,6375029.396104091,6363581.022749156,6374089.93734148,6406380.820306586,6840195.595628101,13111618.52713725 
 10/17  03:00:00,7298920.021355102,6642739.4266125485,6524426.535790604,6515747.595837779,6527870.890089692,6567563.024564454,7031407.869444504,13246065.339210048 
 10/17  04:00:00,7293507.095802247,6689525.912151367,6585611.290743621,6580786.3062534565,6595270.656962899,6641772.20534864,7122023.594939361,13112217.738670202 
 10/17  05:00:00,7277067.313045171,6721708.410968004,6632942.666448563,6633041.188800952,6650636.697712033,6703126.690457796,7188921.516197789,12868844.150551535 
 10/17  06:00:00,7288931.058595168,6771369.070419855,6693577.996804042,6696462.625649245,6715580.351614909,6772286.037836593,7265616.673089823,12815884.960976474 
 10/17  07:00:00,7432920.827374919,6950129.1336329,6880869.738549133,6885156.356020298,6904820.339092914,6965260.039964275,7474556.910736522,13088671.906453844 
 10/17  08:00:00,7463024.081448405,7011492.328864513,6951840.231787285,6958974.1336711915,6980323.789691731,7044480.744613718,7560509.7134874575,13096397.166718591 
 10/17  09:00:00,6533397.676297689,6104167.452471293,6067436.061325978,6088231.583949819,6119293.374612532,6188624.638166061,6647217.930347182,11032414.454112738 
 10/17  10:00:00,4100677.6527681276,3659999.7479716996,3659111.429667943,3707409.8566322806,3759021.093915464,3832797.9481668696,4123184.0269039026,5862512.33880666 
 10/17  11:00:00,1394938.8736971465,967952.6397516282,985743.9706671343,1040320.6952721943,1094822.5238639484,1159168.316997822,1232962.653764329,1104652.2335441404 
 10/17  12:00:00,0.0,0.0,0.0,0.0,0.0,0.0,0.0,0.0 
 10/17  13:00:00,0.0,0.0,0.0,0.0,0.0,0.0,0.0,0.0 
 10/17  14:00:00,0.0,0.0,0.0,0.0,0.0,0.0,0.0,0.0 
 10/17  15:00:00,0.0,0.0,0.0,0.0,0.0,0.0,0.0,0.0 
 10/17  16:00:00,0.0,0.0,0.0,0.0,0.0,0.0,0.0,0.0 
 10/17  17:00:00,0.0,0.0,0.0,0.0,0.0,0.0,0.0,0.0 
 10/17  18:00:00,0.0,0.0,0.0,0.0,0.0,0.0,0.0,0.0 
 10/17  19:00:00,0.0,0.0,0.0,0.0,0.0,0.0,0.0,0.0 
 10/17  20:00:00,0.0,0.0,0.0,0.0,0.0,0.0,0.0,0.0 
 10/17  21:00:00,0.0,0.0,0.0,0.0,0.0,0.0,0.0,0.0 
 10/17  22:00:00,266099.9583922894,0.0,0.0,0.0,0.0,0.0,0.0,0.0 
 10/17  23:00:00,691050.2808243415,0.0,0.0,0.0,0.0,0.0,0.0,640032.8581798647 
 10/17  24:00:00,1074076.338923257,0.0,0.0,0.0,0.0,0.0,0.0,1515609.615891593 
 10/18  01:00:00,1406811.8697759202,168688.22231597296,15479.975488239143,15684.581589269514,46884.15429151501,67178.91699911415,139771.78702569654,2184059.6549444357 
 10/18  02:00:00,1670697.9192871484,558131.1774649003,335338.1737651827,340462.722990755,380685.5709769283,424688.07993620576,579489.7839616664,2695285.3689543847 
 10/18  03:00:00,2101323.7531858585,1062262.1542037292,840151.6991089375,839585.4418142248,883600.1160730871,928920.9613227518,1132567.1181734873,3515274.9780555256 
 10/18  04:00:00,2448172.284666253,1449275.5962230922,1241799.6421320278,1234573.5581988834,1270162.4371197002,1315833.3244586133,1559455.592373523,4289373.554416551 
 10/18  05:00:00,2435295.3164289533,1448477.303834015,1264448.7303273361,1252043.108247989,1279184.5736295497,1322879.5103212427,1577843.3553788783,4411245.503144983 
 10/18  06:00:00,2243132.746564728,1265866.5150098605,1090130.030073333,1075101.3073015464,1095720.2379305265,1137752.1830932281,1396845.3708016041,4134130.989982838 
 10/18  07:00:00,2130626.379021324,1176567.6936773176,994445.7095172374,976283.0179125259,995805.5906870896,1039268.5154119406,1309079.813685958,3989316.5628878996 
 10/18  08:00:00,2144198.154590748,1222073.6982263713,1043196.6205866876,1023446.0462610936,1041281.7666778604,1085952.531460498,1366601.3767667278,4048518.421614544 
 10/18  09:00:00,1395131.6024408892,594759.3330447855,473348.5580302964,468930.080904052,490698.6783255401,531956.2159013308,750338.7673927546,2660814.1934881075 
 10/18  10:00:00,42979.87828878395,0.0,0.0,0.0,0.0,0.0,0.0,107358.62082148378 
 10/18  11:00:00,0.0,0.0,0.0,0.0,0.0,0.0,0.0,0.0 
 10/18  12:00:00,0.0,0.0,0.0,0.0,0.0,0.0,0.0,0.0 
 10/18  13:00:00,0.0,0.0,0.0,0.0,0.0,0.0,0.0,0.0 
 10/18  14:00:00,0.0,0.0,0.0,0.0,0.0,0.0,0.0,0.0 
 10/18  15:00:00,0.0,0.0,0.0,0.0,0.0,0.0,0.0,0.0 
 10/18  16:00:00,0.0,0.0,0.0,0.0,0.0,0.0,0.0,0.0 
 10/18  17:00:00,0.0,0.0,0.0,0.0,0.0,0.0,0.0,0.0 
 10/18  18:00:00,0.0,0.0,0.0,0.0,0.0,0.0,0.0,0.0 
 10/18  19:00:00,0.0,0.0,0.0,0.0,0.0,0.0,0.0,0.0 
 10/18  20:00:00,0.0,0.0,0.0,0.0,0.0,0.0,0.0,0.0 
 10/18  21:00:00,136261.42543885944,0.0,0.0,0.0,0.0,0.0,0.0,6941.951788611186 
 10/18  22:00:00,360872.96647309995,0.0,0.0,0.0,0.0,0.0,0.0,361480.2369325189 
 10/18  23:00:00,450764.7491245313,0.0,0.0,0.0,0.0,0.0,0.0,618069.8757394436 
 10/18  24:00:00,593949.6434324844,0.0,0.0,0.0,0.0,0.0,0.0,908062.3024066299 
 10/19  01:00:00,803094.7590928192,0.0,0.0,0.0,0.0,0.0,0.0,1224661.7210757528 
 10/19  02:00:00,1019968.4563462374,11636.915319188847,0.0,0.0,0.0,0.0,50047.67013928795,1521947.935234716 
 10/19  03:00:00,1183615.3659089177,176959.36057266954,0.0,0.0,572.2151283669517,42850.389707479924,264857.3402272799,1773396.4379594503 
 10/19  04:00:00,1307922.5328882749,330839.420653283,124208.15998139296,105287.53597526229,152887.3770910155,217734.8376148555,433068.2721565231,1968775.027721013 
 10/19  05:00:00,1465025.9735821965,502191.9206081657,325209.6021088102,310464.85045326117,345327.3532892941,406824.0367150807,616654.757413271,2211086.0085624373 
 10/19  06:00:00,1585370.41419522,648936.3776212385,471037.06785597757,458370.1007055526,489366.8532692478,550168.7185524906,774776.6946758217,2408191.177936274 
 10/19  07:00:00,1657531.5582677068,752708.7917421071,575731.0803175787,562330.8388790218,594478.1432939053,657320.0133160849,888587.5706644148,2533945.152239937 
 10/19  08:00:00,1735308.577175692,862429.2829912476,692196.6282627387,679271.3340937843,710666.8680549178,773330.6973176035,1008895.1512780171,2679708.3550455575 
 10/19  09:00:00,1669281.8425490698,827630.974930388,666557.0651723335,654567.6038818316,684600.6234080647,745828.6767728236,978423.611055175,2587338.6909721782 
 10/19  10:00:00,1535738.4714425616,719825.0413209549,567823.0344667435,556830.9905012212,585333.0660162756,644391.5110867296,869611.936905612,2389762.050908887 
 10/19  11:00:00,1349549.602606431,559327.9016817776,417192.39564829046,407468.57495808945,434354.1906528306,490877.75025313464,706797.4855702006,2123882.113865559 
 10/19  12:00:00,1172401.4708342133,517649.91558227345,405412.50764735596,398201.3494556493,419599.108163295,465122.76774068596,641934.310357165,1818425.6294089458 
 10/19  13:00:00,0.0,0.0,0.0,0.0,0.0,0.0,0.0,0.0 
 10/19  14:00:00,0.0,0.0,0.0,0.0,0.0,0.0,0.0,0.0 
 10/19  15:00:00,0.0,0.0,0.0,0.0,0.0,0.0,0.0,0.0 
 10/19  16:00:00,0.0,0.0,0.0,0.0,0.0,0.0,0.0,0.0 
 10/19  17:00:00,0.0,0.0,0.0,0.0,0.0,0.0,0.0,0.0 
 10/19  18:00:00,0.0,0.0,0.0,0.0,0.0,0.0,0.0,0.0 
 10/19  19:00:00,0.0,0.0,0.0,0.0,0.0,0.0,0.0,0.0 
 10/19  20:00:00,0.0,0.0,0.0,0.0,0.0,0.0,0.0,0.0 
 10/19  21:00:00,0.0,0.0,0.0,0.0,0.0,0.0,0.0,0.0 
 10/19  22:00:00,0.0,0.0,0.0,0.0,0.0,0.0,0.0,0.0 
 10/19  23:00:00,0.0,0.0,0.0,0.0,0.0,0.0,0.0,0.0 
 10/19  24:00:00,31572.846847078472,0.0,0.0,0.0,0.0,0.0,0.0,0.0 
 10/20  01:00:00,585591.4736431965,0.0,0.0,0.0,0.0,0.0,0.0,890778.0655602111 
 10/20  02:00:00,829082.0030757287,0.0,0.0,0.0,0.0,0.0,0.0,1231435.5758930396 
 10/20  03:00:00,981614.9028452259,0.0,0.0,0.0,0.0,0.0,0.0,1462767.8369308794 
 10/20  04:00:00,1027933.1608959737,23235.471554019023,0.0,0.0,0.0,0.0,70010.87471304636,1543146.3939294482 
 10/20  05:00:00,1113677.6962143895,134940.9285532107,0.0,0.0,0.0,16237.788294057835,199835.2530524251,1651823.3475981385 
 10/20  06:00:00,1304916.4603313287,348301.65489959327,157680.48773213377,130483.92001881148,159420.45085478603,220703.07819795707,423885.8985147687,1930926.3507277067 
 10/20  07:00:00,1345088.284546198,417321.1011432708,229552.69093367388,208016.04201529553,232390.73491760355,289261.95056127326,502256.61553757824,2010038.9990031356 
 10/20  08:00:00,1432148.158738851,535584.7007799675,351678.95537258737,329420.7201008613,354680.6742045708,413355.28270637733,632637.3623389372,2163730.7522376375 
 10/20  09:00:00,2090881.5095903063,1227871.84132219,1049142.9876205819,1027671.6695025578,1053412.8083653892,1115205.861148046,1365613.6235897122,3270598.529478248 
 10/20  10:00:00,2791711.844062816,1967168.1350191024,1796893.1225890252,1777078.1989663753,1802918.6864429198,1867198.7337895525,2149523.7428979687,4466351.253678136 
 10/20  11:00:00,2960767.0635709628,2172053.651175533,2012975.5570973982,1995337.2734736796,2020575.853668523,2084819.806426458,2377270.4181876355,4791014.856848083 
 10/20  12:00:00,2970534.4920384786,2212204.881229016,2064547.9083997793,2049200.5285356443,2073603.471377531,2136535.7822531383,2427965.9396169754,4787807.924506233 
 10/20  13:00:00,723389.97549848,324122.6348011522,291866.8802164917,307111.9800082917,337547.2239384282,383738.9350414437,460633.7715964314,584598.7519921444 
 10/20  14:00:00,0.0,0.0,0.0,0.0,0.0,0.0,0.0,0.0 
 10/20  15:00:00,0.0,0.0,0.0,0.0,0.0,0.0,0.0,0.0 
 10/20  16:00:00,0.0,0.0,0.0,0.0,0.0,0.0,0.0,0.0 
 10/20  17:00:00,0.0,0.0,0.0,0.0,0.0,0.0,0.0,0.0 
 10/20  18:00:00,0.0,0.0,0.0,0.0,0.0,0.0,0.0,0.0 
 10/20  19:00:00,77872.85168209928,0.0,0.0,0.0,0.0,0.0,0.0,149754.15400915226 
 10/20  20:00:00,265363.557713668,0.0,0.0,0.0,0.0,0.0,0.0,539474.2044099636 
 10/20  21:00:00,425668.88689080084,0.0,0.0,0.0,0.0,0.0,0.0,815519.8538380298 
 10/20  22:00:00,736732.9829165566,0.0,0.0,0.0,0.0,0.0,7133.729449483509,1311538.367987299 
 10/20  23:00:00,1038480.0404166746,91888.18236354855,0.0,3672.480152924256,37192.058254557196,84848.6836669792,281922.03986391396,1790181.6453070757 
 10/20  24:00:00,1256132.4997560615,345284.1029708783,195237.973508703,211979.72534379805,258357.86525339645,329750.24979279115,522133.36054531543,2099796.7785235057 
 10/21  01:00:00,1528094.544401608,627141.2161124303,490238.9512249996,502060.09017764154,547847.7789559125,610070.0386806187,808588.1115230644,2511849.969906814 
 10/21  02:00:00,1939582.5129114208,1041355.9111578711,907844.9973635841,916188.5489647351,957540.503416612,1022809.8564497327,1252870.697802202,3201742.8074264918 
 10/21  03:00:00,2547060.925184391,1655316.0853695795,1506709.0334745778,1509789.7136608723,1549292.760004131,1617179.8451736253,1896809.7577734317,4473082.661471404 
 10/21  04:00:00,3053446.190191945,2181816.3364852956,2027246.6022213455,2024081.9556369055,2058486.2443756035,2126606.4118475784,2452053.4906170033,5635772.112484241 
 10/21  05:00:00,3414572.53280141,2575681.957167002,2422923.3788810587,2415944.7254446046,2445987.8460538723,2513783.971168728,2872999.2766966857,6460025.6119205905 
 10/21  06:00:00,3852483.9235213622,3049272.9168282207,2899272.27056891,2888265.889668733,2913564.566538608,2981008.0872575226,3378002.2303135702,7446282.496340575 
 10/21  07:00:00,4305783.303185404,3542618.5973027423,3397402.613691476,3383236.8876297176,3404276.447357846,3471822.7593122623,3909535.632672794,8513398.324304985 
 10/21  08:00:00,4736098.264853638,4017753.2083379733,3881931.8458119393,3867909.145614726,3887233.852666103,3956259.0149887106,4424567.947566388,9360009.38489262 
 10/21  09:00:00,4124028.9272650536,3472636.6891976157,3379637.731719401,3389486.5764027443,3424466.980604215,3502377.450804841,3925745.8384011397,7852477.782063363 
 10/21  10:00:00,1563915.4228109224,1001506.2906501016,988129.8933686266,1044170.0677967707,1116551.6460239992,1206805.977426075,1441251.820826257,2514722.8011878766 
 10/21  11:00:00,15418.515800530444,0.0,0.0,0.0,0.0,0.0,234.55779616779185,0.0 
 10/21  12:00:00,0.0,0.0,0.0,0.0,0.0,0.0,0.0,0.0 
 10/21  13:00:00,0.0,0.0,0.0,0.0,0.0,0.0,0.0,0.0 
 10/21  14:00:00,0.0,0.0,0.0,0.0,0.0,0.0,0.0,0.0 
 10/21  15:00:00,0.0,0.0,0.0,0.0,0.0,0.0,0.0,0.0 
 10/21  16:00:00,0.0,0.0,0.0,0.0,0.0,0.0,0.0,0.0 
 10/21  17:00:00,0.0,0.0,0.0,0.0,0.0,0.0,0.0,0.0 
 10/21  18:00:00,0.0,0.0,0.0,0.0,0.0,0.0,0.0,0.0 
 10/21  19:00:00,249597.13543639082,0.0,0.0,0.0,0.0,0.0,0.0,661184.365049949 
 10/21  20:00:00,1829526.0163240836,362013.80525988643,203395.05305189523,232536.19362503523,303118.7942662742,359451.44485397765,429891.0477384183,3763436.659969529 
 10/21  21:00:00,2797328.6111978884,1406715.1028516719,1200988.3130555144,1257510.862600252,1350818.487426569,1420138.9537308454,1605934.5080991162,5583701.0756305335 
 10/21  22:00:00,3384821.4599079494,2143188.6588605447,1943166.0960906143,1985381.9630342098,2064497.8512657136,2136436.7449727943,2403990.6672787373,6655701.443832141 
 10/21  23:00:00,3882498.716768467,2811168.676648887,2623503.512864909,2653892.35152237,2720028.2138817203,2790986.2544997917,3118904.1136567597,7608008.649800191 
 10/21  24:00:00,4485890.520373732,3527686.2227058765,3358902.2604008773,3380489.1781862467,3435400.17145897,3505611.034880271,3884254.4967047945,8736972.260782152 
 10/22  01:00:00,4940232.989844909,4016341.6624233876,3872493.1037385715,3886363.4337056684,3929690.3375334106,3997238.419359834,4408032.6525666155,9592340.44157952 
 10/22  02:00:00,5344978.827120567,4443667.189027994,4297832.904991822,4309523.681991009,4352707.043072731,4426354.16209295,4882523.840934782,10326211.499928925 
 10/22  03:00:00,5982272.117161645,5134375.0487948675,4991193.385264448,5001136.19211138,5042620.419954117,5120352.551066162,5623632.522442782,11474375.77354531 
 10/22  04:00:00,6714424.43178071,5931884.116750143,5795399.6817014925,5802481.084869476,5840498.841842647,5921340.872720109,6478344.0392331,12934283.298990468 
 10/22  05:00:00,7311134.973272158,6594909.14069145,6466586.949774919,6470526.5024035135,6504466.197805274,6587439.635053035,7192770.026760617,14212721.279389007 
 10/22  06:00:00,7812423.505165544,7158854.63691335,7038600.940009194,7039209.821805678,7068821.371220369,7153018.038416183,7799370.882783324,15293219.189882757 
 10/22  07:00:00,8377494.197082043,7786768.957662572,7675849.6211579805,7674285.6898828605,7700496.857938529,7786195.573756663,8469744.584982198,16390073.31311097 
 10/22  08:00:00,8941970.682969082,8416894.1523336,8319796.555216648,8319754.819227961,8345474.585696342,8434127.5183644,9144730.588362254,17297348.193197653 
 10/22  09:00:00,7578581.785768999,7092770.580764138,7033296.680883925,7054706.65338233,7094990.791461673,7190421.088353697,7817150.869798594,14197025.675184239 
 10/22  10:00:00,3608486.3204212426,3050525.6769817383,3022243.085990811,3068065.98153597,3125770.077127594,3212811.6950124535,3530122.179806732,5282926.699999284 
 10/22  11:00:00,510687.88348416856,203449.05412134103,200116.4347219761,221207.0044381151,253264.13068510304,288184.04243729456,334818.0147644467,177619.84297315506 
 10/22  12:00:00,0.0,0.0,0.0,0.0,0.0,0.0,0.0,0.0 
 10/22  13:00:00,0.0,0.0,0.0,0.0,0.0,0.0,0.0,0.0 
 10/22  14:00:00,0.0,0.0,0.0,0.0,0.0,0.0,0.0,0.0 
 10/22  15:00:00,0.0,0.0,0.0,0.0,0.0,0.0,0.0,0.0 
 10/22  16:00:00,0.0,0.0,0.0,0.0,0.0,0.0,0.0,0.0 
 10/22  17:00:00,0.0,0.0,0.0,0.0,0.0,0.0,0.0,0.0 
 10/22  18:00:00,0.0,0.0,0.0,0.0,0.0,0.0,0.0,0.0 
 10/22  19:00:00,1209414.492516122,205531.73421554526,44969.30547271623,28301.97653580399,39216.882938901836,18476.974505357797,0.0,782793.3012166338 
 10/22  20:00:00,2891115.6323959767,1523898.4008564658,1317781.561870406,1301954.25835176,1316297.7795279163,1294621.5966318226,1167298.4063309473,3817925.4640746745 
 10/22  21:00:00,3709435.2560925223,2540514.872668369,2293705.2265312015,2273028.4436901277,2288443.744090805,2271534.7215020536,2297654.93212593,5711640.870244567 
 10/22  22:00:00,4409072.047779047,3392899.0727730314,3172832.405787475,3152718.1243799604,3166312.1276112683,3162234.142030821,3292812.617141198,7280664.813654017 
 10/22  23:00:00,5092522.1576488875,4145233.233792945,3957484.9415926514,3938658.2890879423,3950462.1884025484,3958614.6910875556,4180235.8614476933,8634160.893877733 
 10/22  24:00:00,6019582.999232089,5088929.038509427,4914995.992137227,4894722.832360291,4903911.916037538,4922205.9860322215,5235744.382054815,10515838.673571762 
 10/23  01:00:00,6637847.092127955,5761169.738890876,5585230.461049696,5564308.49093666,5573628.257783052,5599162.763273135,5974171.397271531,11811400.044440141 
 10/23  02:00:00,6822988.227910143,6014680.340190748,5853441.765507177,5836281.072354275,5847973.440940224,5881674.401942974,6293025.311438302,12129788.727413544 
 10/23  03:00:00,7007468.171153622,6274735.396878019,6135472.470789019,6126018.015732124,6142586.90478942,6185280.083335159,6617598.370870508,12216664.903336734 
 10/23  04:00:00,7117176.277195986,6438598.314919144,6310036.199582816,6300528.638333544,6315998.23787065,6363210.019578567,6829533.65316679,12637145.888800113 
 10/23  05:00:00,6837200.936439028,6201022.907220835,6082229.053206801,6072412.719999398,6086572.415469781,6137255.94912077,6617616.281608457,12307132.761230612 
 10/23  06:00:00,6372806.740928632,5775570.101874596,5672547.0052183345,5667778.867823686,5684544.495799879,5738646.27563099,6202158.937984484,11288212.474947825 
 10/23  07:00:00,6188699.152789136,5620801.024429986,5527838.12335157,5525341.417165338,5542875.761317867,5599138.6283022985,6059690.437206865,10913068.639412591 
 10/23  08:00:00,6018042.167585139,5476890.676187221,5392904.306026571,5391972.298720549,5409764.828249763,5468006.436281919,5927342.248847837,10621016.561651405 
 10/23  09:00:00,5990401.647137672,5478332.479156977,5406831.029104579,5410773.170917794,5431480.923673752,5493239.164711762,5951917.498726739,10524218.492357643 
 10/23  10:00:00,5037759.844737059,4564597.288450297,4535181.021462371,4567153.411991663,4608464.47134662,4681869.137458092,5066837.831741106,8256188.351353873 
 10/23  11:00:00,2687050.359268695,2199336.9163299184,2212244.266899093,2277574.747566795,2344436.234687989,2421579.733110333,2589694.476557704,3023044.7230579336 
 10/23  12:00:00,757869.7094385556,414576.7660122292,428011.4480662,472809.06076699466,516720.3417766054,557006.5158857338,575106.4673199813,241208.08868902823 
 10/23  13:00:00,0.0,0.0,0.0,0.0,0.0,0.0,0.0,0.0 
 10/23  14:00:00,0.0,0.0,0.0,0.0,0.0,0.0,0.0,0.0 
 10/23  15:00:00,0.0,0.0,0.0,0.0,0.0,0.0,0.0,0.0 
 10/23  16:00:00,0.0,0.0,0.0,0.0,0.0,0.0,0.0,0.0 
 10/23  17:00:00,0.0,0.0,0.0,0.0,0.0,0.0,0.0,0.0 
 10/23  18:00:00,0.0,0.0,0.0,0.0,0.0,0.0,0.0,0.0 
 10/23  19:00:00,0.0,0.0,0.0,0.0,0.0,0.0,0.0,0.0 
 10/23  20:00:00,0.0,0.0,0.0,0.0,0.0,0.0,0.0,0.0 
 10/23  21:00:00,0.0,0.0,0.0,0.0,0.0,0.0,0.0,0.0 
 10/23  22:00:00,191728.46708112775,0.0,0.0,0.0,0.0,0.0,0.0,106409.0496411678 
 10/23  23:00:00,859669.0791065355,0.0,0.0,0.0,0.0,0.0,0.0,1017844.0278905879 
 10/23  24:00:00,1348717.7806877184,228021.66663836982,80289.08709686366,87424.02521766635,119830.89438560855,150724.44916975364,237924.16441506502,1952443.9063595128 
 10/24  01:00:00,1691004.1410837602,678486.4438610879,481239.43865924666,494728.1120405475,546070.4155165106,589436.0567960335,729295.1145474872,2599811.5958385356 
 10/24  02:00:00,1884895.951550949,929760.3974535421,752756.1081287451,761660.9221988022,805180.2213143354,849122.634055652,1013270.0635979564,2896140.576285325 
 10/24  03:00:00,2197401.783981489,1271262.0890352107,1114503.6119617275,1120849.7452209268,1158979.6161556065,1203154.5272562727,1388033.91117086,3376552.4603977967 
 10/24  04:00:00,2431455.762578712,1512181.6714863467,1373595.5813506416,1377876.559032053,1410404.2833996892,1454370.9133334402,1654102.0073734839,3770581.609864516 
 10/24  05:00:00,2645436.4471544907,1751129.1000011158,1606863.449784159,1610904.6189013056,1644424.4327691412,1692002.2477101842,1913522.5215130209,4131081.63534094 
 10/24  06:00:00,2877285.2157203397,2016263.3468020766,1874714.865312456,1878387.9077986989,1911510.987054248,1961516.6735464723,2201745.8770585493,4529895.206626917 
 10/24  07:00:00,3091394.8605101607,2267694.585069291,2132184.795776695,2135585.293032139,2167642.661564726,2219587.524947338,2479040.161508127,4951760.330890153 
 10/24  08:00:00,3378676.5310783526,2593543.095993897,2465437.517777624,2468750.2406678936,2499613.778884306,2553326.266799275,2832311.077867112,5474936.863126684 
 10/24  09:00:00,3688350.454879132,2940634.4161360743,2820474.039448201,2823835.630203909,2853468.8684242168,2908585.554671449,3204644.787637047,5997635.7092260495 
 10/24  10:00:00,3901169.7439549686,3188268.368770866,3076083.5261284346,3079587.1226905687,3108009.189845785,3164129.912918507,3473265.8154042535,6369687.445593029 
 10/24  11:00:00,3980931.2902531894,3298464.085515286,3193774.4469505316,3197458.1279182136,3224718.96638148,3281371.9374669767,3598591.6870561633,6537080.817405895 
 10/24  12:00:00,3962482.245776303,3307539.5377467624,3209952.9562269486,3213886.891026361,3240076.589780915,3297025.6348913014,3620334.9092555186,6588427.765246432 
 10/24  13:00:00,3673774.713183983,3033157.0979373693,2943989.230848059,2949982.4083180213,2976211.9653697344,3030447.6036471496,3313369.773330135,5659900.475925593 
 10/24  14:00:00,1781607.0961875613,1131053.174248722,1051143.7570067386,1055252.9544728007,1074760.3097732153,1099594.9045527712,1111230.2919208696,734868.3985274038 
 10/24  15:00:00,1084703.553982114,429145.44336583785,354896.8481359858,357291.35718223994,374262.58801367803,388741.32142042945,343220.9106073409,0.0 
 10/24  16:00:00,538933.2984961729,103140.54619848757,67756.96621484676,68932.04823227716,77783.57508686167,84109.43043439183,46873.33514738566,0.0 
 10/24  17:00:00,0.0,0.0,0.0,0.0,0.0,0.0,0.0,0.0 
 10/24  18:00:00,1389088.6630463079,802880.9165537984,734379.1688148107,730107.072988963,739710.0280010389,757416.1154636022,847849.1769708272,2374455.1090851463 
 10/24  19:00:00,3466027.9126516543,2658506.8912932826,2527454.5343367443,2520523.0120440917,2538169.330321577,2576427.2728624623,2821687.6944403164,6106960.544167118 
 10/24  20:00:00,4360814.598239207,3607376.171875413,3487281.452259915,3479576.559978171,3495187.5215789136,3536792.742866767,3832894.6542256353,7632161.108784635 
 10/24  21:00:00,5307542.668575689,4597348.008610817,4481831.340630892,4473971.476682776,4489395.472958939,4536961.955918828,4897760.11937895,9409922.360399865 
 10/24  22:00:00,6015124.569328876,5349672.508821335,5239145.765478682,5230375.832099755,5244720.078157535,5297238.670752901,5718184.8142309515,10900355.744309241 
 10/24  23:00:00,6197846.13717363,5566709.358167166,5460716.447955109,5450890.21619331,5463869.549041245,5519003.564393652,5970111.75947261,11328835.5115444 
 10/24  24:00:00,6036450.91278641,5434110.964118022,5335190.3628216395,5326357.664704378,5339396.206713155,5396267.687788675,5849331.198046592,10925518.377128763 
 10/25  01:00:00,5981437.392164263,5402808.454282385,5309245.052552233,5300738.50277873,5313346.389040301,5371112.292384243,5829329.470017709,10803010.886254169 
 10/25  02:00:00,5968527.015508839,5415951.647829071,5329128.753285003,5322025.657728246,5335055.137290487,5394543.598637248,5858458.454228075,10733279.635173175 
 10/25  03:00:00,5920216.683488376,5386297.770223159,5304626.678039416,5298405.785536972,5311492.12737029,5371618.155816841,5835969.258403299,10620740.25089548 
 10/25  04:00:00,5703008.4841686515,5182317.738737324,5104342.553166757,5098194.140296068,5110733.637223262,5170865.875415267,5630964.906449028,10248714.232045425 
 10/25  05:00:00,5324476.460298127,4817569.420915929,4748471.564475859,4746540.582016914,4761564.257361899,4822340.62470253,5259198.496432688,9420115.83458434 
 10/25  06:00:00,5052179.8368125465,4554539.081210849,4491922.388535321,4493115.680677354,4509926.576534394,4570805.129986636,4989164.142458389,8820457.295388201 
 10/25  07:00:00,4945131.656951426,4445914.419220442,4382569.419882501,4382329.2254955955,4397720.902853718,4457188.085634073,4870822.828282961,8683242.60795006 
 10/25  08:00:00,5025758.347706407,4522502.729551606,4454279.045117876,4449843.405922697,4461931.316208035,4519707.856636944,4943858.170142321,8969804.00345166 
 10/25  09:00:00,4753940.403961565,4274868.209147967,4223315.609739087,4228995.436587167,4248116.615458696,4310347.5454032365,4720213.1778944675,8447961.790816577 
 10/25  10:00:00,3219476.443388019,2808778.366480107,2825172.5366586214,2878282.6952135675,2931940.3857248416,3012677.668959619,3329699.575482344,5427252.696131958 
 10/25  11:00:00,1481292.0622284715,1109263.7180625056,1179977.7888009965,1271938.3414930112,1351260.941345949,1440390.62190609,1618220.0165040456,1969626.2665185581 
 10/25  12:00:00,1002118.3122133049,601680.7630628624,661392.0214972021,747784.586725454,824722.238027933,903730.4681969808,1019268.3212129256,1035105.1588250224 
 10/25  13:00:00,2329550.3879018202,1809481.844990127,1820720.1209704815,1871040.931320326,1919946.1624912454,1988469.6850166935,2234415.8768330873,4021160.5159022515 
 10/25  14:00:00,1190213.026684434,747243.0061245599,748477.3305806739,789053.8532534875,837315.2678969026,898975.0214916262,1043617.6957654229,1760052.5610780667 
 10/25  15:00:00,60438.24580987712,0.0,0.0,0.0,0.0,1767.9763527979962,9436.22410416574,0.0 
 10/25  16:00:00,204142.33105041934,0.0,0.0,0.0,0.0,0.0,0.0,0.0 
 10/25  17:00:00,274486.5899282522,0.0,0.0,0.0,0.0,41116.6765138987,94773.96066523361,236504.4909326651 
 10/25  18:00:00,1665498.5517717288,1002785.6133917697,975028.0937348813,1040360.0662754514,1114105.0649240788,1166927.4059479083,1331318.16744776,2613078.7839450873 
 10/25  19:00:00,2958301.578095311,2317753.7012790022,2275209.9788597506,2314693.0635236,2363003.3525289297,2427384.4578312854,2660041.495158641,4861429.79079169 
 10/25  20:00:00,3432939.944098516,2811472.058839869,2767765.9823876237,2804013.8381985174,2849563.335628202,2914122.4305455303,3172434.189312049,5655052.391528265 
 10/25  21:00:00,3685097.9016769067,3078876.8442574264,3033404.9432266047,3065833.026501189,3108111.6693823487,3171958.5735846213,3447765.5249319794,6093803.657541785 
 10/25  22:00:00,3689590.257092663,3088060.8977237167,3038944.746704142,3066371.361444035,3104277.2394123864,3165737.898606918,3448821.386279063,6122316.781462819 
 10/25  23:00:00,3569076.2065284303,2967078.846073692,2913683.879332131,2936175.2309343545,2969820.566382339,3028596.2803412797,3314369.257749858,5955668.807929395 
 10/25  24:00:00,3625078.6443632776,3038191.3050373057,2985439.7643617806,3006310.8733680234,3038518.132274869,3097156.5550097832,3388892.306847716,6046556.098873842 
 10/26  01:00:00,3751350.2891454715,3182019.4487547926,3131131.1083895154,3151320.459772249,3182812.9277949156,3241797.993218459,3540987.9930904536,6259721.824279352 
 10/26  02:00:00,3846590.4176061554,3287636.514928086,3236612.9051327147,3254912.449007167,3284676.0587010393,3343155.774380151,3649682.68611491,6440833.0283952905 
 10/26  03:00:00,3760399.3937101057,3204776.7185907317,3152417.422199459,3168190.365556572,3195646.017947315,3252647.738042608,3559449.5684890235,6315265.770199915 
 10/26  04:00:00,3469153.587342535,2902591.3893096196,2845732.5304580666,2857403.754080045,2881306.170517841,2934995.1292062644,3230105.6336668897,5793979.064187209 
 10/26  05:00:00,3388985.674806123,2822788.5051764706,2764821.92863453,2774843.6764673335,2797282.3260024632,2849800.054961801,3142005.526028722,5655853.345226029 
 10/26  06:00:00,3365540.127747926,2799746.9741870533,2740855.311533195,2749566.3819198683,2770854.8515990246,2822548.6212954363,3113850.93842869,5615425.963435472 
 10/26  07:00:00,3301766.114714109,2736003.894919796,2676038.2137457286,2683242.3963299096,2703199.7071751235,2753893.8361025886,3043184.292169437,5510762.939320956 
 10/26  08:00:00,3177444.7527828403,2610044.0155472783,2549163.8101474005,2555217.3716247873,2574135.8235649653,2623787.538193092,2908108.355965099,5301177.159306434 
 10/26  09:00:00,3053877.1624570293,2490930.037248935,2433390.4895990402,2441216.4880224625,2461243.0166329807,2511110.440733527,2786835.8572125393,5044078.597264474 
 10/26  10:00:00,2812293.027242023,2268864.468147031,2225593.752125859,2242552.020042573,2268966.2460970213,2321913.349186351,2575503.914545629,4469923.212675849 
 10/26  11:00:00,2381773.7879675375,1869296.1887579921,1850849.356534238,1884533.940508058,1922883.4987713215,1981208.0988373954,2193003.91308565,3449643.649378894 
 10/26  12:00:00,1921324.4303999352,1418628.0200275783,1413767.0018993975,1457304.9817205318,1502670.2311497764,1562397.6512580616,1732531.4331305637,2479225.8298805016 
 10/26  13:00:00,1739640.2488486564,1223588.496916287,1218276.6482362219,1262831.07244329,1308957.262584225,1366575.6212974011,1510958.3416957364,2030956.4841077665 
 10/26  14:00:00,1854917.3176329862,1320600.7461997417,1309661.7298424055,1351728.9289713954,1396165.600510761,1451552.4619970617,1591327.0463059745,2161976.699230535 
 10/26  15:00:00,1935460.565391969,1383568.31658944,1366386.0623249365,1405341.2897818328,1447654.2055949061,1500987.7594286227,1638808.2437931967,2259406.421129298 
 10/26  16:00:00,2100511.632873047,1531277.540750486,1504971.083527252,1538487.6375223803,1576864.6704594633,1627426.823707076,1773326.2468576794,2586607.4998570606 
 10/26  17:00:00,2149130.4829650414,1575478.5294434829,1547424.3881922828,1580130.6563525256,1618012.2693450293,1668765.0056961766,1824985.531794485,2808461.419585308 
 10/26  18:00:00,2741229.058644997,2148879.2481170665,2103831.4308988135,2124876.2450697087,2154291.151007534,2203380.055788426,2420676.192313801,4337686.076834639 
 10/26  19:00:00,3459895.528613928,2866506.723514275,2809830.5106408536,2821800.96919557,2844422.550463176,2892331.603340147,3158739.1304835323,5795397.3034901265 
 10/26  20:00:00,3818044.2782105342,3236379.607062029,3179340.2960054707,3190116.1141157094,3211926.9894113494,3261627.2709795376,3553260.9545265627,6457329.747299546 
 10/26  21:00:00,4102919.8613091875,3544625.38219587,3492206.932682963,3505470.193847937,3529713.115301986,3582400.0984284217,3877968.490747613,6706439.561328314 
 10/26  22:00:00,4238368.309008987,3690672.227583647,3638721.626200402,3651323.6881497083,3675050.37583852,3728435.486949063,4034782.3578618844,6951459.741598425 
 10/26  23:00:00,4334408.208752007,3797140.6759500764,3745747.5301733273,3757712.857888898,3780929.729074207,3835034.276974059,4151578.4395707487,7152919.90243274 
 10/26  24:00:00,4425107.217511655,3897446.9801032534,3846736.061282781,3858181.2016511546,3880955.963675426,3935654.127735367,4260254.372503385,7320267.611885698 
 10/27  01:00:00,4631603.561361638,4105145.0645604786,4048480.1837617457,4054444.0384800406,4072874.247186758,4127341.9727676217,4490963.610738408,8134234.676496121 
 10/27  02:00:00,4832451.913896238,4310469.06255832,4249908.287955958,4251661.528378615,4266724.117960649,4321677.197235951,4718873.736610092,8820665.234468723 
 10/27  03:00:00,4914138.284033308,4399999.311361029,4340602.486894049,4342442.384866088,4357555.078454222,4413123.524587291,4814811.119258184,8892064.750241905 
 10/27  04:00:00,5211728.663093653,4705234.949578309,4641967.795739151,4639870.484854927,4652027.542597612,4708171.85771415,5144360.074745008,9725793.045274273 
 10/27  05:00:00,5644376.080173936,5153819.705676248,5089092.2819457175,5084276.605673556,5094359.282024399,5152469.014824536,5631233.52624132,10828301.238406694 
 10/27  06:00:00,6126373.048499919,5653804.483691511,5588876.756563037,5582354.844022013,5591215.029891067,5651534.840886999,6165264.412622947,11820554.426734557 
 10/27  07:00:00,6427990.403612932,5973334.381828705,5909846.398048247,5902751.045199994,5911149.9987567095,5973508.20957055,6512985.364746344,12471771.853327256 
 10/27  08:00:00,6471460.038140526,6030945.774328883,5970797.403263571,5964806.305395785,5974000.996572384,6038541.466179584,6589034.396411905,12572515.407688957 
 10/27  09:00:00,5854115.702206702,5434239.220687764,5398167.843753779,5409288.183757464,5431413.535185511,5502899.376507977,6001549.9188609235,10880672.462632138 
 10/27  10:00:00,3480938.495043897,3082376.639931853,3109903.875328231,3170627.875376505,3231122.320661919,3319936.346930069,3652316.364124396,5708190.706011779 
 10/27  11:00:00,1082432.2732630288,690501.4783120205,768669.9842252987,871647.5569136951,960438.8137603499,1053596.3482414067,1185241.0302046803,1163968.560754751 
 10/27  12:00:00,57768.75301807013,0.0,0.0,11480.157119205982,26722.79132041731,52774.16084915312,73755.01906501595,0.0 
 10/27  13:00:00,0.0,0.0,0.0,0.0,0.0,0.0,0.0,0.0 
 10/27  14:00:00,0.0,0.0,0.0,0.0,0.0,0.0,0.0,0.0 
 10/27  15:00:00,0.0,0.0,0.0,0.0,0.0,0.0,0.0,0.0 
 10/27  16:00:00,0.0,0.0,0.0,0.0,0.0,0.0,0.0,0.0 
 10/27  17:00:00,0.0,0.0,0.0,0.0,0.0,0.0,0.0,0.0 
 10/27  18:00:00,436676.0427119443,0.0,0.0,0.0,29222.070004850688,55920.50564692254,46298.16784317809,390944.9423253536 
 10/27  19:00:00,2084524.0016300916,1118183.0987047828,1022670.8563791718,1121454.6045250664,1217630.9887769297,1272743.4803485407,1310721.4372276794,2971164.35822175 
 10/27  20:00:00,3187704.187585716,2285182.516337205,2191540.5562811866,2252666.459852274,2324952.983803519,2376810.2315285956,2511781.744117498,5316593.650969021 
 10/27  21:00:00,3961257.926783145,3112379.263879141,3012243.9062068113,3053244.357932375,3107475.6653054226,3155295.2306433483,3375950.1753223627,7046860.972018574 
 10/27  22:00:00,4603053.994679033,3751927.6152734035,3651107.515522631,3678784.787649356,3724697.9645606773,3777019.8817953113,4065226.7601674874,8433014.833674733 
 10/27  23:00:00,5023295.385462339,4197006.421474572,4093014.2838885747,4120967.706188008,4167306.7625847626,4224763.749083707,4559899.474892841,9225794.748280134 
 10/27  24:00:00,5116336.12919268,4341074.278571476,4247307.256167376,4277507.492412039,4324795.450757351,4386979.516975061,4736284.585737258,9105340.782853948 
 10/28  01:00:00,5162457.096955588,4431760.592231141,4344908.708496652,4373888.489911701,4419250.234332273,4483193.436609805,4845919.294445084,9086338.056267345 
 10/28  02:00:00,5254277.485236919,4559567.176402262,4474938.365325714,4499565.412823051,4540764.780884998,4605322.471551628,4988670.727045512,9294323.064941155 
 10/28  03:00:00,5391628.528085606,4732302.668798528,4650208.237873819,4670509.988038458,4707485.983385648,4772287.454048172,5175793.570354566,9595961.606314221 
 10/28  04:00:00,5631641.42031606,4998722.449411863,4914079.268768158,4927140.268368551,4957895.116240893,5021908.214187049,5455684.95886365,10219747.745293206 
 10/28  05:00:00,5890550.41418835,5285200.319131462,5199843.828830961,5207273.229648713,5233080.155656323,5296940.833546611,5757716.236499535,10814836.127808793 
 10/28  06:00:00,6154998.722560908,5583347.803879166,5502482.209587741,5508132.149220234,5531862.791921547,5596980.500816578,6076300.246864152,11264205.878361953 
 10/28  07:00:00,6146494.339842804,5615142.434834269,5547440.65296901,5557509.317718961,5583646.456194406,5651600.407057552,6124423.1979169035,10997298.452818444 
 10/28  08:00:00,6162383.684833348,5655095.369877378,5593453.105185832,5604183.430082607,5630059.422333461,5698517.410301186,6172315.0315364655,10971896.833396902 
 10/28  09:00:00,5883344.245558043,5413014.065757626,5370637.218059883,5391151.873951247,5423495.179209455,5496321.162897598,5947738.788473744,10232484.06633266 
 10/28  10:00:00,4628143.679051654,4191519.362399375,4188446.0541394195,4235156.499602451,4286182.44249744,4366527.315516444,4722324.053257392,7343751.089254974 
 10/28  11:00:00,3422782.335017789,2992111.8416450117,3010519.935272171,3072011.3921379936,3133331.900874335,3215159.8925470044,3490129.1537964167,4994774.790700976 
 10/28  12:00:00,1899560.8320675385,1509248.687564704,1577959.6738438779,1677096.667631883,1765060.757634607,1856297.382499541,2008254.0340927215,2169121.30838318 
 10/28  13:00:00,197359.4342996585,89055.84920490801,124076.2052619917,166538.61672850765,218056.5089410491,268245.42042820685,295139.25331606006,93660.42852110113 
 10/28  14:00:00,0.0,0.0,0.0,0.0,0.0,0.0,0.0,0.0 
 10/28  15:00:00,0.0,0.0,0.0,0.0,0.0,0.0,0.0,0.0 
 10/28  16:00:00,0.0,0.0,0.0,0.0,0.0,0.0,0.0,0.0 
 10/28  17:00:00,0.0,0.0,0.0,0.0,0.0,0.0,0.0,0.0 
 10/28  18:00:00,0.0,0.0,0.0,0.0,0.0,0.0,0.0,321544.7480329182 
 10/28  19:00:00,790095.9455600198,0.0,0.0,29654.586048485362,93070.11087233695,147334.84949869456,266883.3237012557,1731454.2520784263 
 10/28  20:00:00,1468439.5259181475,555439.910220918,510908.61769508774,615889.772047379,712274.6195206055,817100.0102822917,1006893.3761223932,2854449.0157775236 
 10/28  21:00:00,1848360.072843274,1001680.0114153929,950453.9701167059,1036416.3034815517,1129802.9475511168,1220246.0962222004,1433323.2430826523,3462683.21529985 
 10/28  22:00:00,1911486.1751591875,1111488.0102850206,1052042.3440094995,1121134.2082491247,1199217.386533359,1279161.9996421244,1494431.2014123339,3562145.8911795 
 10/28  23:00:00,1922991.092939394,1131715.5333919902,1067787.798225366,1120022.835971098,1182731.8815108244,1255086.4835803995,1480995.7423898377,3543126.004221798 
 10/28  24:00:00,1957007.256830661,1153270.2629619876,1086375.819319903,1131657.6976218421,1194088.9639047033,1269440.4502941149,1505390.3968876358,3541582.346196956 
 10/29  01:00:00,2004219.4095269796,1202011.2820782452,1128882.1563288816,1172548.0225398932,1232269.037413565,1306327.8958662385,1548440.4154482428,3573313.800663372 
 10/29  02:00:00,1991955.9077762982,1199321.0920429484,1122019.8206509028,1161026.077284047,1216417.8755148735,1287985.331374628,1532852.6153240076,3523707.544022667 
 10/29  03:00:00,1907282.5584875725,1127521.8841121853,1047185.3161874388,1080810.6914946737,1131202.9067579804,1199354.0860536727,1441112.9651939438,3343150.3103309707 
 10/29  04:00:00,1836100.370497437,1061390.1386825892,974661.1995676649,1000516.4063043995,1044158.6348069222,1107574.8025598018,1348918.2048788178,3268544.22396678 
 10/29  05:00:00,1708635.2604054832,934963.9277128372,840095.0684914379,857014.0440310629,893169.4226668129,951535.1645235992,1192899.2807131987,3117672.959089236 
 10/29  06:00:00,1531442.8493682018,771045.8463193078,675800.0364118838,688659.369519951,720772.5139197296,775637.5218047602,1004751.7205675759,2742497.9202974094 
 10/29  07:00:00,1433672.9711147533,692771.0432352789,601777.0826719482,614162.6636118541,644936.3819745167,697834.822268432,913172.860077351,2446916.7669591336 
 10/29  08:00:00,1409166.0384652396,680740.2134212272,591522.9932934337,602432.7987832599,631338.608451189,682228.9388848236,889096.7316764016,2328046.6781689553 
 10/29  09:00:00,1195189.6777201036,486488.55214104115,403771.5150264732,415817.9151391975,444522.66353764135,493768.7156550892,682235.0963005855,1893928.2694006471 
 10/29  10:00:00,578154.4937255095,45685.44215545262,22011.910829355475,27738.535670722194,38232.76348534855,54475.71949424601,135079.76331244136,746340.4379759509 
 10/29  11:00:00,55122.010049449455,0.0,0.0,0.0,0.0,0.0,0.0,11599.017711872877 
 10/29  12:00:00,0.0,0.0,0.0,0.0,0.0,0.0,0.0,0.0 
 10/29  13:00:00,0.0,0.0,0.0,0.0,0.0,0.0,0.0,0.0 
 10/29  14:00:00,0.0,0.0,0.0,0.0,0.0,0.0,0.0,0.0 
 10/29  15:00:00,0.0,0.0,0.0,0.0,0.0,0.0,0.0,0.0 
 10/29  16:00:00,0.0,0.0,0.0,0.0,0.0,0.0,0.0,0.0 
 10/29  17:00:00,0.0,0.0,0.0,0.0,0.0,0.0,0.0,0.0 
 10/29  18:00:00,0.0,0.0,0.0,0.0,0.0,0.0,0.0,0.0 
 10/29  19:00:00,0.0,0.0,0.0,0.0,0.0,0.0,0.0,0.0 
 10/29  20:00:00,0.0,0.0,0.0,0.0,0.0,0.0,0.0,0.0 
 10/29  21:00:00,0.0,0.0,0.0,0.0,0.0,0.0,0.0,0.0 
 10/29  22:00:00,0.0,0.0,0.0,0.0,0.0,0.0,0.0,0.0 
 10/29  23:00:00,0.0,0.0,0.0,0.0,0.0,0.0,0.0,0.0 
 10/29  24:00:00,0.0,0.0,0.0,0.0,0.0,0.0,0.0,68980.3620437393 
 10/30  01:00:00,161088.09539199286,0.0,0.0,0.0,0.0,0.0,0.0,534612.8150968056 
 10/30  02:00:00,360135.61315087136,0.0,0.0,0.0,0.0,0.0,0.0,918947.5177396584 
 10/30  03:00:00,400966.02946141065,0.0,0.0,0.0,0.0,0.0,0.0,839399.8469018975 
 10/30  04:00:00,489068.0735407674,0.0,0.0,0.0,0.0,0.0,0.0,852790.8768271927 
 10/30  05:00:00,748068.6702626627,0.0,0.0,0.0,0.0,0.0,0.0,1320167.6577537176 
 10/30  06:00:00,1022383.2898843569,0.0,0.0,0.0,0.0,0.0,57989.00537977024,1804877.3031569452 
 10/30  07:00:00,1326182.984684901,275027.72337477223,61056.279754920986,42240.57876355655,58335.213547959574,112323.58458119124,398564.9550998569,2280228.5757961073 
 10/30  08:00:00,1443670.4264660266,423425.20470883464,213361.19619919045,178774.54489857046,210539.28703937272,290466.97219648777,560159.9427446243,2398501.452087148 
 10/30  09:00:00,1373751.5503282326,402574.9455716636,208896.8930241099,186315.08423844643,213826.0397562597,284167.6113668611,550613.6235676692,2206353.240895791 
 10/30  10:00:00,926862.037055353,73294.89644604328,11927.702695953487,9457.342648236954,14664.679464012443,38319.63173413096,200598.41794167442,1256100.9552498772 
 10/30  11:00:00,703565.8677402652,0.0,0.0,0.0,0.0,0.0,21830.924832569144,782681.5329308491 
 10/30  12:00:00,586587.7763120064,0.0,0.0,0.0,0.0,0.0,0.0,503370.3336994455 
 10/30  13:00:00,489006.5200299112,0.0,0.0,0.0,0.0,0.0,0.0,217086.95021232124 
 10/30  14:00:00,647962.1994087036,0.0,0.0,0.0,0.0,10652.756515298097,121966.2765315923,404161.8575844274 
 10/30  15:00:00,1153827.852907969,402686.7971324289,276119.033292745,293259.8878557605,355730.6097138673,457864.57278377493,639008.2663803594,1267299.6726582423 
 10/30  16:00:00,1952517.8817047663,1179976.65105808,1049558.7504649055,1057366.178347764,1107873.3348020744,1194680.59263646,1425511.6465373388,2751137.600048726 
 10/30  17:00:00,3051810.4730556714,2279652.2252068073,2133515.5794171235,2130523.338048323,2173702.6306268848,2260697.155137663,2563264.8624375826,4961825.222672808 
 10/30  18:00:00,3481842.82785031,2741986.31829589,2604053.0246838275,2601540.764926665,2642488.7237262577,2727816.714596405,3051225.0882488503,5749532.7685043635 
 10/30  19:00:00,3984398.567516699,3280167.044090522,3151797.3483883026,3150213.050634817,3189052.260768549,3272903.639994891,3618126.6299426355,6617671.517211007 
 10/30  20:00:00,4536866.657296573,3870358.176843003,3752064.6157039884,3751550.1732664034,3788362.832800964,3870926.6706762156,4238534.143652965,7548981.695078651 
 10/30  21:00:00,4993419.091455124,4362652.566572869,4254031.182829154,4254384.397949813,4289029.486673822,4370182.285182909,4759812.706805446,8380316.270520121 
 10/30  22:00:00,5103279.863567362,4490909.887341877,4388569.469572807,4387957.18265471,4418903.927688325,4497115.18419881,4902452.707008246,8735591.759927984 
 10/30  23:00:00,5403821.129250745,4821655.645733069,4727940.492332253,4728366.629695624,4757718.537985649,4834942.67169533,5257238.70380917,9308585.516023804 
 10/30  24:00:00,5647763.510509168,5092891.656311739,5007037.231949928,5008425.947930368,5036355.880548686,5112687.453253228,5549675.064940482,9787480.40003456 
 10/31  01:00:00,5799987.674438513,5267692.194765206,5188372.140147081,5190343.829262672,5216798.780182669,5292100.061493696,5740334.862458159,10113706.684506293 
 10/31  02:00:00,5959006.3723565275,5448649.299204763,5375718.032625183,5378548.559807276,5403962.22916059,5478580.290880439,5936779.614537995,10421552.3141617 
 10/31  03:00:00,6171493.2868224345,5683233.74678139,5616530.082838815,5620442.009240527,5645200.700779028,5719555.092334116,6188665.499499097,10805275.259184849 
 10/31  04:00:00,6266069.95209397,5795371.180304294,5733720.832511109,5738458.023403176,5762630.901003798,5836655.351696755,6312434.8514069375,10989639.194535827 
 10/31  05:00:00,6466976.85843072,6008598.2524160165,5947029.008604297,5949197.833372891,5970321.797632739,6042964.021357272,6539922.597857118,11572765.586369429 
 10/31  06:00:00,6682050.551116468,6236041.961513166,6174528.477165079,6174466.980887332,6193132.600862351,6265213.179171816,6780799.488421451,12087067.574576396 
 10/31  07:00:00,6764245.367214013,6340301.660387801,6287506.075844891,6291386.488282981,6312175.213925114,6385605.681117716,6896713.405040607,12007316.525687054 
 10/31  08:00:00,6754891.216775991,6349541.281840628,6305518.725796625,6313755.9686044995,6337000.786051836,6411373.136263714,6913307.827736061,11821146.00412076 
 10/31  09:00:00,6546332.431927528,6154603.511922118,6119354.77691813,6132209.996608039,6158131.229299652,6233400.673476457,6722817.57369106,11399007.633129824 
 10/31  10:00:00,5633926.31607229,5262361.175172537,5253079.476331981,5283286.853203734,5321163.800190866,5400928.504495197,5832372.559932241,9492764.254020216 
 10/31  11:00:00,4212669.391847315,3854213.886957949,3877822.969165334,3931778.260896428,3986453.587552942,4071663.071116953,4414894.681068746,6694175.624007923 
 10/31  12:00:00,2636606.0255522737,2278584.862997847,2337515.541401495,2419087.475081152,2493850.6552166264,2582858.7458248367,2791208.2831777767,3365713.894839934 
 10/31  13:00:00,1418572.0666092255,1039405.4779759287,1110707.494438377,1205619.9145030128,1290990.4322588162,1373975.226532093,1442446.5541294967,1100360.7527276864 
 10/31  14:00:00,267516.1649100992,76670.20269121713,101962.01026693308,149286.1365698569,190445.4888757202,226856.61945571197,232102.53789386913,0.0 
 10/31  15:00:00,0.0,0.0,0.0,0.0,0.0,0.0,0.0,0.0 
 10/31  16:00:00,0.0,0.0,0.0,0.0,0.0,0.0,0.0,0.0 
 10/31  17:00:00,0.0,0.0,0.0,0.0,0.0,0.0,0.0,0.0 
 10/31  18:00:00,660614.9830710972,202971.80991276843,119259.1836373351,131039.01384718192,158823.4121365036,192993.7773451646,309089.1756384925,1661190.5365659855 
 10/31  19:00:00,2763767.0935921576,1880066.700935703,1782316.9444403553,1798552.766321943,1832349.85457593,1877428.911330832,2081260.280569525,5406949.583087564 
 10/31  20:00:00,4117409.126972974,3287129.2628120584,3169206.7430511294,3183066.45055858,3219072.7770499145,3276301.436541595,3587448.6808877224,7726357.777123242 
 10/31  21:00:00,4808448.79402917,3983360.998560896,3873435.4265535935,3882660.2854701113,3913989.214289634,3973870.4005381367,4342387.186542294,9037006.673684988 
 10/31  22:00:00,5511871.706925663,4716915.929808811,4603862.945350142,4612769.586219044,4645096.24518435,4712199.417357604,5142060.651862503,10417976.698536877 
 10/31  23:00:00,6328018.641703213,5585195.482597724,5475863.204754593,5483317.980461169,5514237.595037552,5586345.079731534,6079673.267480896,12050362.599266287 
 10/31  24:00:00,6940643.6567346305,6249622.77694149,6143064.87787939,6146759.107821311,6174128.084476413,6248795.849009145,6794807.943992055,13334660.847343706 
 11/01  01:00:00,7372526.447562169,6728873.549061944,6625014.442068936,6624684.254436508,6648198.148207787,6723905.241412401,7304989.52264819,14147253.944330582 
 11/01  02:00:00,7633558.273921481,7036645.84655432,6938157.8978624875,6935664.313811213,6956556.447356542,7033170.825934611,7638685.791938017,14639964.656046133 
 11/01  03:00:00,7982263.779701816,7433525.420759601,7341349.034517372,7337330.517906275,7356020.425515827,7433967.331802435,8068814.732291139,15359456.642174253 
 11/01  04:00:00,8407719.625602834,7906757.4451833945,7821382.618431642,7816506.938511202,7833582.425300973,7913193.064716665,8577180.05538553,16184888.072347157 
 11/01  05:00:00,8785488.394249042,8327725.526755226,8248755.320757473,8243282.552541059,8259023.785608231,8339998.773063514,9027720.13399602,16883056.27640562 
 11/01  06:00:00,8892742.543689586,8475907.027405731,8407775.402844816,8405448.75536991,8422709.3076768,8505872.561970308,9194686.686932717,16856359.17995861 
 11/01  07:00:00,8625466.460916454,8240751.09809235,8186875.606412964,8191063.5072848,8212332.534920885,8297060.090748727,8956024.010235405,15932800.213923836 
 11/01  08:00:00,8273603.374826574,7908552.017141319,7864133.775800198,7872281.14434901,7895713.993638562,7980331.053483387,8611956.701619998,15047646.656974185 
 11/01  09:00:00,7567131.4012793545,7222498.575208022,7196140.811865602,7214737.553073155,7245087.1594218975,7331829.215864447,7917088.567973808,13525988.90634701 
 11/01  10:00:00,5754351.736649205,5449984.864542758,5480472.101140188,5538735.9119403465,5597712.836382618,5697724.75670785,6172229.542956262,9818898.558805037 
 11/01  11:00:00,3662956.1728289197,3360799.730492098,3435727.6682104226,3529814.018170319,3615513.051200317,3724316.2031749245,4053815.4327124013,5595448.869421542 
 11/01  12:00:00,2493139.45424257,2184490.781679665,2277563.5670116725,2381230.157389943,2471693.5730135096,2573653.9265924613,2791927.039948637,3229326.2195713227 
 11/01  13:00:00,1425810.1063784258,1119753.4074501004,1231710.3983413735,1353617.0180721004,1457522.647360356,1560009.9687854105,1695711.748138728,1649324.5048566724 
 11/01  14:00:00,1343579.6809776295,984387.8439857857,1070214.7921099372,1176796.378161428,1267965.8495729254,1357727.6227445286,1473118.1526744736,1404472.151876986 
 11/01  15:00:00,1818013.893577493,1415081.2775805914,1482650.5154934598,1578669.4745690199,1664233.7651749158,1751999.1783351419,1906027.2447782923,2279513.1315693147 
 11/01  16:00:00,3335675.15101758,2871575.9866248616,2893406.922054505,2957246.3739864486,3018437.824557906,3095681.0931335688,3350286.9505275595,5358810.831354081 
 11/01  17:00:00,4245041.914931982,3753189.594494653,3743450.889180845,3785020.8433089415,3830169.0208361614,3899972.2483375296,4212855.368784079,7215772.8713647295 
 11/01  18:00:00,3895137.624413118,3392098.7371955225,3382298.1552821454,3423016.4122729255,3467007.111702564,3537573.112268011,3873471.4826437556,7124095.448063069 
 11/01  19:00:00,4970260.659199261,4443166.562719614,4399022.748750769,4415573.583007709,4442204.178233207,4504238.181809054,4892436.578387657,9030690.18861789 
 11/01  20:00:00,5594382.08502325,5088683.652853829,5043392.712498919,5057343.270530081,5082094.231312236,5145879.472738443,5569120.7749591,10134119.48184703 
 11/01  21:00:00,5878035.464552682,5396412.177840501,5355643.824352496,5371071.134019248,5396841.003090277,5462982.541432621,5899567.53262384,10491630.64177703 
 11/01  22:00:00,5894716.44379819,5435923.158504622,5401878.024616814,5420318.033069499,5448138.042565625,5516283.641363376,5950027.957458161,10319686.40832359 
 11/01  23:00:00,5574976.42179309,5121135.521868973,5088558.9889326785,5107079.018094515,5134734.887487891,5202089.450556635,5621676.158599591,9675575.05131324 
 11/01  24:00:00,5111087.140781328,4648671.180360302,4612885.69280679,4628858.8740665065,4654475.593004359,4719310.405013773,5121174.337786748,8868947.442826603 
 11/02  01:00:00,4767947.869426073,4297827.947472482,4259271.8210120285,4273178.101198829,4297144.322963291,4359789.715422888,4746189.175525153,8244421.477439396 
 11/02  02:00:00,4588955.31805313,4113646.9010213045,4072967.9937969455,4085291.7998212185,4108017.495368347,4169071.334718225,4545516.093347619,7903001.368204016 
 11/02  03:00:00,4422910.920256123,3942848.204720086,3900361.4738296466,3911309.35334653,3932919.073795746,3992505.409691412,4359627.385781717,7591181.881636628 
 11/02  04:00:00,4120751.0161356973,3630407.4147446956,3585297.850227888,3594645.2549846177,3615001.8405858595,3672510.730944533,4023675.700945013,7049431.294461663 
 11/02  05:00:00,3737074.3887707153,3232867.0785458614,3184479.976281441,3192030.4010520442,3210985.32690531,3265925.226913544,3597114.3343334445,6365400.163001689 
 11/02  06:00:00,3383453.5541881127,2865037.796233934,2813370.4660074427,2819236.7468567584,2836887.033470466,2889312.0898771463,3201195.7942625904,5732991.017410327 
 11/02  07:00:00,3316797.4844805365,2789641.4439710137,2735911.9876193656,2740881.1260094037,2757868.2621980393,2808921.7998943464,3112303.398128572,5582071.619359258 
 11/02  08:00:00,4277714.514574119,3792507.0281428476,3746181.951540079,3754885.911698265,3775008.7499769595,3832478.9063298334,4192119.6049437136,7511840.574495981 
 11/02  09:00:00,4797673.505911764,4330189.812803789,4286443.415218683,4296092.367329107,4316973.81027467,4376375.280163779,4755825.960080805,8373781.686177345 
 11/02  10:00:00,5045581.510450084,4588251.581418784,4545687.546578945,4555450.519439989,4576401.721399065,4636675.419034375,5025822.452648962,8759731.68996977 
 11/02  11:00:00,5244607.037171404,4797180.443664941,4755794.725990009,4765674.744111881,4786683.684747029,4847716.538706073,5246086.672564965,9089453.498885425 
 11/02  12:00:00,5463455.736310497,5028057.436585655,4988059.331955194,4998091.89977253,5019190.166443852,5081257.4088847125,5492167.246951737,9500496.754676528 
 11/02  13:00:00,4993367.742155423,4588619.653911967,4575697.175674523,4604078.054656139,4638355.563506331,4707578.627314582,5083241.886517404,8414852.8564609 
 11/02  14:00:00,3539402.2190189078,3181121.995351564,3229049.17982193,3301301.6570707667,3367615.4899800927,3452516.8784223017,3719505.03295183,5163685.720136186 
 11/02  15:00:00,4445954.742239869,4046839.3783379756,4059867.5714428807,4107876.4412686406,4156147.764943812,4230871.405825611,4552013.048184182,7045017.202505728 
 11/02  16:00:00,5239950.910257681,4819409.048376164,4806693.660371665,4836471.000908295,4871577.490940655,4940269.643910307,5312118.328002568,8740101.381740838 
 11/02  17:00:00,5080742.202166617,4671913.132995514,4670514.260694159,4708793.096544002,4750622.712353254,4824865.38307355,5202112.951618367,8652979.281450158 
 11/02  18:00:00,5266543.331717951,4830601.1441787165,4809624.237274995,4834098.503564112,4865450.470971537,4933291.640446399,5328894.826148603,9096393.256237801 
 11/02  19:00:00,5882618.971807272,5450530.775154145,5420101.213066213,5436693.045112729,5462032.88252315,5527629.642043043,5954374.383796599,10241571.58553874 
 11/02  20:00:00,6237034.107272709,5818433.05173753,5788457.824463329,5804374.348114496,5829227.612050437,5896205.169978168,6343772.212591934,10901433.584248662 
 11/02  21:00:00,6585142.940340483,6179746.332232353,6150006.766459458,6165113.400866151,6189378.786756931,6257766.737930339,6727065.289522415,11554739.508497017 
 11/02  22:00:00,7107041.439614838,6721944.2957772985,6694122.91439482,6709319.85409394,6733705.880948135,6804380.623833402,7300746.533603967,12489919.606830936 
 11/02  23:00:00,7523608.214965727,7157205.681363454,7131063.1379974075,7146138.6729828,7170445.29862579,7243077.345145162,7763542.749185452,13268303.91975686 
 11/02  24:00:00,7445839.917465363,7091434.720322024,7066670.474568257,7081687.656759139,7105983.108398191,7179447.614285701,7702619.670037454,13138992.232165754 
 11/03  01:00:00,7769660.83075499,7439183.823034752,7415238.431113671,7429750.7962415395,7454003.916406031,7528326.146631565,8061759.7920058025,13638134.500187272 
 11/03  02:00:00,8079176.258378794,7765868.560848836,7743441.890438868,7757806.861801519,7781914.146579899,7857317.641258739,8406030.980839826,14189900.998049788 
 11/03  03:00:00,8113277.300163882,7802994.0838829605,7781861.202165245,7796155.862700414,7819848.23174651,7895787.790281741,8454360.772651598,14334299.334773762 
 11/03  04:00:00,8212626.115208932,7907949.556309848,7888323.506414343,7902885.0411289465,7926583.755111956,8003446.427371731,8572211.77272362,14558829.162130455 
 11/03  05:00:00,8472270.93247738,8182262.243711976,8165052.354327819,8180328.130958792,8204541.45616836,8282916.300931991,8864879.62444168,15012842.430426974 
 11/03  06:00:00,9000504.388233643,8729771.431147948,8713607.64169114,8728390.28506609,8752260.948349776,8832443.808867661,9443343.016450942,16044885.90661664 
 11/03  07:00:00,9566651.365239188,9309746.734117111,9288767.578850437,9298743.020762082,9319159.878910767,9399803.279519213,10053918.919146134,17396607.204705432 
 11/03  08:00:00,9676478.607911961,9440950.074756928,9426975.78189289,9440523.108684773,9463464.519829942,9547200.968572278,10205729.295359591,17461083.43221049 
 11/03  09:00:00,9371876.317280218,9159728.74223618,9164784.278850442,9191310.721756889,9223861.495594887,9312768.245708302,9936795.632180205,16396508.205875738 
 11/03  10:00:00,8042838.576308541,7837165.265412198,7874693.897794621,7925850.587271009,7976834.935871605,8073309.405687724,8600171.636709856,13246224.024434656 
 11/03  11:00:00,6314303.477777623,6094787.294652897,6163877.238054118,6241337.74135174,6312326.5807395205,6415918.843518225,6832402.84937131,9672016.416813508 
 11/03  12:00:00,5498526.870332297,5267995.657928432,5351463.8150279345,5441100.847987785,5520928.820997853,5625698.774557666,5977801.16285116,7987533.449928842 
 11/03  13:00:00,5036539.299720111,4806900.258922821,4909450.6584632825,5014632.872368248,5105945.02848853,5215060.937672993,5526571.01092173,7089524.941469742 
 11/03  14:00:00,5230572.501273011,4996597.374812662,5098186.763494802,5202702.286275472,5293039.236114603,5401055.453396878,5723998.056710878,7644723.708413451 
 11/03  15:00:00,4699699.190781245,4453013.609699858,4571628.635022915,4692520.999025791,4796212.256586638,4911888.658732393,5206523.622592211,6754548.174450622 
 11/03  16:00:00,4726493.262333436,4438518.486947136,4541616.791578179,4654606.080144786,4753148.334890794,4865564.746298485,5176151.758995823,7129654.752954291 
 11/03  17:00:00,4585095.686618889,4243003.315929361,4327900.499195265,4431902.621903016,4524669.031671831,4636348.918518465,4994973.609178213,7789417.214265576 
 11/03  18:00:00,6481559.406823577,6114428.776250293,6135495.980580699,6188254.469402329,6240143.5296257455,6321931.092482245,6775136.208928533,11347582.805981103 
 11/03  19:00:00,7394266.647411564,7032934.601674888,7035852.057567702,7074626.549748543,7117069.43926123,7200418.589704273,7698574.9583363505,13110475.100953886 
 11/03  20:00:00,7792308.287018852,7437683.189329183,7431101.110371373,7461816.791055209,7498311.725297239,7580139.501141298,8113613.961138556,14026938.256203694 
 11/03  21:00:00,8122324.244606171,7779219.003315836,7766864.176678884,7792054.823552862,7824434.4618983995,7905619.322600207,8466688.179426268,14712770.46179388 
 11/03  22:00:00,8369524.820699847,8037955.32727113,8021165.871082253,8041754.737104665,8070663.019769049,8151394.833711213,8736241.279827274,15267600.923879066 
 11/03  23:00:00,8439373.79801376,8115681.3246771945,8095318.934163867,8112176.850142719,8138251.846394426,8218400.100593601,8817353.150188666,15464325.811566874 
 11/03  24:00:00,8460767.36320477,8144429.509893024,8121422.601486778,8135223.84715965,8158909.427137703,8238498.459626122,8849281.156133069,15602395.737097584 
 11/04  01:00:00,8589136.160468604,8283293.850460827,8259642.136539614,8271842.240290423,8294276.721947383,8374283.634198501,8997427.607727068,15848978.709277986 
 11/04  02:00:00,8740317.75912138,8445051.268480068,8421386.15526817,8432622.687401846,8454336.471749239,8534689.15180039,9164727.93382654,16044533.205639075 
 11/04  03:00:00,8844734.913823152,8558118.036909308,8533981.027151931,8543986.114167849,8564762.757797869,8645167.34930113,9280867.485563941,16188509.850456655 
 11/04  04:00:00,8845617.722422235,8561052.162821848,8533684.05210163,8540683.87484768,8559179.86330032,8638545.690937918,9280232.113609742,16263384.974088097 
 11/04  05:00:00,8858740.883654896,8578855.201571915,8550738.741935825,8556570.904113311,8574178.36307186,8653501.45724776,9298981.597495006,16266533.6154799 
 11/04  06:00:00,8620320.653693344,8355564.552632319,8337363.941606826,8349300.264667438,8371253.901870057,8452681.042486107,9074455.99220953,15539467.581022508 
 11/04  07:00:00,8408216.052924346,8149223.375743739,8136987.110773411,8152884.2241127435,8177606.718167452,8259658.680562049,8861897.78793725,14959389.161470033 
 11/04  08:00:00,8325049.38265073,8067616.125371634,8056334.543669872,8072630.001600332,8097560.089563186,8179244.636101812,8773850.505093172,14762264.681905044 
 11/04  09:00:00,8067835.9234748045,7813261.792499512,7806962.704650342,7826542.433447547,7853734.729814115,7935870.93825014,8512868.924601428,14212667.086912613 
 11/04  10:00:00,7558929.103595501,7319195.307114325,7329673.566309646,7360615.297362054,7395868.622049326,7481622.010280803,8026052.686387154,13148663.667509684 
 11/04  11:00:00,7027081.267810682,6807200.021702819,6838687.775332021,6884141.917492829,6929777.132822944,7020680.411622865,7533161.752968626,12087144.751538713 
 11/04  12:00:00,6734443.476664176,6506066.872196289,6540547.558391222,6588562.264494378,6635794.634807844,6725742.481694177,7215850.06997004,11531978.671091245 
 11/04  13:00:00,5494266.679688512,5293060.087948985,5367425.9251484135,5443740.325021053,5511265.656226293,5610489.558318616,6025685.574015182,9064391.627486225 
 11/04  14:00:00,5285013.267204651,5035773.438400849,5090127.093029625,5154856.594269605,5214073.121350413,5305938.460806881,5711987.159723076,8810647.84449574 
 11/04  15:00:00,6697569.248293791,6387524.951128729,6382463.774483727,6407119.402715179,6437801.81462717,6513985.918099477,7002171.728521726,11837968.784765877 
 11/04  16:00:00,6732592.121300718,6419804.127174774,6412106.2010162845,6435038.490669392,6464490.763008754,6539705.168584511,7027268.229262516,11846710.488915332 
 11/04  17:00:00,6672654.310660436,6356428.469076887,6346072.446271227,6367238.767074859,6395413.587647265,6469528.478456301,6954910.14224716,11729432.122692926 
 11/04  18:00:00,6669456.258648394,6349002.517531311,6336387.935092192,6356150.567534157,6383313.920900993,6456433.542708436,6938851.839138278,11669802.313519761 
 11/04  19:00:00,6615862.953879323,6291452.475564041,6276836.067383606,6295333.455197503,6321578.26707734,6393739.6473390795,6871925.180048294,11530076.607032109 
 11/04  20:00:00,6391329.667798421,6058567.388442018,6041836.628016742,6059196.917238023,6084589.761521578,6155378.506681943,6622706.491756182,11113213.758388998 
 11/04  21:00:00,5876156.007008497,5517860.254889477,5497032.581117963,5512451.226731189,5536140.981991062,5603820.027895204,6047518.779186528,10184360.347727729 
 11/04  22:00:00,5681837.8879096145,5309741.3883748995,5285736.700601977,5299574.8704948425,5322042.49963172,5388024.289881935,5822000.289944683,9838336.589390209 
 11/04  23:00:00,5651730.958631156,5272110.744503293,5246026.235011782,5258887.1073196065,5280661.003007564,5345845.541180758,5777189.476064063,9785396.858632224 
 11/04  24:00:00,5846613.4330169475,5460479.130493132,5430206.858713545,5440576.687660987,5460611.062002042,5525071.153611029,5967015.209894631,10193218.45427217 
 11/05  01:00:00,6042401.394133469,5654464.780786434,5621169.565486781,5629498.269438658,5648134.494872124,5712442.823445203,6166037.739905858,10599560.522610681 
 11/05  02:00:00,5933145.910448738,5540298.091637742,5505110.278254918,5512348.373493173,5530237.419954952,5593965.752934904,6045055.7145091165,10416261.216771081 
 11/05  03:00:00,5853010.979544726,5449277.315191801,5409839.253679517,5414655.576447092,5430843.252373844,5493161.935099206,5942541.387983719,10314608.410374604 
 11/05  04:00:00,5839610.886841443,5430185.59527722,5387556.143693264,5390422.6731079705,5405275.050217391,5466881.129515119,5918418.154408028,10315892.574709576 
 11/05  05:00:00,5739493.572265063,5320418.9603744075,5273806.305893719,5274323.070487315,5287526.737689815,5347820.092026373,5797114.78090403,10176723.490856059 
 11/05  06:00:00,5639802.680065809,5207700.498920506,5155119.547546649,5152031.1556806965,5162691.96392915,5221142.346906822,5670073.035164184,10068363.327690817 
 11/05  07:00:00,5566815.154936329,5127526.800108884,5071660.547914401,5066594.25368428,5075869.685042423,5133412.833831283,5582472.744512301,9977424.11098163 
 11/05  08:00:00,5510786.583313738,5074133.979234874,5020767.98595147,5017468.848210955,5028054.873524814,5086400.864386404,5530658.904173957,9811410.166995494 
 11/05  09:00:00,5392827.776253963,4971185.964257809,4929122.237861792,4933379.882173698,4949322.378061305,5010768.364353865,5441887.507079713,9469814.58419631 
 11/05  10:00:00,4667377.185496884,4298749.764274621,4300846.303083757,4335020.970445363,4372542.277079391,4445881.37207827,4823236.604924718,7843350.189246955 
 11/05  11:00:00,3788687.7900998457,3444882.848204064,3481547.7204683064,3540954.839513071,3596857.1262196656,3678751.3871600446,3993373.3915216657,6016280.9011061005 
 11/05  12:00:00,3096565.378006964,2744311.952139961,2793701.8654549466,2864212.4830654296,2928315.450773646,3011476.439923483,3270708.0165272453,4599342.837424312 
 11/05  13:00:00,2303558.888798941,1953721.8150975464,2025189.13006112,2113478.7975086235,2190531.666308668,2277192.1033433303,2473396.5659721354,3083651.078928812 
 11/05  14:00:00,3327417.5418514395,2916464.1698273756,2941443.4470943604,2991192.1270719874,3059265.3100479874,3143438.397060125,3429566.8168691806,5357297.384854808 
 11/05  15:00:00,1529704.0594940644,1313917.7594220615,1308660.4875517762,1384922.7126384387,1476319.9123994068,1573484.5561551892,1771888.8808650486,2776029.164523238 
 11/05  16:00:00,2018441.8069751165,1619411.0340823333,1677768.284349909,1734633.4285564069,1794800.7910534726,1892787.219270035,2127897.5220674477,3522595.1453811824 
 11/05  17:00:00,1093005.4523893285,767979.1798275531,805233.3328494263,874087.4241632205,931944.1974121671,1004454.1959146473,1261390.7329005161,3326144.8701705826 
 11/05  18:00:00,3567315.3210459216,3010287.5932401614,2975540.358118251,3014367.442035489,3070933.983155244,3154292.5122647937,3536815.8299237867,7424413.824798394 
 11/05  19:00:00,4827104.280582746,4259183.80633615,4217761.877721064,4242056.326178277,4273852.576189034,4343303.2188702645,4776294.539796776,9492749.774674322 
 11/05  20:00:00,5473621.057137907,4926316.059703374,4880414.483076346,4899557.4915267965,4927870.7495122105,4997977.250408011,5465178.650140768,10575892.545238439 
 11/05  21:00:00,5813155.515325755,5284315.363473954,5235611.994095996,5250793.699302131,5276390.026326718,5346775.757155962,5833513.522898678,11090170.259932542 
 11/05  22:00:00,5949188.331001256,5438586.00779981,5389654.447478711,5402745.58628767,5426886.434012928,5497445.447338466,5991370.927980495,11205244.990898281 
 11/05  23:00:00,6204708.615183538,5712687.742829351,5662908.5169960065,5673379.78961816,5695614.785809195,5766241.0040785065,6273704.709874276,11603284.615484215 
 11/05  24:00:00,6490548.842670305,6014391.095633155,5962111.892918105,5968888.074018444,5988404.293960718,6058784.03452548,6585078.965300186,12156214.262553554 
 11/06  01:00:00,6771816.304797808,6312956.092646283,6258929.113559106,6262430.780467437,6279476.521015182,6349937.76683638,6897088.934558015,12737642.014138717 
 11/06  02:00:00,7015261.14863818,6577123.036859729,6525607.738552948,6529032.210831696,6545990.765784983,6617763.109471412,7176839.113558577,13100338.772857117 
 11/06  03:00:00,7230750.348599206,6812153.377854423,6763414.121352531,6767043.934106919,6784090.279685748,6856739.253035974,7422760.554950602,13389389.140267156 
 11/06  04:00:00,7510176.206082832,7109600.556067569,7062296.472697271,7065282.456399325,7081803.760582055,7155224.201210509,7733502.21030906,13845679.49363981 
 11/06  05:00:00,7635575.757019101,7248928.344318042,7202704.2638394805,7205047.936659379,7221016.690449495,7294807.990170143,7880320.842424543,14058959.642942432 
 11/06  06:00:00,7565876.13607616,7189164.412013538,7144415.627862616,7146529.966573079,7162197.367028857,7235993.94455147,7819931.193037869,13905147.258691441 
 11/06  07:00:00,7316493.635272754,6947915.965513791,6907895.639511617,6912391.303942339,6929638.454109809,7003681.588035765,7570091.969352692,13308759.202293457 
 11/06  08:00:00,7036961.289483036,6675918.540954306,6642386.412720411,6650841.47917266,6670825.677307783,6745370.782740541,7288374.173653014,12594891.85341976 
 11/06  09:00:00,6805635.014230838,6457649.571283094,6435052.684378061,6450580.126703513,6475586.756781725,6552135.599948636,7071064.100092108,11957933.53978354 
 11/06  10:00:00,5865616.644432958,5552384.014393266,5571287.7493976345,5616271.572995707,5662887.502249731,5750246.708585291,6196910.117952792,9799260.702541787 
 11/06  11:00:00,3911524.559536814,3614178.587915698,3692911.7234965554,3782892.5406853417,3863036.037314028,3966540.7978497376,4294150.457947815,5967906.126291311 
 11/06  12:00:00,1925579.75780866,1665053.2100871466,1810072.2609259437,1953659.0137230584,2074502.915460804,2195520.510049825,2381238.616178243,2542052.6760052894 
 11/06  13:00:00,841980.9553494314,606879.8176799202,772641.4295318901,932871.3694940656,1065291.5782812343,1185924.3060095469,1285766.5437715608,944739.1507526338 
 11/06  14:00:00,136751.25582694454,31783.040975718177,104955.18478055022,233918.2676865385,368241.90528390754,483722.1049591288,558615.205674102,74944.06958611653 
 11/06  15:00:00,0.0,0.0,0.0,0.0,21284.6987372468,72938.30651301396,112159.47977103789,0.0 
 11/06  16:00:00,0.0,0.0,0.0,0.0,0.0,0.0,0.0,0.0 
 11/06  17:00:00,0.0,0.0,0.0,0.0,0.0,0.0,0.0,749731.1720618396 
 11/06  18:00:00,3157669.7097332524,2384516.0256308797,2412216.552170864,2507706.7393689984,2607230.719019198,2706321.651460145,3107193.8662737785,6623604.294366404 
 11/06  19:00:00,4607428.24804345,3917808.1488509974,3893773.6434618593,3963872.5771389236,4040060.536202645,4139998.1823294135,4547898.058497277,9155858.836151335 
 11/06  20:00:00,5524949.104170919,4861197.561856272,4832256.287353462,4895764.74255044,4966345.238234955,5067009.576063076,5531975.820191915,10800341.048105732 
 11/06  21:00:00,6271436.726982718,5641434.222481218,5606552.543460967,5661018.191000244,5724176.735169491,5823713.292920483,6337197.579166776,12168104.531126546 
 11/06  22:00:00,6754734.040112502,6159212.061591539,6119178.229851621,6164622.693453593,6220310.929407051,6317683.83225915,6865976.03095715,13054882.2671875 
 11/06  23:00:00,7254450.852543131,6695868.311616022,6651262.737702191,6687802.70882939,6736064.11762738,6831255.685658794,7416138.762796244,14035668.227882365 
 11/06  24:00:00,7615133.966782423,7094523.62939311,7050079.73675869,7081562.632612778,7125425.969326204,7219634.183996178,7820997.376222443,14478907.340020888 
 11/07  01:00:00,8022168.433636242,7540366.067039836,7496097.385884567,7522332.035487705,7561464.423441617,7654077.859699301,8277336.8488466395,15183131.458380219 
 11/07  02:00:00,8497143.091271022,8054315.288125284,8009542.606817268,8030069.972381287,8064141.3860094305,8156081.566002211,8816744.245320639,16264628.985049333 
 11/07  03:00:00,8838926.449770624,8432920.792272048,8391284.501738768,8409458.606479071,8441123.1886877,8533241.59586832,9212811.272537712,16834358.119230594 
 11/07  04:00:00,9195362.617923437,8826779.937321043,8790728.77866366,8808685.194550596,8839604.05259925,8932400.454866864,9621961.220660012,17268981.518792327 
 11/07  05:00:00,9473453.892124979,9135499.430396281,9102530.963368643,9118920.625202969,9148105.855459282,9240732.231280025,9941805.311480256,17699637.8921386 
 11/07  06:00:00,9635104.957924142,9319668.686509484,9287564.36964285,9301388.391196238,9328157.286365036,9420026.930268785,10131433.516962923,18004706.04158928 
 11/07  07:00:00,9753932.764490485,9459685.706362374,9429900.71618017,9442607.818290284,9468097.11138647,9559707.365414737,10276828.873023586,18173602.718181487 
 11/07  08:00:00,9724336.882860752,9449421.449142523,9423446.05262446,9436274.145705841,9461382.528005313,9552871.270591969,10267282.960498642,18037166.19172143 
 11/07  09:00:00,9444384.849989526,9191247.328033194,9179044.801127236,9199714.559103768,9230221.866611104,9324155.517949032,10009891.431069931,17174232.247779816 
 11/07  10:00:00,7759331.91671519,7508258.636293836,7533076.425710182,7581838.240290332,7633423.12217436,7735078.475745584,8297020.598291345,13184034.749496635 
 11/07  11:00:00,5386722.091101982,5075497.350616202,5122334.288521017,5193958.424831087,5261961.376279401,5363645.863151293,5754988.428452363,8073826.086014164 
 11/07  12:00:00,3523373.5428742617,3147129.0652931686,3209265.793429279,3298576.1353895194,3382486.166505871,3481162.5908196587,3681798.7278380403,3951687.1235351157 
 11/07  13:00:00,2108535.3067092337,1677921.7280617857,1733609.140610928,1823059.6765320634,1907034.9434993127,1990544.320363054,2045151.8608580562,1380822.1748414375 
 11/07  14:00:00,893525.2030936549,438206.5238028081,467067.0201838192,547889.0851240751,626160.9957682143,694661.9156879315,702656.3177125849,0.0 
 11/07  15:00:00,145579.17781022406,0.0,0.0,0.0,13001.947176891556,26283.013216323157,17691.31890456774,0.0 
 11/07  16:00:00,0.0,0.0,0.0,0.0,0.0,0.0,0.0,0.0 
 11/07  17:00:00,1063463.0791977863,635030.446616857,591233.9991808169,614050.1349406943,645721.505588756,669269.6865261011,716162.2222888705,1545820.7602507116 
 11/07  18:00:00,3663453.9414349184,3024582.3370007826,2975800.2628460526,3003608.252088298,3043446.6561973514,3108853.4541433854,3353649.983393855,6402321.69688735 
 11/07  19:00:00,5686153.485839325,5001097.678147324,4933260.123616512,4963228.71336603,5007727.250483335,5077081.585958812,5425335.91776354,9721946.090542609 
 11/07  20:00:00,7085529.643182269,6453697.009396332,6388169.830331083,6415880.949248329,6458602.972645406,6534040.854185866,6969474.836732987,12378720.951426232 
 11/07  21:00:00,8134362.832784202,7554044.14044405,7487941.998421743,7510096.113893511,7548181.617293925,7626884.636807351,8143633.34710809,14620289.490996394 
 11/07  22:00:00,8926490.416862566,8400467.91451345,8337012.410169897,8355148.6816596715,8389600.892583236,8471137.024944149,9048100.420926524,16212059.837141093 
 11/07  23:00:00,9633374.951632526,9165529.250152295,9108220.014576122,9124714.581518125,9157181.998232264,9241779.8921756,9868368.119472357,17547109.684148684 
 11/07  24:00:00,10064303.142527916,9647013.886009103,9595557.800962074,9610586.609713541,9641162.76315936,9728105.077622464,10393778.375627154,18453085.81812563 
 11/08  01:00:00,10208900.476322897,9833222.585505325,9787433.183420137,9801393.276720028,9830337.509070093,9918709.598213756,10608726.16619056,18815921.49999849 
 11/08  02:00:00,10581933.895867106,10247819.375833113,10206372.455829702,10218476.559421653,10245221.976449521,10335297.371228468,11064725.105521977,19756852.10260004 
 11/08  03:00:00,11098260.132227479,10808049.210953064,10771751.667068265,10782768.785278711,10808020.8604105,10900639.253511643,11672484.714925934,20923321.114167478 
 11/08  04:00:00,11532655.611137649,11281556.918223437,11249958.547261894,11260114.216693122,11284127.222688727,11378796.53644951,12184916.049524456,21861474.843785837 
 11/08  05:00:00,12009773.06255884,11796036.372875426,11769580.177820291,11779661.803331327,11803156.31880803,11900042.089376634,12734049.55155913,22727514.811214656 
 11/08  06:00:00,12363924.832038887,12183838.829332527,12162658.951839246,12173152.86908865,12196528.566695983,12295248.007582167,13148708.48859636,23325163.831656996 
 11/08  07:00:00,12399648.151627107,12241426.82833402,12223380.758247918,12233511.644794257,12256219.599588687,12355671.148405056,13219038.830232896,23418759.860296454 
 11/08  08:00:00,12483093.600786958,12344507.562163174,12329869.945157822,12340096.922741108,12362520.526701026,12462648.317443766,13331844.877925236,23522057.50970291 
 11/08  09:00:00,12117375.35621704,11997611.680873679,11998053.652946856,12017656.636114217,12046942.25279823,12150940.301010117,12988331.289389834,22425895.3269759 
 11/08  10:00:00,9610489.544753691,9462016.764096258,9507895.632061277,9565613.838932753,9624857.699932314,9742176.01920627,10419733.731582342,16689887.305996597 
 11/08  11:00:00,6053687.096653057,5808035.069409073,5895283.0514508495,5995076.75435702,6087883.7170121465,6213659.337480089,6661583.79636116,9232764.783369813 
 11/08  12:00:00,3143556.502670588,2818164.5035550143,2928959.6081106695,3055982.1711793365,3171005.075134689,3293332.264669785,3467347.5054549943,3345083.9313908475 
 11/08  13:00:00,1185302.3372835147,848150.9619164426,962379.2604856426,1100150.6432089547,1218324.5190564878,1327473.2203250667,1377367.8507502917,370122.04306828935 
 11/08  14:00:00,18542.17342355987,0.0,0.0,1670.14027825644,24384.886530258518,43736.12609029224,45647.151969512925,0.0 
 11/08  15:00:00,0.0,0.0,0.0,0.0,0.0,0.0,0.0,0.0 
 11/08  16:00:00,0.0,0.0,0.0,0.0,0.0,0.0,0.0,0.0 
 11/08  17:00:00,0.0,0.0,0.0,0.0,0.0,0.0,0.0,663640.0854276842 
 11/08  18:00:00,3393698.724087952,2616297.2888732487,2584601.322826037,2664704.8478067387,2754593.8338726554,2855280.599861904,3185393.305784515,6948239.707991289 
 11/08  19:00:00,5497428.747509278,4763609.891352024,4711880.04444494,4768602.077878807,4839568.109645507,4935250.042620147,5348660.788810928,10460194.938497925 
 11/08  20:00:00,6415904.594773287,5722806.480133462,5676359.802612588,5734807.439929549,5806270.725405507,5906662.7090082485,6365613.547461057,11786166.602836225 
 11/08  21:00:00,6717909.070679394,6074266.65593764,6034476.561925355,6092100.470005251,6161668.351284874,6262937.190668975,6739085.019590596,12061521.517902795 
 11/08  22:00:00,6904567.240689108,6304467.443631688,6267348.2802100275,6320693.841278024,6385676.956915511,6485417.723401963,6977419.048452884,12308225.346755924 
 11/08  23:00:00,7107024.657131068,6540590.118498674,6500604.532682274,6545911.944710226,6603622.227022363,6700117.574208301,7212664.17622187,12718850.52894657 
 11/08  24:00:00,7116742.653855266,6582387.531529334,6542189.5372046465,6581734.171388633,6633933.465869588,6727724.468079964,7248976.0750595,12729946.85699179 
 11/09  01:00:00,6961110.692940068,6458132.841629152,6421696.980615965,6458551.329818166,6507456.93600055,6598936.643348126,7113926.481165702,12350131.484836666 
 11/09  02:00:00,6906799.041801843,6428268.874475982,6393865.644491864,6427664.9072927255,6473176.134993212,6562168.445151612,7073663.186153028,12188381.940225545 
 11/09  03:00:00,6779539.502206597,6319650.550958239,6285436.141877844,6315269.245941812,6356809.485048778,6442922.197663117,6950602.079118931,11954420.924764236 
 11/09  04:00:00,6592773.509025227,6143635.667084937,6108653.4098932,6134691.323190283,6172511.010726461,6255504.243907234,6755436.450323544,11619032.881637683 
 11/09  05:00:00,6411855.917383824,5970750.365324229,5934902.27175353,5957545.073156349,5992055.75329177,6072174.446708724,6564123.520355035,11296835.999222472 
 11/09  06:00:00,6292605.308096843,5857543.969316638,5821097.2581327995,5841132.528578654,5873070.956715661,5950868.637832876,6436070.118238524,11068000.391746596 
 11/09  07:00:00,6241493.598730712,5813988.113369302,5777822.062914364,5796035.384227343,5826041.536672347,5902078.647589992,6382412.401093724,10947667.349395877 
 11/09  08:00:00,6285887.065101609,5866376.951164674,5831017.84129796,5848011.5049318,5876590.111613191,5951350.3146724515,6429413.786303773,10991159.862102848 
 11/09  09:00:00,6509982.541942712,6108169.204864284,6075792.802756625,6092918.93473383,6121194.8467518985,6196304.446187137,6682674.1953672245,11371111.287494846 
 11/09  10:00:00,7210893.721766066,6844938.563963309,6815481.1743562,6832199.350284966,6860115.13691034,6937060.2709030565,7454288.587990345,12683968.617309038 
 11/09  11:00:00,7348120.079430482,6993543.492325415,6965326.694204493,6981390.621912312,7008495.654261945,7085061.0692777205,7604658.173043723,12838276.014172979 
 11/09  12:00:00,7381329.593601137,7035047.264994179,7007910.658963486,7023397.516674433,7049752.01482432,7125702.504642306,7644044.7539403085,12841959.02311151 
 11/09  13:00:00,7381499.9986625975,7041754.8337912075,7015610.329374025,7030605.706546969,7056284.549124205,7131544.041462487,7646817.995741205,12779810.553943442 
 11/09  14:00:00,7249302.3747341,6911982.161768432,6886430.681727823,6900984.241376494,6926053.545935135,7000372.157848717,7508589.956452953,12520861.28094794 
 11/09  15:00:00,7105849.119871238,6769020.170740327,6743795.26023837,6757962.963046883,6782504.902212878,6855870.8624386825,7356812.995858766,12258512.54024074 
 11/09  16:00:00,6105374.194877731,5788776.557005629,5796472.765405076,5833966.895554041,5875430.874568413,5958428.406390469,6419417.220265603,10538925.918697082 
 11/09  17:00:00,4502490.483316272,4181775.562652979,4235106.076533636,4308936.395368888,4378416.892267694,4481043.870723072,4926628.58619718,8633343.07185078 
 11/09  18:00:00,6134997.206713984,5752307.616268632,5739414.53274177,5765361.229864959,5798782.023012001,5880025.792505447,6397057.922586984,11533682.696964003 
 11/09  19:00:00,6978418.981117908,6594017.568667205,6559072.608448297,6568125.657589112,6588728.571766999,6661312.245362118,7193004.883098017,12715983.34931174 
 11/09  20:00:00,7165430.232703013,6799512.2778501045,6770079.329659979,6781971.303507451,6804575.271258496,6879070.681148618,7412467.462372361,12853095.382533398 
 11/09  21:00:00,7242702.586695346,6893197.209586766,6870388.17469337,6886057.933692491,6911287.79572569,6987476.555848468,7515900.606600808,12792905.497183617 
 11/09  22:00:00,7182003.815189474,6839280.940913258,6818841.411452893,6835562.601914784,6861400.546772964,6937622.04823945,7459803.293135198,12618716.35627841 
 11/09  23:00:00,7085675.447478604,6742142.547654644,6720916.813111182,6736840.045886746,6761975.60359505,6837328.072250218,7354907.919985924,12440232.924915323 
 11/09  24:00:00,6858310.486574603,6510578.463380878,6488063.519685248,6502943.046422242,6527179.5268834885,6601211.499102057,7108660.648715398,12037230.386819359 
 11/10  01:00:00,6730678.884717954,6377999.470374273,6354193.3224366205,6368263.598249381,6391821.262697758,6464677.807324691,6964444.452851192,11795986.46386998 
 11/10  02:00:00,6825052.479800335,6474869.077025666,6451186.350033439,6465130.992571348,6488539.742569059,6561276.031459345,7062485.206988372,11939339.649515435 
 11/10  03:00:00,7040088.499447446,6699689.416527846,6676581.17014178,6690476.948193159,6713920.374871335,6787212.400563283,7296204.131889319,12310574.956341714 
 11/10  04:00:00,7223725.693922417,6893920.2940298,6871582.492591305,6885467.805533569,6908950.859681127,6982610.071633095,7497601.973543375,12621562.246199556 
 11/10  05:00:00,7343793.083140509,7021085.161225848,6998819.114150879,7012411.368573952,7035752.550219897,7109485.865051843,7626616.293383872,12785694.944751404 
 11/10  06:00:00,7501274.088141921,7184745.155060812,7162969.96855375,7176479.548241812,7199717.322826667,7273534.286899138,7794773.313507415,13036245.460397935 
 11/10  07:00:00,7699888.643265288,7392485.684304282,7371526.562352154,7385017.955245157,7408207.212681245,7482472.280780302,8011592.5691697,13383185.32298315 
 11/10  08:00:00,7636123.9983580485,7324142.295719024,7301954.789309713,7314185.653248523,7336136.829367971,7409828.580540655,7945649.358315319,13421747.827483146 
 11/10  09:00:00,7635610.382734431,7322022.260911364,7299138.785643841,7310520.212660896,7331714.998052867,7405937.513483422,7956073.973554884,13649080.667877171 
 11/10  10:00:00,6641372.467864089,6351607.134781287,6365342.835733439,6403479.718972948,6444669.520720154,6530097.166770901,7019898.66965162,11488758.344032146 
 11/10  11:00:00,4610434.760743041,4310210.926532285,4377703.375569875,4455667.735741025,4529985.417061053,4631073.402074007,4986116.28363239,7133769.665655319 
 11/10  12:00:00,2715105.562023902,2388563.5411711163,2497642.9460176807,2619727.68746581,2726914.007287467,2838472.9551942255,3013935.814846742,3141840.48483915 
 11/10  13:00:00,1532119.1591737792,1193143.4196452408,1316349.3471100214,1451565.1824196728,1570082.4683826594,1678638.939143528,1747586.9067824697,1219455.6950792759 
 11/10  14:00:00,1353450.0777104143,978736.6935694416,1084809.4673500804,1210540.5890649492,1322072.887476186,1423152.9532199274,1491843.9873972167,1108965.0499063763 
 11/10  15:00:00,192987.3328715621,52239.51985263848,73329.59792303883,122248.01300917169,170091.31931042648,241937.90682893162,293062.53589547414,30089.34384109453 
 11/10  16:00:00,1032469.3046482005,710261.0688409157,734323.8818545055,776171.5783874128,838742.4453889021,917413.1963019071,1030368.4565640899,1520138.887347105 
 11/10  17:00:00,1918810.967248233,1359606.1371345597,1405572.8160417248,1517261.6843372276,1614256.1384762041,1713311.0597657112,1950035.7215747717,3968687.7825204493 
 11/10  18:00:00,4617519.380769573,4002199.055448664,3976892.6317140083,4029548.710900224,4086147.540408065,4162642.2601366155,4552969.899802825,9056644.434135543 
 11/10  19:00:00,5990912.220763295,5403824.98607094,5367026.850292594,5406589.082535837,5454887.22439605,5534937.640228425,5979834.76856668,11308528.805694625 
 11/10  20:00:00,6714715.822164943,6162286.100231674,6124305.329680068,6159426.593750118,6204187.060990636,6285752.747027945,6772161.610770346,12479047.998042008 
 11/10  21:00:00,7018342.089057488,6497899.970260905,6460296.816038005,6491878.291437229,6533584.39685648,6615855.678237968,7127374.14811537,12964004.52006707 
 11/10  22:00:00,7135646.50757427,6641250.295655928,6603026.016762787,6630468.363633489,6668594.94576936,6750303.145112557,7277243.417118527,13143375.015746461 
 11/10  23:00:00,7535831.780532914,7074466.398298643,7037932.57368692,7062804.2448716415,7098569.466792755,7180991.537419729,7730967.220944396,13791893.93427377 
 11/10  24:00:00,7736746.492531112,7307698.0096275415,7275672.681471675,7300231.95623538,7335312.036990651,7418890.262624745,7979819.116753478,14026688.044672647 
 11/11  01:00:00,7859367.649910787,7453873.37410133,7424120.2663529115,7447224.173485215,7480715.582394407,7564095.900147961,8132450.443710929,14196536.608283646 
 11/11  02:00:00,7890967.318284293,7503063.261820321,7473468.964312622,7494096.724274797,7525317.947684032,7608223.619010325,8186515.297326624,14319231.72538065 
 11/11  03:00:00,8107750.211941607,7739314.637167383,7710539.685846253,7729080.86167381,7758336.460304446,7841124.57509901,8433021.67856976,14727848.582454637 
 11/11  04:00:00,8589640.47821379,8245811.563641066,8217702.132656185,8234043.024417457,8261350.9946034225,8344925.82554073,8965266.68718874,15693366.14046175 
 11/11  05:00:00,9086592.643132644,8768911.08202517,8742217.340932634,8756987.564110959,8782893.371849207,8867700.204737803,9514826.247203434,16628804.989399856 
 11/11  06:00:00,9419238.735776685,9123200.122592486,9097440.07755525,9110601.059805691,9135050.667963248,9220517.753885673,9888810.39530956,17304004.22553538 
 11/11  07:00:00,9764960.71247283,9490697.277249135,9466130.358540071,9477867.398043869,9501041.297352945,9587551.75088953,10279241.705363471,18015762.534430914 
 11/11  08:00:00,10101677.64484622,9850372.255164508,9828791.540466642,9840552.11666995,9863524.508674983,9951543.594537634,10663391.698214956,18670530.50034578 
 11/11  09:00:00,10116522.184415802,9884789.983820794,9870903.720147466,9886542.868054112,9912222.302486055,10002691.775722787,10711805.552335758,18533429.247751497 
 11/11  10:00:00,8654642.373365115,8399420.139094654,8402622.02274138,8432795.112792954,8469663.297766903,8561284.784491811,9150072.703129437,14717501.926060973 
 11/11  11:00:00,5984012.298906276,5639911.418730141,5651060.448778011,5692394.811769148,5738448.167548506,5822937.17898811,6210411.543389982,8701804.817962734 
 11/11  12:00:00,3606100.4515331835,3181786.8432620903,3207830.6905041113,3268944.3873736793,3329403.0263506593,3404464.1189026535,3546315.81679531,3545011.3380865585 
 11/11  13:00:00,2155013.669299071,1676871.3543814726,1699548.653756257,1762043.0093054194,1822852.2882432006,1880527.6776840633,1872401.4861755352,714199.3331239152 
 11/11  14:00:00,1861642.505876991,1347932.6966834762,1360905.4716265732,1414735.7455652426,1468952.1200252566,1517588.7372310653,1502538.882354043,452551.1015433716 
 11/11  15:00:00,652734.746344958,127747.12648851564,122211.22377806314,141818.54499956098,192280.3350054266,228203.1202240163,157285.30481622292,0.0 
 11/11  16:00:00,586122.6152500736,128114.92033211543,101240.68690319691,136790.80649104872,159843.7617280506,187203.9218015765,146162.89622367622,0.0 
 11/11  17:00:00,740373.8246041612,349175.9647055209,306786.3043060803,327011.52126955864,354927.41413943586,380006.43662885414,411592.9390959791,727387.7883192472 
 11/11  18:00:00,5334674.0922882175,4647129.373164815,4593634.510131116,4612748.505325011,4640933.5488173,4691171.015925694,4967182.872843404,8660872.386557352 
 11/11  19:00:00,6672042.168107271,6075266.44466196,6018893.974179725,6043021.071907457,6078040.791758651,6136791.276845352,6483057.151382294,11061725.130572101 
 11/11  20:00:00,7706892.648921564,7163479.576077079,7113695.284053208,7138605.686162268,7174202.850387284,7239610.523384171,7654438.075797071,12967131.132409252 
 11/11  21:00:00,8377349.1589929145,7883647.503032725,7840012.807309401,7864956.922159448,7900369.597950856,7970843.021114832,8439474.757317731,14270587.610416843 
 11/11  22:00:00,8727136.260084197,8275633.568188742,8237000.943827445,8261218.025184814,8295749.61903931,8369726.233931148,8877675.029389808,15016703.603455829 
 11/11  23:00:00,8928076.945478354,8511371.513895595,8476519.241538398,8499539.798990356,8532809.864322565,8609191.065755622,9147363.285279125,15496774.287519474 
 11/11  24:00:00,9303442.85867783,8925467.601553189,8895555.662715465,8918167.202968098,8950785.310541632,9030080.296249963,9601049.90166195,16242221.09484 
 11/12  01:00:00,9319102.240769632,8970948.048565604,8945166.40904111,8967237.043103818,8999062.668201929,9080119.482212331,9668776.348627519,16369111.94685084 
 11/12  02:00:00,8930409.110938556,8595366.462797817,8571052.582527015,8591567.461259896,8621820.10682008,8702532.499254618,9288665.852022711,15750960.85570722 
 11/12  03:00:00,9124441.102336928,8816447.886904549,8792166.878873806,8810063.843497105,8838308.477172509,8919195.08053884,9520061.594073268,16147994.346660543 
 11/12  04:00:00,9486681.68672719,9205668.424124643,9183519.470231973,9200416.546566334,9227770.596329246,9309480.196965601,9924169.233017076,16706460.40761414 
 11/12  05:00:00,9499831.01525027,9234684.111546302,9216689.46230568,9234337.790891893,9261828.968537042,9344334.076780822,9961874.215734143,16672886.585764138 
 11/12  06:00:00,9157725.933341017,8893850.263831057,8878351.645553675,8896340.646826267,8923592.172040066,9005985.73187518,9618733.593080256,16168433.606913876 
 11/12  07:00:00,9001731.833542628,8729451.64315692,8706979.7313681,8719245.294376567,8742108.48259454,8821841.66935701,9438757.165771678,16071303.858674537 
 11/12  08:00:00,8888733.36865755,8610556.924849777,8582537.747144552,8590185.075898033,8609511.51310031,8687378.389878163,9310288.713585835,16028588.822910931 
 11/12  09:00:00,8671216.68080878,8399002.79857129,8374757.5662525,8384033.537744562,8404354.00546911,8483126.535603797,9101295.099065406,15664368.449730279 
 11/12  10:00:00,7723481.715835261,7471732.0319672525,7475213.314966063,7503448.897526578,7537421.539209725,7623065.709084036,8186870.919716127,13658510.607345486 
 11/12  11:00:00,6073141.609526149,5825051.22746337,5866266.929448446,5923304.394860095,5978562.857715387,6072984.2769536665,6534468.967092507,10194302.850728357 
 11/12  12:00:00,4729066.648007004,4450971.352715805,4506909.2364047775,4577954.268107423,4643796.416099788,4738746.830582926,5102099.699361272,7366616.233022552 
 11/12  13:00:00,2883282.1109398548,2563917.377006209,2643520.801160433,2739071.990548297,2821939.7648592247,2917563.989221925,3131327.950147988,3613374.0452936795 
 11/12  14:00:00,1597734.9202760537,1255617.51573972,1355464.9225987103,1469484.9713603486,1568334.647673303,1668263.3144650303,1808700.9703593054,1832823.173476095 
 11/12  15:00:00,176421.4657293196,61696.89504249255,102889.13269478217,147421.59916268574,208443.46509320894,288003.62258301757,375244.30058264115,173047.77579367073 
 11/12  16:00:00,104496.53881900012,0.0,0.0,0.0,20374.040931023774,96479.13632147829,183786.22172158503,96641.72126951016 
 11/12  17:00:00,605538.2614845119,173158.97706445536,195104.14963713556,258897.03394209937,339808.9930577859,431014.68802382005,578750.0849332282,1250718.7430224803 
 11/12  18:00:00,3111143.3874170184,2478793.763553593,2471951.536055612,2533524.636303152,2591199.809776456,2661159.4898986267,2919860.7861286146,5330417.756411386 
 11/12  19:00:00,3660569.826339398,3058401.3762567663,3033680.1285922593,3081276.5837990185,3132101.732505451,3199914.744653824,3485965.4364578556,6269303.812097602 
 11/12  20:00:00,4192671.0630480843,3607699.936781688,3579634.0531236976,3622460.03700967,3669727.3181874757,3737944.815550323,4053243.5452160747,7169238.027448892 
 11/12  21:00:00,4697077.484323532,4138691.123153821,4109739.7750085024,4149225.9195513343,4194165.805688834,4263690.307233384,4606356.808483387,8021888.925898556 
 11/12  22:00:00,4724910.2652271995,4173090.959348807,4140258.610269786,4174602.8513129726,4215405.129976686,4283225.214884029,4634482.475041294,8084520.3645888455 
 11/12  23:00:00,4772396.919294887,4230754.321112624,4194993.113594358,4225124.899675579,4262665.730443235,4329426.2154529225,4689161.721632677,8180010.851696476 
 11/12  24:00:00,4999572.808699854,4471986.923374481,4434379.354036573,4460924.101997357,4495655.033706622,4562059.472072858,4936984.228026776,8589191.36130688 
 11/13  01:00:00,5199906.174112732,4686349.868698659,4647832.046091212,4671639.165966709,4704195.249193709,4770591.484409917,5159336.047873123,8961440.569918973 
 11/13  02:00:00,5501186.766853162,5009841.277907466,4972156.830915676,4994350.559802433,5025750.77220626,5093033.258355251,5496887.134552561,9461834.003321694 
 11/13  03:00:00,5805609.019838031,5336735.3648388395,5300463.409320958,5321594.708720338,5352238.891151518,5420347.056918384,5836487.956695681,9938395.62499001 
 11/13  04:00:00,5848403.785624054,5391311.2755940175,5355183.331825542,5374707.2131449785,5403996.005248777,5471842.336442707,5892649.884000094,10009325.594536925 
 11/13  05:00:00,5714868.231161483,5260493.872678816,5223606.4244722035,5241051.731498337,5268406.36366152,5335085.127106565,5755517.269556132,9820563.469732046 
 11/13  06:00:00,5556836.030558149,5100579.1561008915,5062163.999578218,5077419.97552322,5102788.55266633,5168175.139376866,5587736.335152411,9607973.987992486 
 11/13  07:00:00,5545255.2391048465,5093059.7055413155,5054428.670693919,5068541.645397265,5092919.789146231,5157912.017625317,5578533.517395357,9594130.518135592 
 11/13  08:00:00,5557585.845788279,5109392.555005791,5070736.83628166,5084030.646603557,5107696.6589835,5172471.361968213,5594475.111594084,9610461.189801486 
 11/13  09:00:00,5478564.397298314,5038758.880744367,5003642.550170113,5018435.978597123,5043071.1527144555,5108536.039235965,5525226.128808503,9414037.61292684 
 11/13  10:00:00,4924831.200339185,4503975.55935477,4488267.826505276,4516084.040216156,4550069.301163191,4619704.179184512,4995146.382898782,8156473.955557061 
 11/13  11:00:00,3739022.2122541694,3325786.782927414,3336632.5216589957,3384336.043443132,3432836.6079734233,3506408.950219095,3790979.670658066,5557627.140115423 
 11/13  12:00:00,2993367.3833345156,2573619.3126560627,2598536.663560891,2658428.832473484,2716045.0963425045,2790855.0121977446,3011921.847492548,3982478.894976777 
 11/13  13:00:00,3189397.9841681463,2744240.7181724543,2753003.6633985043,2801753.2462898265,2850768.666780737,2919798.2760068527,3160856.847477774,4601751.45364872 
 11/13  14:00:00,2881894.7340483586,2439018.776919879,2454586.4544867813,2508213.5341295083,2560583.4503026274,2630117.622298036,2850300.407258584,4079606.672154313 
 11/13  15:00:00,2236889.7566981744,1799928.4959894798,1832313.2957870623,1899383.4327978562,1961796.1055532303,2034006.0605315086,2201287.6582563696,2786555.193400946 
 11/13  16:00:00,2207128.5533903707,1741835.1166475506,1764849.1198535152,1827478.7973195692,1886870.7782862913,1956289.788418969,2127040.7176153515,2887303.9508305024 
 11/13  17:00:00,2526523.7203094615,2030047.3671442715,2034443.2873920351,2084809.7180148964,2135233.5055486956,2201217.9800371774,2418573.6960863653,3944457.0968773523 
 11/13  18:00:00,3282592.802074629,2733264.0587233836,2699254.9417796447,2722487.6877102447,2752715.4030422363,2807360.8967898055,3072444.0061305407,5454522.623519734 
 11/13  19:00:00,3339112.2231681338,2784471.3903301023,2741636.8949930435,2759429.6772680567,2785895.863875755,2838326.798597883,3108795.3700333633,5558273.153395349 
 11/13  20:00:00,3245288.9560284503,2686607.384782959,2639686.9011830976,2654484.045009847,2678771.9079426946,2730034.9605848296,3002305.122906924,5423613.637517385 
 11/13  21:00:00,3103050.1746292086,2538107.6194587066,2487322.4406076977,2499459.859498338,2521798.3998837355,2571595.1264729667,2841285.2922698082,5195708.178193408 
 11/13  22:00:00,2968983.102168843,2398104.645123614,2343665.0859795306,2353271.480456871,2373755.9332187986,2422174.4045398957,2689024.5080245747,4982311.307008619 
 11/13  23:00:00,2832317.7682696176,2255201.199373242,2197576.0909331525,2205076.249815358,2224032.262247871,2271132.305999144,2533344.753308219,4746969.955117385 
 11/13  24:00:00,2678900.6029419126,2096078.0751874354,2035847.039144901,2041642.5561072216,2059349.2524862897,2105184.390255142,2361167.9694411913,4478066.935837369 
 11/14  01:00:00,2743116.635194409,2161281.579120377,2100321.683769753,2105703.4184805583,2123238.6374768117,2169409.2092041555,2430086.1560019082,4613732.00917094 
 11/14  02:00:00,3386175.5549903223,2842568.8525173264,2789888.4394919034,2799856.5913775777,2821219.236601453,2873481.3844753024,3175272.111592172,5923604.753843588 
 11/14  03:00:00,3208373.0991322696,2643410.0587814143,2581423.8740304005,2585092.775548516,2601640.871121374,2649928.934216588,2944962.720480953,5600853.121771088 
 11/14  04:00:00,2877195.845627862,2292513.179985207,2224173.534155601,2223620.7067885567,2236856.038561302,2281651.653917505,2558128.9485886972,4926157.255867867 
 11/14  05:00:00,2789504.6080222735,2208753.7875274126,2144323.32957545,2146501.0697770766,2161663.036705856,2206839.7379589444,2470947.1347417496,4643334.951582847 
 11/14  06:00:00,2874214.455659766,2292651.492875678,2227363.978262336,2228971.410909231,2243717.6030050814,2288819.1400724947,2556663.747184714,4797149.802343229 
 11/14  07:00:00,3061412.6423403914,2482075.6728526875,2416418.9986379836,2417640.732238461,2432120.3911342863,2477740.7848767806,2755352.5912711015,5140953.842070042 
 11/14  08:00:00,3307613.115592818,2733587.9496478406,2668246.7265218673,2669344.6607627603,2683726.0252899546,2730353.1962344716,3022042.223037404,5607692.280803846 
 11/14  09:00:00,3905462.542723524,3366644.449041809,3309595.3433969356,3315586.7562515098,3334160.4391963594,3386374.2506391862,3705239.5332737616,6630987.281560279 
 11/14  10:00:00,4164848.511372756,3636105.6422116705,3580696.972796903,3587190.060301181,3606138.522283234,3659384.338379436,3987245.596400953,7017619.931611703 
 11/14  11:00:00,4083626.6539497133,3558486.9292238303,3505879.878004734,3513976.9816802028,3533982.52974909,3587234.7740972266,3903198.5663415026,6707755.172313905 
 11/14  12:00:00,2946392.4610489514,2405574.3960664826,2367576.7424317575,2387766.512542771,2416469.0376363215,2468112.881189339,2675124.717366371,3841434.558352609 
 11/14  13:00:00,2055048.0065567621,1521962.3891803725,1502550.852389104,1537433.5639902,1577105.334135375,1629823.8661532714,1757157.937402003,2016096.6940214492 
 11/14  14:00:00,1703516.627701417,1159219.9711589057,1136807.6258751317,1169859.6861989659,1207677.2499320023,1258236.2860107606,1389420.9064313052,1817061.7500793657 
 11/14  15:00:00,2142513.0587027874,1570919.1042332316,1525131.49961741,1542384.9794555297,1568856.545551693,1616253.122961003,1816369.6425129604,3284631.295808584 
 11/14  16:00:00,2316316.479970109,1737788.5794081278,1683844.4368372485,1695331.5224929932,1717595.7154969962,1763064.499601607,1981896.3679169016,3788243.920755819 
 11/14  17:00:00,2521983.248774712,1945080.783406392,1890219.5383450615,1900975.3851561635,1922746.4137529968,1968478.721761711,2195396.2159386096,4100346.8865697347 
 11/14  18:00:00,3022566.7161054453,2453208.969056356,2398068.5057169455,2408355.276788924,2429904.6934585217,2477015.073589729,2724157.6029355624,4893946.547731355 
 11/14  19:00:00,3537186.9624023717,2954126.4487254713,2886295.554779418,2887127.0191343706,2901433.2869420038,2946532.447348476,3240107.202021243,6132582.619924791 
 11/14  20:00:00,3814270.682456549,3246366.7275876524,3180933.8084896323,3182063.609710882,3196472.22474812,3244465.0381966727,3566307.8160628052,6781926.135970499 
 11/14  21:00:00,4008836.7980509894,3449311.392699819,3385985.4639490806,3388251.6201927615,3403523.154654895,3452738.70278614,3781891.8467206447,7006537.821370018 
 11/14  22:00:00,4404938.88745548,3855298.883131424,3787687.062256356,3785596.0318369176,3797620.153141328,3848529.149650672,4230754.979549853,8249883.836125158 
 11/14  23:00:00,4912743.478802121,4381869.061312281,4314306.312772264,4310639.010925425,4321522.039037392,4375970.207559575,4811064.077883171,9575435.844781436 
 11/14  24:00:00,5299790.522322643,4784912.642768052,4719001.073024955,4715345.94305953,4726391.63261577,4783257.317322676,5236683.261824663,10102186.020648697 
 11/15  01:00:00,5711077.615182726,5209511.96819037,5142964.643411148,5137856.457499767,5147980.213453909,5205950.068716227,5677099.51248352,10714477.039751038 
 11/15  02:00:00,6251279.165975125,5768555.933492258,5701830.635574932,5695152.90928144,5704241.549371505,5764222.992047236,6266011.781652257,11698475.770772409 
 11/15  03:00:00,6733852.195505816,6273532.247961352,6208947.903433911,6202160.302165279,6211217.136175002,6273672.840465753,6802919.600692606,12568826.941831673 
 11/15  04:00:00,7194135.139772478,6760895.87998545,6701344.9380660355,6696279.224756148,6706574.141718458,6772272.31200536,7327367.6605620105,13391009.911976134 
 11/15  05:00:00,7448810.959179241,7040413.278097099,6987636.123883581,6985739.844900182,6998301.214448653,7067222.371898364,7636683.12545151,13782587.029194599 
 11/15  06:00:00,7483612.087875109,7089577.14337852,7040013.3907298315,7039067.958926343,7052189.364990736,7122425.670501667,7699804.271152666,13898921.96889943 
 11/15  07:00:00,7684388.919170179,7303737.101144427,7255337.025633828,7254029.123341534,7266855.827537877,7338230.454484886,7929180.838704405,14271946.061256194 
 11/15  08:00:00,7991883.520007566,7626541.546117744,7578574.875707039,7576259.282610648,7588307.0898153335,7660695.013280107,8271186.221504053,14891391.892995205 
 11/15  09:00:00,8142960.157685379,7798558.180383027,7757896.22722975,7759392.376876675,7774239.029953855,7849796.408178942,8467719.2185961,15106376.21566778 
 11/15  10:00:00,6875476.666428495,6538738.695372942,6528983.246735763,6553834.269087663,6586282.544440653,6669313.280201803,7194819.57358249,12047620.750383666 
 11/15  11:00:00,4652694.6941503445,4271475.537163284,4284010.141237704,4330192.357971276,4379165.010209256,4463216.724923872,4827843.5440875,7153695.9817780405 
 11/15  12:00:00,3239874.3300582403,2817264.864412998,2837727.997131627,2894151.842129763,2949028.209160726,3026402.0100089447,3251074.7982043647,3972084.618083762 
 11/15  13:00:00,1692149.36329185,1242142.358099524,1279404.3391079295,1352300.761329371,1421813.0999563595,1493759.9384552117,1562053.4631263802,1161725.8275207323 
 11/15  14:00:00,423589.369766842,109134.08446123794,130439.50462234646,173148.56423265446,224188.04187164936,280671.0413877052,300956.8580272855,0.0 
 11/15  15:00:00,3283.159336324025,0.0,0.0,0.0,0.0,0.0,0.0,0.0 
 11/15  16:00:00,0.0,0.0,0.0,0.0,0.0,0.0,0.0,0.0 
 11/15  17:00:00,306186.428681697,0.0,0.0,0.0,0.0,0.0,101939.10345385667,1019770.6727526616 
 11/15  18:00:00,3993045.3178273556,3281552.4281972684,3196652.3564644526,3240540.7353930296,3303843.6088644923,3395539.3728170297,3740601.7885845024,8125210.995766799 
 11/15  19:00:00,5208951.659306957,4503419.815450503,4430024.001931507,4457912.6644647345,4501935.314529715,4578499.508793283,5005103.294198087,10303817.707618777 
 11/15  20:00:00,6428906.100954818,5771070.686805775,5699483.334060015,5724838.692301813,5766726.067192203,5847713.24650236,6340891.835311149,12370816.204680644 
 11/15  21:00:00,7161293.515102591,6560725.988558521,6500387.015979618,6528853.808070767,6572576.838513153,6657978.83611318,7168636.281811727,13022005.358514324 
 11/15  22:00:00,7559307.964879842,7005392.887945339,6952707.341597934,6981359.243297231,7024161.567280815,7110253.708813133,7633864.504267321,13428676.631184973 
 11/15  23:00:00,7757148.574168825,7236980.0811507655,7185150.542071553,7209338.92902907,7247801.715789565,7333094.625805766,7880038.912537184,13876504.60712364 
 11/15  24:00:00,8636382.369123232,8171836.122561561,8125518.758885246,8148220.2626824165,8184959.65414113,8273333.924268322,8874749.02784901,15629876.195209198 
 11/16  01:00:00,9244526.965199865,8828496.069999777,8788395.036689103,8810349.150004538,8845799.886684392,8936309.981572874,9569491.602366224,16673100.619959278 
 11/16  02:00:00,9097960.726580711,8708841.163781643,8674004.694827646,8695945.24448572,8730608.272649992,8820552.695046911,9445782.603688613,16218348.552700609 
 11/16  03:00:00,9143122.95649483,8784078.761956103,8754945.017913707,8777155.324316636,8811297.289718948,8901495.706578223,9530626.435801953,16273686.6095776 
 11/16  04:00:00,9419335.311653787,9087803.56778567,9060487.283312969,9080373.800906906,9112098.849266052,9202126.886095613,9853224.18059913,16924758.55189665 
 11/16  05:00:00,9972409.626760636,9674481.893224755,9650341.999409925,9668956.853017632,9699216.210841797,9790496.019853909,10471839.063431252,18001968.10249993 
 11/16  06:00:00,10156044.685642498,9888650.939822149,9871552.498697337,9892103.841776777,9923334.471378345,10016262.275923768,10702334.612289568,18180811.29567079 
 11/16  07:00:00,9937284.361466296,9680902.725955382,9666652.82894929,9687258.303524308,9718031.227480717,9810067.595260406,10485603.863512455,17710272.53005173 
 11/16  08:00:00,9580826.332006983,9328684.569015868,9315237.979412522,9334685.511535406,9364074.704979017,9454505.594534716,10118328.113711622,17111435.65203826 
 11/16  09:00:00,9313315.58709915,9064591.896472689,9054138.442768656,9074634.376859674,9104468.256036164,9194280.91046045,9841975.348560853,16535264.056606969 
 11/16  10:00:00,8835568.660262493,8598634.502117902,8602366.998956118,8632303.06553406,8668911.726400943,8761262.498499881,9369911.506481878,15326765.015554383 
 11/16  11:00:00,8202436.036257954,7972786.443096307,7987536.482688421,8024295.570682575,8065370.876865292,8158468.006066208,8733733.39325395,14159088.580935543 
 11/16  12:00:00,6907621.241549471,6705779.457471134,6760032.574015187,6824257.70264863,6884948.08461491,6986642.807975598,7481372.513158923,11505243.08651527 
 11/16  13:00:00,4787583.610285463,4609719.135647599,4722102.049371758,4829178.399302359,4921002.850213003,5036375.925857539,5410657.513461501,7531274.440015928 
 11/16  14:00:00,2814951.2745238123,2610628.25998364,2742845.5675826813,2870202.6361987037,2977061.0223324285,3097454.6709900675,3375734.507885808,4452022.301494699 
 11/16  15:00:00,329882.9419536357,258831.47421490867,372164.72455689806,505072.86126625544,637159.2561074302,777616.7386937552,992100.4744866252,1366124.1384159352 
 11/16  16:00:00,0.0,0.0,0.0,7988.700184471964,124119.56559784157,269514.0608318601,507169.0713932767,1230435.5538470338 
 11/16  17:00:00,420210.1476432028,261877.49070953435,339528.32116810314,469530.01981673297,621951.7089384536,764540.0054857616,1059102.4716715664,2735458.5795062045 
 11/16  18:00:00,3473481.852722299,2907172.014233039,2940014.0545395585,3009592.143297587,3064956.9547600523,3143748.3047823496,3493367.2637146916,6672247.607623349 
 11/16  19:00:00,4055193.6850116216,3511331.2863962846,3516625.3182808957,3575131.39173874,3625978.69925844,3703816.532938114,4077179.6788336434,7587826.560067672 
 11/16  20:00:00,4277816.6315432545,3738945.779746077,3735068.536750857,3785807.714982411,3831985.9698224114,3907693.8719821367,4290468.171769237,7899084.491701898 
 11/16  21:00:00,4434642.299077822,3893386.0426530144,3876174.749337347,3916323.339495499,3955653.0057738638,4027787.4726524195,4423768.627367412,8225181.963256206 
 11/16  22:00:00,4429848.283750322,3890795.6614070954,3864684.96278619,3897187.9574093493,3931617.4042961574,4001283.193793574,4403011.876480499,8237649.892874945 
 11/16  23:00:00,4366067.936493987,3828359.0978011433,3796045.4304359453,3823095.96263768,3854081.818329588,3921455.2925962657,4321038.158450604,8103564.015746638 
 11/16  24:00:00,4507885.18335382,3977612.3985430766,3941167.0580622675,3964036.267568242,3992455.0060507488,4058804.6461578594,4464509.226052077,8308400.693433629 
 11/17  01:00:00,4783698.616529732,4266640.003571284,4228277.909311272,4248261.453607019,4274925.476144626,4341231.059677415,4760438.776935032,8788166.923350194 
 11/17  02:00:00,5188141.364580635,4685515.434849146,4645128.110194068,4662198.811147727,4687091.7135161925,4753893.822319271,5192822.733831771,9497496.131443165 
 11/17  03:00:00,5644142.752511797,5162831.748539614,5124926.795411958,5142220.001712381,5167643.325092448,5236201.971966359,5687509.945850235,10117119.366330978 
 11/17  04:00:00,6132239.159891084,5671087.582697664,5633505.894913928,5649441.479081444,5674079.582729344,5743738.210508657,6217173.946861135,10969186.867667481 
 11/17  05:00:00,6717605.651240161,6278165.015561163,6240090.813180247,6253827.851813594,6277119.452197673,6348303.899753208,6851926.448824903,12049292.780441739 
 11/17  06:00:00,7410854.930138,6992604.242839636,6950627.628299636,6959533.91224939,6979390.773167664,7051387.252608853,7600671.495695065,13527937.425415292 
 11/17  07:00:00,8020638.547080068,7628756.500272606,7586929.862342907,7593700.791393408,7612129.901521966,7686209.672319764,8272381.90139512,14734218.908614274 
 11/17  08:00:00,8464846.162556453,8102909.8385953875,8065963.944081131,8074012.282524316,8093425.847791084,8170201.493461637,8779260.6028026,15497103.539367728 
 11/17  09:00:00,8736465.551053142,8403617.444775717,8374046.233659991,8385281.149086697,8407104.82670975,8487200.463754456,9108461.51053982,15881006.241724832 
 11/17  10:00:00,7847321.07978297,7549319.396070381,7554187.775199753,7589030.779819213,7628413.122315368,7718251.310210485,8280726.429292962,13782014.19048992 
 11/17  11:00:00,5587212.696559966,5283667.867254722,5339293.098183123,5415135.389317905,5486069.331429698,5589189.261882758,5997163.855075076,8794656.840236353 
 11/17  12:00:00,4232422.570644425,3879172.918814255,3940134.106065969,4024777.2948621195,4101793.7108726683,4198575.291783217,4464205.5533949705,5455024.791469653 
 11/17  13:00:00,3210203.299135399,2819943.6778263785,2888708.702721105,2983342.942902258,3069123.6993204085,3163120.351674898,3328119.017528632,3454423.8044575006 
 11/17  14:00:00,2333650.795052616,1905199.2101940806,1974455.294067119,2073785.5824540036,2162481.3387892717,2251541.7667465433,2350879.6705421573,2185775.0629028757 
 11/17  15:00:00,2185574.292950207,1725296.276483174,1788451.4125042567,1886148.175537288,1975423.1595647186,2064654.838560865,2182326.147422829,2211901.6146822223 
 11/17  16:00:00,1903122.086086072,1429717.3185848575,1497607.9930570398,1600777.9198914405,1696348.3273930382,1796223.3581167618,1987934.415996287,2889669.838455503 
 11/17  17:00:00,2517904.119739356,1993141.4942043615,2029587.5576433102,2107544.7118688505,2180339.433090962,2275337.571225055,2584930.8547227527,5372656.551206429 
 11/17  18:00:00,6483339.701056009,5954735.570204782,5924278.51982359,5957217.563653071,5998814.299996861,6077893.616927817,6541704.980590564,11949117.697573634 
 11/17  19:00:00,7650215.108212303,7162500.464524558,7131199.136220368,7160384.307166818,7199172.903043862,7282148.324716937,7818446.762833271,14207724.675930943 
 11/17  20:00:00,7985816.718610168,7525996.288792555,7492240.528235142,7516543.89663822,7551401.697620724,7634944.277768567,8208865.06376098,14971240.86642406 
 11/17  21:00:00,8224656.066195104,7791545.059977559,7756526.028936919,7776851.098739359,7808411.787296598,7892415.6390578,8495215.133740546,15489822.040711818 
 11/17  22:00:00,9032299.762509003,8640021.935073871,8606212.59971612,8623861.889188774,8653171.446449038,8739437.966273598,9389992.507316181,16994188.142592024 
 11/17  23:00:00,9744703.64511049,9393457.170347482,9361819.48914053,9377412.318245498,9404937.94541881,9493486.488267032,10185452.895079836,18313277.57943019 
 11/17  24:00:00,10146570.54222842,9831982.247991715,9805810.5328487,9822241.108581007,9850155.024374371,9940982.726845458,10649526.0150766,18826563.59634387 
 11/18  01:00:00,10683950.301983524,10404660.617705885,10381131.43549798,10396411.334207544,10423163.59513549,10515425.829475988,11253509.220783422,19809042.451958105 
 11/18  02:00:00,11231509.372388119,10982485.217341036,10957595.461088821,10968802.715201471,10992277.047221093,11085150.637450527,11860989.653890504,20986134.04037927 
 11/18  03:00:00,11320584.810579145,11094707.818245515,11070368.616494253,11079260.462364523,11100618.793817226,11193825.991279857,11992124.185792767,21410311.259883534 
 11/18  04:00:00,11322128.287062293,11120439.436981767,11101199.333219878,11111144.507248662,11132816.345872484,11228295.014754608,12051477.442690182,21762461.59997829 
 11/18  05:00:00,11631484.787960557,11452492.246660842,11439022.958606323,11451103.646503873,11474121.115447653,11571389.87459052,12390950.631710839,21799958.760379247 
 11/18  06:00:00,11960912.530112758,11801359.446801372,11792046.863421839,11805609.044461492,11829579.845591787,11926908.700527748,12735528.022758387,21868801.963352866 
 11/18  07:00:00,11877863.806205153,11728581.271443473,11721365.372268023,11735008.049991468,11758759.510586206,11855404.486636728,12650137.166665684,21471770.49163177 
 11/18  08:00:00,11637415.944866344,11491408.873092648,11486020.786771324,11500285.755374731,11524305.079812197,11619965.937393872,12395985.229576437,20849512.840809733 
 11/18  09:00:00,11494213.270050716,11355738.352624219,11354875.556229789,11371825.198168825,11397831.812420845,11494325.650267946,12257632.532767434,20473052.356724203 
 11/18  10:00:00,10790158.566633562,10645401.602263391,10652489.97357044,10675674.13414584,10706372.015774688,10803219.323829371,11515746.109908346,18818380.20734605 
 11/18  11:00:00,9498588.669081867,9326680.402245773,9340815.377938211,9370920.223380547,9406785.928493278,9502167.54423083,10135336.176318932,16105793.826832961 
 11/18  12:00:00,7811510.05246514,7587153.61297406,7608344.756315281,7647638.604463439,7690605.660176347,7782264.305579599,8285518.7715215385,12215233.8850571 
 11/18  13:00:00,6623645.734532106,6365085.847948978,6396683.907644463,6447045.273050985,6498461.791489121,6589136.2630000105,6999233.288856583,9658123.257706614 
 11/18  14:00:00,6139054.65672335,5869309.869290075,5909805.46605903,5968302.711536351,6025673.089202095,6117402.226693307,6497222.691897848,8919988.774910258 
 11/18  15:00:00,5906846.927751188,5618316.674822599,5655586.069117472,5712885.900374063,5769031.135173914,5858086.018760888,6231733.933343632,8801159.406550447 
 11/18  16:00:00,5865320.672120246,5553216.316254224,5577893.004401928,5626748.7596189305,5676209.437034004,5760161.954437833,6148087.091385761,9176365.263941895 
 11/18  17:00:00,5682673.778469847,5350011.175507316,5371274.100783631,5419153.094002204,5468191.864016623,5553164.852820195,5965137.791347757,9474256.2786666 
 11/18  18:00:00,7004245.656544314,6664118.811208867,6651898.9792014975,6673591.81093627,6702294.777267906,6776475.451375064,7263657.28211849,12233291.154277889 
 11/18  19:00:00,7580391.730632789,7254443.244683379,7242408.962555723,7263531.505300449,7291884.267923133,7367787.3753372915,7882437.379415,13259610.832307138 
 11/18  20:00:00,7748516.54303927,7431341.2269887235,7419130.399213129,7439449.782319282,7467189.396585847,7543815.30196362,8072053.521272485,13593635.22681491 
 11/18  21:00:00,7788280.630154039,7471842.028192357,7457753.509356242,7476500.236122618,7503050.937977169,7579438.12293751,8115278.4949633395,13711264.006881723 
 11/18  22:00:00,7979571.760201339,7670920.983402342,7656744.630553523,7674904.609225248,7701042.516429162,7778166.274551064,8326188.792120363,14064687.10727903 
 11/18  23:00:00,8215348.83829489,7916430.619327979,7902564.914109181,7920303.306570207,7946139.043518105,8024114.329030472,8585597.059293525,14490285.14902136 
 11/18  24:00:00,8395065.727949912,8099524.470380412,8081253.6562165525,8095209.204271101,8118220.786663738,8195870.280640705,8782316.711477077,15089566.763169816 
 11/19  01:00:00,8453103.844828747,8161487.106799127,8141171.634906433,8153094.181607522,8174632.631046222,8252599.035156181,8852399.186484242,15304910.524077956 
 11/19  02:00:00,8722161.808741642,8435371.976210019,8410936.814951854,8419262.501872044,8438080.896705475,8515816.4780299,9142225.07837267,16038738.949982816 
 11/19  03:00:00,9042025.613345392,8764869.315040475,8736726.531762946,8741255.835408589,8757251.213984042,8835613.446940685,9498361.792942636,16989488.724474546 
 11/19  04:00:00,9106834.057740511,8840208.273137897,8813761.319991807,8818641.872330626,8834889.78342719,8914741.224485837,9587691.421938173,17108359.928820208 
 11/19  05:00:00,9190204.114995975,8930007.733151337,8903468.004498495,8907645.57134003,8923338.543939697,9003779.8976821,9689126.727121491,17361323.66542035 
 11/19  06:00:00,9257045.448556252,9004466.65441732,8978254.365094204,8981934.835127806,8997256.351579126,9078730.429082682,9775815.790577363,17550674.808655724 
 11/19  07:00:00,9023292.201277832,8770235.154491229,8745626.3091227,8750353.44185377,8766496.426616415,8848053.353886519,9529091.710591817,16930612.19575292 
 11/19  08:00:00,8628588.910164546,8370936.446144803,8349432.767891675,8356723.630449186,8374799.925626984,8456106.447474651,9106584.87152075,15904800.113988139 
 11/19  09:00:00,8354007.460946832,8095260.143257597,8078389.409459048,8089258.786392452,8109973.961570779,8191618.368247938,8817006.143273916,15158354.651148528 
 11/19  10:00:00,7685787.097356577,7422051.455322176,7415378.987685307,7434338.771015488,7461061.364415077,7544378.2328962395,8128079.343351562,13751752.112042755 
 11/19  11:00:00,6189020.7244543135,5904721.058571836,5917579.106534698,5953311.587095232,5992659.1205649935,6078517.169177054,6563120.330267547,10545049.310806658 
 11/19  12:00:00,4431809.207890299,4091969.8315376895,4109986.9665558,4154338.6019093744,4200345.841300172,4281166.305679062,4633161.018954691,6756854.334860969 
 11/19  13:00:00,3062435.7918574363,2652368.5453528976,2657874.713089378,2698005.489618385,2740746.8910680576,2808657.182277661,3036824.6047485494,3814277.2555408725 
 11/19  14:00:00,2402228.7950961413,1941083.1079950135,1931974.2519509192,1964658.2780667304,2001447.5637343596,2058675.121197937,2230232.5014325343,2633245.60551224 
 11/19  15:00:00,2356954.880556338,1861972.1271649485,1838965.7593486642,1863383.6570920101,1893741.1449673558,1945405.9328802498,2124763.5627874695,2838642.7267201203 
 11/19  16:00:00,2043179.3275920034,1514894.0261322556,1481656.5844296478,1500451.2117222971,1526282.2185689542,1570874.5132028388,1718389.5719257868,2246208.842057278 
 11/19  17:00:00,1980682.104476594,1432164.5664825672,1394379.8440440048,1411911.0489341954,1437175.7966109859,1482478.6108090922,1656750.3320190373,2659140.9583186717 
 11/19  18:00:00,3568576.257362223,3027286.351048618,2976193.0606178953,2983906.114848008,3002198.6334004533,3051305.92037706,3346885.3297879864,6179288.012527911 
 11/19  19:00:00,4589161.0105206,4065659.53447021,4011441.8617350007,4015957.3749567107,4032148.898939876,4085094.3550013285,4452154.197883132,8356680.333743839 
 11/19  20:00:00,5708621.716358957,5214701.499410404,5161317.943543527,5164831.059581121,5180547.515028775,5238478.004343373,5673549.12407229,10545375.480718946 
 11/19  21:00:00,6368400.022485285,5900593.8989390535,5849473.574803429,5852990.733442064,5868856.456379195,5930527.534009918,6407801.250844148,11785260.867872855 
 11/19  22:00:00,6924290.1152943,6481305.580676252,6431624.18439969,6434470.676721725,6449915.927330294,6514873.54057168,7034476.003584899,12926452.601673007 
 11/19  23:00:00,7536821.839824548,7122283.9600501275,7075204.612342622,7077983.120259721,7093448.295239482,7162030.852200137,7724232.431365546,14152367.203073617 
 11/19  24:00:00,8064681.205625282,7678494.307525116,7634330.217168064,7637186.865409317,7652727.386980472,7724761.14072522,8327035.758513285,15253127.361638026 
 11/20  01:00:00,8504969.842502153,8145687.045873461,8104126.726093179,8106813.898419542,8122224.705408509,8197403.513808294,8836778.736122062,16220813.756940575 
 11/20  02:00:00,8886081.378618596,8552350.876305608,8513441.615574703,8516056.249081874,8531386.311132403,8609470.655850004,9283056.137382448,17088179.891387254 
 11/20  03:00:00,9322406.456236316,9017307.531384798,8982659.596573696,8986299.585782921,9002375.437933754,9084134.57069074,9794692.11190471,18073391.04394163 
 11/20  04:00:00,9792796.809613153,9516211.439606447,9485752.513976082,9490400.764550066,9507226.61029937,9592433.641539074,10335825.75134782,19018348.29233336 
 11/20  05:00:00,10014995.623372268,9758337.182289947,9730670.331527872,9735729.067417612,9752819.91323001,9839999.629353728,10600192.330997514,19409021.47285836 
 11/20  06:00:00,10035176.68532938,9792964.813869283,9767813.826225966,9773334.593931334,9790685.731562946,9879202.173102338,10648232.036301311,19480110.670417026 
 11/20  07:00:00,10025550.873484936,9793212.626241669,9770603.529256988,9776871.432793597,9794680.294622289,9883668.419609493,10642865.393060086,19142579.206199635 
 11/20  08:00:00,10060287.735268962,9835180.674247159,9814849.389099816,9822157.110172201,9840699.07650622,9929679.27281246,10678008.157099804,18914876.452343225 
 11/20  09:00:00,9804963.830741208,9581334.897937313,9564471.299975283,9573901.092553824,9593978.620654501,9682597.598906364,10400999.284109361,18056761.66756793 
 11/20  10:00:00,8746224.97864116,8485941.289013108,8471846.877366837,8485455.794550437,8508599.810644435,8591850.644728042,9193616.97752879,14834989.079962103 
 11/20  11:00:00,6988225.049775167,6649730.206753547,6633510.833646134,6650227.30725093,6675433.376146338,6747424.3888571495,7171849.893680599,10167705.947021924 
 11/20  12:00:00,5444363.194524646,5041643.097499346,5026510.310570675,5049059.670070056,5078578.232315431,5140965.696183985,5404728.461506661,6447477.094665371 
 11/20  13:00:00,4292748.848321651,3849797.561160759,3839874.8918399857,3870851.4596308987,3907070.4016636293,3964028.986229265,4121202.365183088,4269201.632730063 
 11/20  14:00:00,3532481.4286626764,3045005.865209643,3028701.40731005,3058555.6737342603,3093509.206281874,3143203.2302775686,3242300.0438137376,3147431.3413055036 
 11/20  15:00:00,3332281.180307162,2821737.804341654,2795275.6470721536,2819276.6804530853,2849452.2725468427,2894092.888642541,3001087.764948934,3064042.963236973 
 11/20  16:00:00,2401373.2670106315,1810023.6086632418,1772272.9910669152,1791714.4750247886,1818554.654234665,1859049.494896281,1963979.5152748646,2214153.5828250535 
 11/20  17:00:00,2508423.6118519227,1888362.1752293678,1850915.6833833344,1866993.5409064144,1901751.977401339,1954393.9001717472,2168217.3777235206,3870228.028576307 
 11/20  18:00:00,5722246.525338139,5200734.215963572,5153082.064771263,5165914.506818233,5187803.805412287,5244905.019755555,5609914.924246138,9601828.811726576 
 11/20  19:00:00,6350719.7880451735,5855507.563398866,5810773.36928039,5823908.050802714,5847412.953776435,5909149.919914082,6315727.034867904,10787831.471608631 
 11/20  20:00:00,6644003.7693650015,6165675.628359888,6118500.773226665,6128225.294167308,6149221.29502292,6212440.81489823,6661668.325313209,11681118.982048273 
 11/20  21:00:00,7079446.515637929,6621318.827074967,6570143.782274757,6574811.715094635,6591999.668047883,6657071.231019379,7165619.704042479,13024233.926843334 
 11/20  22:00:00,7647618.483034125,7223301.610917956,7175181.365359539,7179366.327272262,7196138.82426481,7265852.070858925,7836781.197585962,14554603.428727437 
 11/20  23:00:00,8142903.4566631755,7748506.62059367,7703042.762408856,7706788.599940544,7723262.4134500865,7796612.542372558,8410984.652968233,15642362.7840796 
 11/20  24:00:00,8359521.838650952,7983763.151807722,7938854.538609078,7941269.349615149,7956821.715534143,8031401.720145134,8658678.54151049,15858647.708813375 
 11/21  01:00:00,8693397.680565229,8338432.394140328,8294973.958123968,8296772.960638611,8311926.067852322,8387823.484872573,9029999.458008746,16322352.712218422 
 11/21  02:00:00,9199715.451171702,8872502.817193309,8831943.44457977,8833757.747368116,8848935.25456027,8927269.295621278,9596449.211431853,17214439.088504136 
 11/21  03:00:00,9390505.20042823,9087439.231522094,9052031.563124813,9055706.73168455,9072170.9547445,9152985.115259048,9836561.525743194,17535451.13655356 
 11/21  04:00:00,9287639.668118944,9001176.563104164,8972302.610680785,8979126.0576413,8997724.043012884,9080480.655941255,9759319.589912258,17211198.35247177 
 11/21  05:00:00,9007941.749616176,8723274.383213507,8696852.298504347,8704633.901380451,8723656.784529151,8805475.38699373,9460310.46807987,16407886.305278044 
 11/21  06:00:00,8792870.225704655,8508405.263028834,8483040.341837775,8491148.508579116,8510251.490375929,8591052.38109444,9228648.249338463,15845317.826894782 
 11/21  07:00:00,8749101.286326686,8468791.027609747,8445040.100218713,8453866.617790133,8473456.60083873,8554453.122145088,9188434.194314534,15738734.864186643 
 11/21  08:00:00,8786861.447159644,8510323.92082934,8487018.574190414,8495534.966977952,8514725.671072746,8595268.530319445,9227609.087462015,15776074.492268236 
 11/21  09:00:00,8662211.879420735,8390340.198397545,8370003.740674669,8380278.420436723,8400775.147712912,8481902.796828354,9105767.535529448,15491180.982446726 
 11/21  10:00:00,8305581.843962517,8038162.800151941,8026159.347236258,8042578.8899222305,8067754.8571455255,8150635.289347983,8746579.394446203,14632112.463559248 
 11/21  11:00:00,7846513.71318185,7587914.980839802,7588646.065758571,7614108.845582034,7645881.4160693055,7731276.870439239,8293767.225183003,13604340.204689356 
 11/21  12:00:00,7187317.924329432,6936351.844549689,6954682.103755844,6992948.215975992,7033980.305839524,7122678.889501087,7638134.142823169,12179331.415041506 
 11/21  13:00:00,6384585.613114197,6145135.89241946,6188000.9022603,6244285.815171247,6298417.350847514,6392775.634367007,6856920.7130038375,10568789.37321031 
 11/21  14:00:00,5421186.58958767,5206014.919789194,5287305.054100572,5371652.576277275,5446362.379628306,5551944.704588424,5968248.871140863,8919020.091686452 
 11/21  15:00:00,4039378.2955805,3833401.3109479216,3963814.349630407,4089465.1138369776,4190794.8481955132,4313505.94438488,4688244.360920974,6974452.036565226 
 11/21  16:00:00,2890824.6664737947,2698134.870039842,2884415.7120051547,3052528.678882754,3192204.0561159193,3344776.515355216,3752294.7670492204,6399260.075744414 
 11/21  17:00:00,3753217.316844041,3477284.9651099825,3612997.7732365094,3748610.4294180973,3863751.6875740043,4001542.1857788144,4488500.021762666,8749911.017959733 
 11/21  18:00:00,6998040.765030348,6604666.826421924,6604130.29194634,6642437.81806872,6686006.370627567,6777188.9137493195,7319473.008788124,12951608.021721788 
 11/21  19:00:00,7580144.8645593785,7202846.960191039,7196613.037069742,7229383.104041742,7268620.420387694,7358271.692083894,7927158.467169917,13949255.468562843 
 11/21  20:00:00,8016301.080665182,7652867.252100376,7640782.002353359,7667989.008872835,7703037.133714783,7791254.05573632,8381543.321935403,14703597.436657509 
 11/21  21:00:00,8295544.543378813,7945980.043948412,7930177.925060712,7953359.231444636,7985326.715075268,8072435.255217103,8675886.067103699,15143459.348833421 
 11/21  22:00:00,8451428.319307504,8114264.452449217,8095858.505981049,8115881.755588677,8145373.828740853,8231344.050131837,8842116.533183658,15365960.83937415 
 11/21  23:00:00,8522075.9096945,8196076.582421608,8176264.889292669,8194105.415605114,8221830.475573327,8306930.452030345,8921513.905629514,15440238.349351551 
 11/21  24:00:00,8487348.979905056,8168034.613136134,8146129.6766743995,8161446.788845819,8187126.53956008,8270830.265275646,8885477.632581644,15371583.714008076 
 11/22  01:00:00,8520638.74192505,8204353.836910769,8178679.0367135,8190484.314386654,8213433.005460825,8295381.780214462,8913033.8570976,15445643.913966604 
 11/22  02:00:00,8639014.891711602,8330102.880879557,8302699.50487349,8312392.46392079,8333680.392027423,8414828.365719497,9037401.082840282,15634240.163273476 
 11/22  03:00:00,8708260.864172801,8406359.787776476,8378064.525967067,8386301.046399282,8406406.373857133,8486924.800627815,9111992.111514911,15730187.93149787 
 11/22  04:00:00,8769545.807255462,8474933.574044686,8446598.691040771,8454015.917417433,8473401.501142334,8553553.350169588,9180215.67625783,15807163.830635399 
 11/22  05:00:00,8808399.311323578,8522132.674556158,8494877.79989424,8502256.94473512,8521489.697252583,8601612.799437921,9228652.308883969,15833612.584003778 
 11/22  06:00:00,8844962.423262358,8561953.498293675,8533698.955980262,8539809.288644325,8558005.91381622,8637373.482394654,9264986.018811366,15892656.171573197 
 11/22  07:00:00,8920015.63282629,8640015.726191316,8610388.429816376,8615061.49114697,8632141.238119945,8710916.119963495,9341769.10375169,16030188.677353295 
 11/22  08:00:00,9004573.389109874,8730344.515568342,8700933.828125335,8705195.355103994,8721897.318863794,8800604.608641593,9434436.957785904,16167299.376424395 
 11/22  09:00:00,8958990.53060197,8695162.753034325,8669979.611962542,8676437.611890107,8694620.09058149,8774349.490149636,9405463.52328328,16051187.575240653 
 11/22  10:00:00,8266289.504114875,8040863.361778909,8047705.99723669,8075254.459165865,8108477.909641576,8196897.887022077,8791664.766156388,14664606.980656605 
 11/22  11:00:00,6774465.816511976,6616055.653523692,6690106.967620596,6763736.064834838,6830184.804998395,6938135.537732041,7463493.671482898,11918314.948387383 
 11/22  12:00:00,5690346.448706264,5544012.6355687985,5654297.033828146,5755019.551543963,5841292.154793145,5959169.491568861,6422343.181001739,9830393.024513528 
 11/22  13:00:00,5128784.927608334,4986063.2445428,5117673.685630972,5234820.387162162,5332993.12976093,5456267.131176803,5882847.343815184,8795036.121013142 
 11/22  14:00:00,4395860.681233523,4280435.466164858,4449486.952180175,4586195.037832156,4703740.968764578,4837086.765498047,5233711.357936953,7759245.734905484 
 11/22  15:00:00,4482319.098735049,4335841.460503095,4504412.557781818,4653762.187890739,4772994.265536963,4911474.458614772,5333541.449220466,8301430.385961063 
 11/22  16:00:00,3759708.1997193093,3688649.197713299,3933810.5406990317,4132317.4428574787,4292860.745048093,4458600.749332347,4932575.00214025,8475240.148675693 
 11/22  17:00:00,5112452.7179443035,4925537.9295424055,5137326.789257447,5309500.682333057,5447990.459982902,5610868.091516961,6178032.362654313,11383892.48780508 
 11/22  18:00:00,8603611.941954896,8287440.378045641,8311799.236951876,8365468.250150175,8419594.907835774,8523118.829440465,9137066.027358577,15825544.703156482 
 11/22  19:00:00,9551901.068514246,9259456.81336206,9278498.337111017,9325507.320057128,9374652.408398343,9477766.471320396,10138081.735658024,17534636.166359164 
 11/22  20:00:00,10234284.687848844,9963927.153452424,9974512.560650975,10013355.975482069,10056486.498600198,10157954.690018302,10854800.837290246,18797798.151831225 
 11/22  21:00:00,10666220.511594158,10415046.031758253,10419064.5451146,10451268.723059231,10489481.790734557,10589286.639392227,11309528.879749885,19553865.98069195 
 11/22  22:00:00,11047236.056146955,10820714.075387273,10822316.722691858,10850589.970237844,10885793.824940354,10985023.246054726,11724872.49466109,20198037.22488221 
 11/22  23:00:00,11586331.644668322,11386250.061649911,11385103.033412013,11409127.757849772,11441082.710126955,11540058.284961712,12309047.988883752,21212603.066584233 
 11/22  24:00:00,12097878.973443974,11923095.858407358,11919459.10727529,11939476.249270331,11968384.987251982,12067271.245241921,12864018.399424437,22183768.396295324 
 11/23  01:00:00,12347148.497557757,12209128.355500383,12213875.070783885,12237353.184875906,12268621.94846743,12370277.466721166,13174222.419637442,22426030.813957214 
 11/23  02:00:00,12477060.963047005,12375834.534237735,12393350.769147772,12423629.274107853,12459635.39882581,12564749.128604475,13364720.66101909,22378933.50998008 
 11/23  03:00:00,12732906.372647088,12653757.171113677,12674551.984042624,12705379.217546575,12741575.726751272,12847250.825211426,13654957.03403065,22791468.721996613 
 11/23  04:00:00,13039499.097287185,12977335.854192434,12997670.186569342,13026630.642479658,13061329.512031253,13166986.913735898,13989416.71168987,23371792.903096203 
 11/23  05:00:00,13225428.45809368,13176064.55299671,13195557.339719148,13222623.494650958,13255798.647213623,13361071.160990229,14194028.490514342,23751070.09704898 
 11/23  06:00:00,13471708.592018846,13427921.060482763,13441309.001319751,13463009.446786044,13492160.55095817,13595799.181940565,14449432.621611461,24387276.429665323 
 11/23  07:00:00,13756907.022636086,13716433.382228326,13722303.912353482,13737757.92850641,13762292.392955255,13864136.348248327,14741107.802038698,25123495.094350632 
 11/23  08:00:00,13866730.023594249,13835399.196069503,13839738.502717339,13853138.530610071,13876120.784486838,13977802.563540155,14864947.442310927,25353064.974467635 
 11/23  09:00:00,13902080.09755324,13889199.82829325,13899819.703083817,13916363.441750528,13941535.597919125,14045209.025538098,14933985.152268117,25371019.399904888 
 11/23  10:00:00,12730808.552519409,12765828.060756389,12827471.093678515,12879279.002475455,12930404.734988464,13050749.794522686,13890615.503312634,23080780.722119663 
 11/23  11:00:00,9830804.885789983,9862388.354314521,10008297.467013998,10126381.268111452,10228319.520390432,10379681.587881427,11095132.227478372,17562427.096723743 
 11/23  12:00:00,7816357.338840055,7793010.148685708,7972099.2799028335,8121231.366982585,8243343.523332615,8400430.18036341,8955651.413869774,12745262.479298405 
 11/23  13:00:00,5821305.553183508,5738525.048764792,5945664.355858303,6123440.549353905,6272311.80998453,6438536.47088125,6867707.7329210425,8856178.715888895 
 11/23  14:00:00,4113771.451336296,3985068.5797722214,4214186.597601246,4416251.596383033,4584167.6745498255,4760927.918156316,5132713.6649311455,6567355.588776194 
 11/23  15:00:00,3002822.3550219727,2862586.7228551875,3113930.668442484,3339524.984684796,3528420.4036221113,3719755.8062176043,4109567.73990603,5883387.85880751 
 11/23  16:00:00,2956551.6652495386,2781218.8772842567,3026410.3951007533,3252775.842586292,3443759.4069429324,3642027.1284124143,4105259.8505919334,7125785.032650836 
 11/23  17:00:00,5076579.955939911,4790318.351670803,4944039.614000043,5098777.330660975,5230228.722069296,5403517.603096626,5979738.049320141,11042836.933596026 
 11/23  18:00:00,8836016.886662384,8484234.78942841,8517923.35056459,8585857.47627912,8654486.165748194,8770370.507686378,9417834.638201509,16584436.216268709 
 11/23  19:00:00,9497355.180288645,9177825.703769827,9206859.47207214,9268019.819212563,9330476.425856153,9445697.630262017,10122707.378906222,17614042.35299389 
 11/23  20:00:00,9668979.60196252,9373113.753556889,9398529.77008396,9454403.70055983,9512500.288274389,9625460.42323675,10310294.189952236,17774637.928779453 
 11/23  21:00:00,9624943.129888123,9346954.658769906,9369721.816873306,9421323.453091303,9475756.354523556,9586040.59808282,10267887.262013499,17565738.096109655 
 11/23  22:00:00,9751204.454981357,9484655.28626221,9499999.793020075,9544109.050385429,9592552.68260614,9698904.431788366,10388264.351875938,17809298.743342403 
 11/23  23:00:00,9885736.899793675,9628106.017830398,9636093.321216982,9673123.745230742,9716017.57262829,9819139.448102547,10518914.812260926,18104224.043621685 
 11/23  24:00:00,9843449.174340593,9607050.524233518,9618240.36921708,9655270.50136082,9697720.253388999,9800305.785362478,10491542.291495923,17827639.889308244 
 11/24  01:00:00,9773915.619262164,9550618.52005549,9564502.331396656,9602015.272897888,9644457.939361982,9746149.110429602,10425750.153837735,17522825.384394236 
 11/24  02:00:00,9829623.556138726,9613891.867592964,9625674.803593315,9660387.904950533,9700465.960949484,9800306.43876172,10479351.05260986,17587325.20210441 
 11/24  03:00:00,9863151.201074652,9655270.657753168,9665756.05917003,9698335.06064477,9736576.492959576,9835006.129964884,10513693.736041542,17615698.425545406 
 11/24  04:00:00,9900239.009593748,9697353.591307977,9706319.200234063,9736840.10731563,9773324.033919295,9870276.923483716,10547718.182436027,17660138.169594858 
 11/24  05:00:00,9977644.361281617,9777928.717097204,9784578.62642276,9812622.528024253,9847069.48188966,9942593.495092792,10622539.20682172,17799536.45970406 
 11/24  06:00:00,9944221.03520216,9744661.039828038,9748309.528820978,9773488.171835028,9805596.52380678,9899385.554061837,10579522.307852322,17756411.881249364 
 11/24  07:00:00,9864729.524777891,9664863.826546013,9666723.764682049,9690073.092607208,9720646.29752883,9813053.624182256,10489623.94072896,17612539.695573837 
 11/24  08:00:00,9818232.710157804,9621881.537181256,9624110.078426316,9647201.358120864,9677473.264425335,9769421.642853111,10442484.7835701,17504875.128842942 
 11/24  09:00:00,9722910.222584637,9528242.135318153,9531451.540472105,9554862.175721422,9585268.525667699,9676784.70890643,10341263.828324743,17261774.08172331 
 11/24  10:00:00,9361942.83970459,9166188.988679668,9176098.901804995,9204651.952848505,9238920.081370154,9331320.35924175,9963435.65426012,16287993.268703049 
 11/24  11:00:00,8709797.689797482,8510898.94766035,8531175.558708422,8567802.571155354,8608019.189320343,8701775.076590763,9290141.129472157,14868063.275350243 
 11/24  12:00:00,7933694.699512739,7727137.697483728,7757507.400381074,7802269.626362643,7848361.992866982,7942921.907637953,8484109.664879533,13307335.319800416 
 11/24  13:00:00,7422923.44738271,7200004.651184794,7229052.990966694,7273512.334157976,7319062.039129211,7410959.428443026,7928159.104753448,12489368.406257663 
 11/24  14:00:00,7043693.346515347,6801062.792716572,6825707.673090589,6867860.600490829,6911480.634116644,7000078.896154615,7498577.729888969,11895183.684029639 
 11/24  15:00:00,6882674.9667925155,6621548.703880389,6638870.550002521,6676473.561416963,6716560.36302913,6801517.610402514,7292953.891175922,11724979.44229768 
 11/24  16:00:00,6739707.208941857,6462905.0387832625,6475048.526667914,6509719.083349936,6547578.794850172,6629996.202426397,7113464.580433544,11502502.250649322 
 11/24  17:00:00,6722269.648861008,6433308.838326668,6440954.020476791,6473186.837513452,6509280.385044705,6590107.982981007,7075299.648005115,11589125.006075803 
 11/24  18:00:00,7178779.930469537,6866324.476364987,6853650.201755702,6872020.296247132,6897996.119965984,6972927.552716713,7485130.396096321,12591700.093597218 
 11/24  19:00:00,7484420.46530147,7169156.9686815655,7150795.082487626,7165283.922192867,7188524.240756786,7262584.537157528,7792136.891970323,13213984.373371484 
 11/24  20:00:00,7859204.028812695,7554038.361168532,7535949.456584693,7550183.758467087,7573357.709317582,7648478.9608045,8192460.161695918,13822149.721113767 
 11/24  21:00:00,8368737.652382826,8075652.496326196,8056471.317179861,8069353.178988494,8091629.438325597,8167632.486694599,8734812.821365457,14735482.543585774 
 11/24  22:00:00,8965156.525905695,8684976.384888576,8662863.634134755,8672841.251782823,8693088.293666959,8769914.415675092,9369235.065374743,15893908.298920956 
 11/24  23:00:00,9653803.140461417,9394690.245025024,9372337.87561043,9380931.090731002,9400247.972089509,9478931.842259154,10113578.0522653,17191268.641658995 
 11/24  24:00:00,10299414.919300914,10068344.903747708,10049140.304009125,10058330.457279734,10078116.74270745,10159656.619448552,10827398.987835053,18388022.33197235 
 11/25  01:00:00,10765867.361731831,10560374.98305549,10545190.687243732,10555729.74395459,10576503.074111054,10660684.79641622,11352428.697011057,19226416.390973814 
 11/25  02:00:00,11207184.717733065,11025909.361861985,11013891.330860475,11025222.531174604,11046567.344120514,11132978.912168847,11847753.302140163,20020297.75004874 
 11/25  03:00:00,11599905.759969346,11441102.356889527,11431960.701394703,11443868.335265765,11465619.081258709,11554048.903234892,12290922.810427815,20764317.192281492 
 11/25  04:00:00,11935302.935091496,11797437.288300492,11791006.055136269,11803478.349979635,11825618.15618624,11915922.049984924,12672388.553813742,21398236.50095314 
 11/25  05:00:00,12134925.881719658,12015492.433087096,12012394.259850645,12026008.462113611,12048940.882102672,12140983.492783163,12910006.954739686,21759528.234907977 
 11/25  06:00:00,12167860.646664055,12060735.846408116,12060038.982944112,12074391.277301935,12097787.21885104,12190843.672724564,12966478.67673901,21854243.459398087 
 11/25  07:00:00,12259871.025250271,12163082.103135698,12163803.239232875,12178298.929536955,12201740.76196817,12295634.912887543,13080190.559234316,22063568.30215105 
 11/25  08:00:00,12567083.509904478,12485111.05961065,12487126.454095602,12501534.999670146,12524885.722444741,12619915.079484226,13421087.285896676,22654620.807460748 
 11/25  09:00:00,12823815.049761433,12763153.777092611,12770703.308005964,12787734.582084162,12812969.002063949,12910630.258733097,13725733.598623099,23128010.649860147 
 11/25  10:00:00,12001311.809190849,11985446.62288611,12035662.970528482,12081962.488727832,12128726.595874112,12240283.366989974,13015129.055434998,21386128.17189831 
 11/25  11:00:00,10074407.661140678,10104009.71101242,10231822.210883133,10335177.692625284,10424692.060514057,10562811.539673619,11247113.618410049,17548278.31736196 
 11/25  12:00:00,9686897.87270702,9717162.50619202,9853818.935211714,9963441.166453857,10056948.19544308,10194102.814977137,10828492.58196813,16357761.515350673 
 11/25  13:00:00,8922087.089899544,8948179.840329051,9103206.22965695,9227051.744617324,9330861.434937296,9471658.815995429,10055813.635595141,14827026.913792964 
 11/25  14:00:00,7840692.035841249,7859482.550651349,8044274.497418799,8192201.162988283,8314215.255163906,8465615.980180662,9014790.003781188,13228911.188409196 
 11/25  15:00:00,6997085.622764057,6967496.778396347,7163304.775816147,7326720.491526692,7462080.566085987,7623214.1766635,8165903.595736753,12326684.263079256 
 11/25  16:00:00,5934241.757806324,5878326.899362057,6108066.494819787,6298264.015898182,6449844.098275582,6624184.370951253,7190225.287296648,11840775.840138761 
 11/25  17:00:00,6891205.9816449145,6749810.463530217,6922466.132295945,7095016.873904401,7237288.6583077125,7413596.535831326,8089955.3910863465,14558326.304249804 
 11/25  18:00:00,10379801.29636693,10191110.4476826,10240450.544842819,10298190.569022205,10355806.548493735,10470607.488838555,11188260.021658339,19174757.86180769 
 11/25  19:00:00,10947013.186446961,10772319.447950475,10811766.910621103,10863184.431877056,10915555.158778947,11028824.044841006,11780691.470298372,20300879.868042693 
 11/25  20:00:00,11324665.062095024,11163381.775263995,11194494.293590102,11238517.365816047,11285250.311542567,11396134.889615528,12171859.752745824,21048289.684930902 
 11/25  21:00:00,11737149.060848305,11593675.529888285,11619206.02382065,11657669.108538173,11700151.276119621,11809654.932185339,12608356.626302313,21808337.24071408 
 11/25  22:00:00,12310019.757737126,12191114.268785931,12213765.169145467,12248268.34109698,12287654.59027493,12396900.69409213,13224192.870526748,22860907.700519055 
 11/25  23:00:00,12713325.790964715,12615136.707316563,12635195.995793562,12666097.026370734,12702708.620042186,12811719.84396756,13662756.26022066,23651256.914038464 
 11/25  24:00:00,12874502.66516655,12792685.505421553,12812312.773835588,12841577.734440694,12876840.314724073,12985823.25621808,13845875.149340559,23856968.67518817 
 11/26  01:00:00,12994906.06019596,12925704.07387201,12943661.672519013,12970471.599742103,13003762.38355089,13111704.689210525,13975883.923031874,24026154.364780277 
 11/26  02:00:00,13223606.951222077,13166592.932860348,13181612.42142246,13205077.061158665,13235772.308160748,13342870.716878684,14221882.994054317,24505385.929325815 
 11/26  03:00:00,13384389.050934356,13339329.509599341,13353133.728541786,13374601.625849642,13403719.994114984,13510587.218445113,14400600.220788585,24836736.669407874 
 11/26  04:00:00,13429833.66594083,13397244.982030334,13412649.717127321,13434216.193280954,13463287.634838216,13570530.785796147,14462730.97911413,24837623.734216437 
 11/26  05:00:00,13609821.074762769,13588963.516928695,13604988.108878402,13626009.912830124,13654564.01378087,13761796.399826076,14660127.20603669,25139236.521303557 
 11/26  06:00:00,13898437.756531565,13891516.767565856,13908000.761028498,13928304.074684318,13956261.986523816,14064027.004606416,14975083.891799822,25660860.71418357 
 11/26  07:00:00,14212496.783047564,14221757.146110047,14239674.80859191,14259907.417224903,14287748.980641412,14396257.197378498,15319596.29079688,26198631.138038322 
 11/26  08:00:00,14557667.812202169,14584293.610704875,14604296.481456196,14624909.357052568,14652985.134539701,14762621.252889033,15698952.658637382,26780480.4492042 
 11/26  09:00:00,14746855.261660248,14794716.999211976,14822110.630892657,14846893.419176552,14878040.261126313,14990388.287544848,15928358.623762999,26945436.2014851 
 11/26  10:00:00,13868695.53155268,13938557.712822504,13998921.298655767,14047642.962169293,14096818.94525698,14219499.581011862,15100805.051673092,24817938.4443589 
 11/26  11:00:00,11235245.64913929,11294597.28562772,11416916.941645578,11515028.62199861,11602106.356599804,11745445.559476672,12494634.48726872,19465465.122050013 
 11/26  12:00:00,9285903.125552736,9287067.195516191,9427039.132293962,9544602.43574859,9646847.351116573,9792336.75817113,10405087.056300923,15123372.248117637 
 11/26  13:00:00,7325853.092238553,7274215.862277113,7449464.505553309,7596544.852572015,7720031.770075524,7873186.97414106,8368184.608030373,11353304.773456683 
 11/26  14:00:00,5306071.374784656,5194635.576888309,5398549.012511928,5578844.891956555,5728380.7502164,5894905.390709791,6319054.2900460735,8344099.690665329 
 11/26  15:00:00,3795028.8209853317,3624701.662008904,3847626.6892547933,4050310.1049665366,4221526.998466012,4401698.762221155,4800056.693816477,6617290.971270644 
 11/26  16:00:00,3776526.0813056347,3552126.4202033896,3762269.6929147886,3961864.832057462,4132637.96606354,4317776.044888101,4788736.167588053,7881374.569931943 
 11/26  17:00:00,5691873.696224601,5402876.624627406,5541706.934865713,5686468.910248481,5812429.22453462,5966825.378381302,6549979.488470999,11984487.351048615 
 11/26  18:00:00,10009597.382729797,9719924.52722482,9753975.849066976,9815605.884567874,9878798.318209741,9998068.180981165,10704992.579387132,18754161.801439766 
 11/26  19:00:00,11401135.842541937,11159348.121665135,11187824.522104967,11241577.488350969,11298283.18046734,11417315.142098688,12194924.450362979,21394789.49464292 
 11/26  20:00:00,12380152.75692933,12190638.24376455,12221006.140141953,12272172.512603603,12326580.29312032,12446979.513185121,13267135.911155263,23017452.84874878 
 11/26  21:00:00,13227807.318286702,13088722.830256823,13122572.792057408,13172565.783523694,13225736.76880477,13347698.416388623,14201029.37195858,24335920.016702145 
 11/26  22:00:00,13707552.70527985,13612133.838458136,13651781.014171997,13702780.18168113,13756401.58229068,13880047.21847824,14745708.87490175,24857631.526565775 
 11/26  23:00:00,13585650.037066098,13510849.428393863,13550982.372771736,13600056.757768568,13651844.758685537,13773864.022561533,14632239.340462614,24471947.218767267 
 11/26  24:00:00,13733490.304313352,13674334.001426201,13711309.436874196,13756129.848869994,13804404.184318755,13924165.742333937,14788416.587704755,24690932.1643321 
 11/27  01:00:00,14040536.861520685,14002607.00809769,14038700.115900392,14080809.028111765,14126785.604556993,14245683.195690595,15121549.860892417,25192743.05336518 
 11/27  02:00:00,14141534.39951396,14112561.255987732,14144467.691176144,14182014.502555355,14224283.463904087,14340713.646458883,15220612.41980781,25339376.469651867 
 11/27  03:00:00,14321851.95087723,14304952.611998606,14334053.91088704,14367903.401110929,14407099.246903917,14521608.029625991,15407168.414612716,25613789.517270133 
 11/27  04:00:00,14481874.266100056,14485205.811440144,14517116.648144443,14551391.083385486,14590741.073163971,14705899.27849954,15598476.621184455,25888492.357336417 
 11/27  05:00:00,14441795.855908442,14461742.394434448,14497235.875410372,14532714.233831251,14572765.572543245,14688590.704262162,15582362.31102144,25833051.715185273 
 11/27  06:00:00,14444203.033319311,14475126.665219605,14512344.096679421,14547904.301030226,14587788.3140485,14703371.293115204,15596151.494702749,25830285.54417413 
 11/27  07:00:00,14358796.736473516,14396330.91112824,14433729.182568893,14468455.3009573,14507509.07070605,14622351.714857608,15512989.705419628,25686133.13232835 
 11/27  08:00:00,14072553.776800558,14105294.458229091,14140439.257604465,14173153.619203608,14210514.887498204,14323449.374757318,15203870.006403845,25190062.674238395 
 11/27  09:00:00,13782405.51653854,13808060.018045876,13841784.022409517,13873389.947657328,13909792.165335247,14021118.277014015,14886950.996427424,24616719.640947834 
 11/27  10:00:00,13118660.363923457,13138482.730935127,13180397.854717247,13218408.885749381,13259596.263223145,13371990.53961628,14195549.965309337,23108592.5915504 
 11/27  11:00:00,12110620.521857878,12117102.183101434,12172596.70901689,12221741.38452426,12271206.843921997,12385143.62016395,13137866.922458576,20752092.486645643 
 11/27  12:00:00,10936671.185483072,10922445.136562496,10996836.378954712,11062568.784440253,11124851.227503255,11242723.545838462,11909707.125397995,18008648.21177905 
 11/27  13:00:00,10176811.226769475,10138138.173247846,10217037.487077387,10288048.947664019,10354279.931385968,10471436.303148989,11092768.474175137,16567823.415773181 
 11/27  14:00:00,9693999.292723224,9634749.395906597,9711375.68487856,9781507.68773808,9846625.959338633,9960560.019380528,10560161.031974403,15886880.499332158 
 11/27  15:00:00,9272580.788117852,9200235.218943818,9280381.087905655,9354054.71595719,9421547.622674268,9535131.653469807,10116521.463484865,15286784.933727458 
 11/27  16:00:00,9563715.31374242,9469790.316039832,9528624.908564538,9586605.74033295,9641817.154821714,9747161.351765946,10358242.978268249,16321141.478794944 
 11/27  17:00:00,9649136.908279158,9539954.795272237,9587320.176677227,9637248.610806974,9686352.677252537,9788088.77076804,10419390.172072578,16880161.941328127 
 11/27  18:00:00,10007122.993508013,9871590.04486669,9894375.706111727,9926911.498176562,9963019.81349917,10056386.48236341,10708762.588886695,17672519.086257692 
 11/27  19:00:00,10624990.137920357,10503732.057586296,10520479.371003157,10548321.630092483,10581308.132281069,10673798.934782172,11348286.037222905,18734432.64254582 
 11/27  20:00:00,10960123.814427605,10845453.473536558,10859178.6682761,10884507.10718289,10915700.230179863,11007494.974747196,11692685.602976881,19268783.515904337 
 11/27  21:00:00,11119787.48963196,11011517.152450245,11023795.807694338,11047605.626252627,11077665.719868401,11169214.544456705,11862664.845639803,19550494.982985552 
 11/27  22:00:00,10748199.133775227,10637565.080305558,10654943.410556776,10682029.748359537,10714134.714329118,10806812.84261993,11493391.153454412,18963206.70780345 
 11/27  23:00:00,10594978.291384926,10481429.960948251,10499055.304363228,10526256.355424186,10558345.097046053,10650953.870433824,11335131.841351878,18719487.817379616 
 11/27  24:00:00,10783450.406748308,10670254.290387088,10681964.996810103,10705065.907177947,10734377.323064592,10825344.320423814,11514400.39850543,19012602.100532383 
 11/28  01:00:00,10646668.025028592,10527008.991703775,10536144.726996075,10557479.550603835,10585415.122115457,10675288.891142279,11363443.866986278,18850066.411575306 
 11/28  02:00:00,10384218.511234257,10258474.255569356,10269570.284502635,10292312.619861612,10321087.889978142,10411499.620183693,11096066.030617531,18460422.335778233 
 11/28  03:00:00,10365183.81162233,10234665.008764286,10244420.599172236,10266398.925384263,10294587.049278207,10384532.230364446,11070109.34572709,18479925.530637715 
 11/28  04:00:00,10187327.468375778,10046715.316226298,10052236.203230318,10071460.006889477,10097611.46962301,10186332.497564875,10873083.487211272,18290652.826923795 
 11/28  05:00:00,9827524.417400604,9676491.481781278,9682224.36996386,9702124.560117396,9728753.900609126,9816895.819154589,10486687.409390196,17582384.972692065 
 11/28  06:00:00,9573591.038046751,9414140.630937718,9420301.788822455,9441075.496177979,9468342.114342693,9555959.940101095,10211064.591099799,17042684.08333167 
 11/28  07:00:00,9388864.32276404,9220577.34005811,9225433.417058548,9245760.019220965,9272695.261384675,9359434.631359944,10005260.759406384,16700439.917469671 
 11/28  08:00:00,9422342.657042317,9241309.876256792,9239838.553025741,9256322.248604227,9280499.219939753,9365197.474602336,10014978.00335642,16865270.14690552 
 11/28  09:00:00,9614342.357380636,9434540.301695166,9431644.888011344,9447166.544364158,9470730.37136351,9555730.324652793,10214191.99711176,17227228.07948048 
 11/28  10:00:00,9508477.544465246,9360609.122726107,9380764.229933642,9411730.019284146,9446599.975205949,9538969.80799118,10178799.904786512,16727794.089926438 
 11/28  11:00:00,8938241.575577058,8818455.047661066,8868848.676922463,8921047.588403776,8971415.838884866,9072485.369825346,9672175.720536798,15406440.24030099 
 11/28  12:00:00,8247943.115842363,8143037.659361209,8219898.890328376,8291468.37484129,8356025.098411159,8464396.831656916,9019417.3924567,13934592.24776654 
 11/28  13:00:00,7767782.175679332,7666482.045432556,7761032.395592576,7846180.381546991,7920733.119567664,8033790.914968927,8554856.002015132,12929651.971085588 
 11/28  14:00:00,7122816.119598338,7021077.577566991,7138270.690519996,7241576.809334721,7329836.938908453,7450810.522389497,7946005.4143817965,11909437.616729546 
 11/28  15:00:00,7253638.665892069,7133528.390339319,7243676.363275709,7343201.59683579,7428762.209209184,7548046.175844362,8055499.409990834,12365130.527068758 
 11/28  16:00:00,6486973.9703715285,6355258.682468542,6497316.6302218195,6624750.422504672,6732970.660606075,6871144.747892182,7398764.904683784,11906813.126083268 
 11/28  17:00:00,7235558.6656507235,7063514.254765518,7173047.958260708,7279830.79482922,7377608.298598156,7514143.640737403,8125319.797479056,14152358.19893729 
 11/28  18:00:00,10045543.088056942,9824124.836621117,9841438.872972837,9878192.379136404,9918104.35969417,10014653.746076161,10689009.089459058,18366857.62308573 
 11/28  19:00:00,10599617.531266265,10398668.724844793,10412286.278257124,10444950.900950717,10481943.50914709,10579041.700590149,11288140.338447062,19454648.9227499 
 11/28  20:00:00,11134336.354290245,10956102.058461579,10967461.66702317,10996897.67812477,11031597.302667985,11129516.717433842,11870638.141786253,20475556.142737128 
 11/28  21:00:00,11564875.363778504,11408035.373396419,11418005.392977014,11444838.813590882,11477578.657166177,11576229.02883154,12344413.07271442,21310043.436833393 
 11/28  22:00:00,11815178.23499887,11676069.739941265,11685535.86502098,11710612.79839122,11742059.856012082,11841382.335740227,12627112.94232871,21775828.362101343 
 11/28  23:00:00,12120175.672701204,11999649.923792442,12008440.669710182,12031545.646343986,12061495.842573792,12161428.6158829,12968306.743297635,22385761.706731685 
 11/28  24:00:00,12389282.463382356,12285403.41505174,12294028.529840287,12315685.291283105,12344550.781144792,12445261.073712017,13269966.629542481,22911320.882561937 
 11/29  01:00:00,12734455.441593884,12650487.181360688,12660379.744979909,12681562.548418425,12710070.72111722,12811870.412588922,13652870.93446457,23491898.565325763 
 11/29  02:00:00,13121623.494908137,13058783.93051807,13070216.954811197,13091037.622167233,13119257.645816566,13222398.085331125,14082996.919401772,24197460.404296085 
 11/29  03:00:00,13486741.438959083,13444387.118286293,13457698.017554954,13478487.883470042,13506678.38324251,13611246.960261527,14489504.216044452,24841593.127385482 
 11/29  04:00:00,13842494.011335384,13819987.486320311,13835017.585192781,13855660.76296468,13883703.877061391,13989562.986684177,14886470.225860948,25512120.26523808 
 11/29  05:00:00,14240109.147481006,14236322.163294522,14251536.030452318,14270911.247521652,14297965.583901897,14405017.934438,15328794.852440573,26388739.410810318 
 11/29  06:00:00,14561336.440309435,14573273.344386663,14587567.64460251,14604821.87986968,14630171.843389062,14738202.426709492,15694627.697523132,27311301.31706855 
 11/29  07:00:00,14801071.10870089,14826471.725192627,14840494.602897432,14856277.370943002,14880418.920043238,14989599.987342771,15972683.715875963,28001968.877642006 
 11/29  08:00:00,15039104.515064696,15079157.899233963,15093703.417314045,15108665.375537872,15132131.441408947,15242447.31997114,16246869.61012215,28584799.366378658 
 11/29  09:00:00,14953245.889945962,15000041.642642535,15017802.597580675,15034549.608958554,15059439.413409926,15170764.7135513,16160892.788609248,28069039.49997417 
 11/29  10:00:00,13859822.2111361,13870777.535100382,13894875.800523533,13918671.78252608,13949157.218556711,14058393.265314061,14939235.658677049,24659330.744474255 
 11/29  11:00:00,11128868.168347968,11021674.137501733,11048250.945679512,11081328.782717712,11119268.826034568,11220906.433096528,11893989.812398927,17961889.150096126 
 11/29  12:00:00,8807660.352094583,8554105.910285562,8558551.556725051,8582590.30261581,8612643.487258108,8690977.721629394,9130854.550378174,11943967.216674354 
 11/29  13:00:00,6288866.409423824,5893795.714263417,5895362.47452317,5927922.155538238,5964878.534588599,6031661.081187572,6266088.962709148,6860106.404648566 
 11/29  14:00:00,3892611.4109878447,3374709.163989796,3362205.338650412,3391159.610471316,3424516.3195113037,3471348.6961564454,3555738.734188953,3195543.039853216 
 11/29  15:00:00,2693845.445815851,2142903.5426387168,2101726.9226688934,2125955.3479733253,2157822.348159572,2201374.877452229,2293790.6557464013,2168740.619096924 
 11/29  16:00:00,2804987.248972882,2245171.181711795,2217551.2332044058,2258047.0901287803,2305201.2140212744,2369256.9161530235,2560636.815714346,3800857.7644964196 
 11/29  17:00:00,5173954.8265255205,4609685.018359896,4594559.259211321,4633339.288400163,4676713.400967508,4762269.7529395195,5165791.266132493,9207193.07652873 
 11/29  18:00:00,9624330.201961972,9201639.971365573,9172109.952872967,9194393.5210457,9227116.27234907,9310520.623996548,9889392.100725178,16869810.772186134 
 11/29  19:00:00,10622290.79788507,10260513.94137638,10239932.913468387,10265082.170608815,10300015.031172529,10389414.54120115,11025750.319073949,18664644.381769907 
 11/29  20:00:00,11034475.483176405,10715972.278450362,10700164.41296736,10725451.226979649,10760243.971492408,10852676.76243294,11524806.304708112,19494088.37370915 
 11/29  21:00:00,11229037.605298555,10945847.631308783,10933560.044690732,10958365.605604794,10992495.757834027,11086737.300623082,11783398.826099291,19926415.367550403 
 11/29  22:00:00,11250888.466195839,11001711.632436704,10994636.369008794,11020223.687726736,11054557.81347882,11150488.081361797,11861381.976320252,20030417.45049097 
 11/29  23:00:00,10968153.274204234,10741479.388314093,10737474.237465087,10762727.343837753,10796367.619321715,10892158.508683784,11601219.474511094,19558288.711217027 
 11/29  24:00:00,10588791.30144857,10371994.94302968,10368580.413957337,10392520.629410418,10424801.77268627,10519214.665076263,11217871.682559637,18885977.918734238 
 11/30  01:00:00,10495011.752042586,10289580.788598295,10287815.755344328,10311455.5419071,10343203.614509977,10437159.80465033,11133262.627286073,18708643.814155806 
 11/30  02:00:00,10924400.030954173,10741187.065241735,10738794.722509045,10760236.274572408,10790294.718216885,10884002.560672374,11593461.82451913,19389152.118167948 
 11/30  03:00:00,11322156.580759091,11155935.528752904,11150815.24212467,11168929.565612853,11196515.504052246,11289029.890750129,12007268.152673617,19966736.368690353 
 11/30  04:00:00,11397866.398588391,11246029.262920832,11242379.059408912,11260116.979093062,11287205.971176852,11379576.669060092,12100334.401646378,20073132.288530435 
 11/30  05:00:00,11157588.638865702,11018736.323902855,11022945.194201168,11044784.981144782,11074422.16296229,11168684.54691177,11888952.228645127,19767801.65442441 
 11/30  06:00:00,10980046.440984957,10848533.109039698,10857361.161298646,10881517.583864782,10912559.00631703,11007847.190995775,11726609.656490922,19523331.289041378 
 11/30  07:00:00,11196216.644419016,11065990.350909594,11066470.508840455,11084319.523256248,11110883.43872343,11202555.689217119,11916173.362397755,19691727.16591357 
 11/30  08:00:00,10896291.228782061,10765440.79266171,10767184.16822509,10785409.42658569,10812012.82281485,10902926.709430048,11604963.391473772,19168891.964547385 
 11/30  09:00:00,10371293.76397806,10228591.755743556,10228533.105668576,10245682.365002787,10271366.112985358,10360058.111444585,11038565.93997147,18217110.280889686 
 11/30  10:00:00,9647160.558172576,9485458.668340867,9483673.880557809,9500192.535636121,9525236.826463081,9611318.572417239,10258724.25429234,16932359.16900384 
 11/30  11:00:00,8757525.365645828,8580493.755950823,8584950.388116421,8606457.107422141,8634781.096495243,8720438.377846424,9328919.658267498,15352880.344869886 
 11/30  12:00:00,7735131.792637735,7548097.4619014645,7567955.756414603,7601199.831237684,7637763.111223689,7725715.430669868,8281033.062856424,13394086.460659433 
 11/30  13:00:00,7178094.490780678,6971997.8825503765,6996505.464715645,7034612.519988099,7074690.719086893,7162151.4299260685,7677542.031313456,12207739.644858059 
 11/30  14:00:00,6807971.165321933,6587593.56335818,6615553.87252972,6657369.732960228,6700117.5084642535,6787309.261988104,7277199.956919366,11502987.496832032 
 11/30  15:00:00,6466476.349927915,6223278.837325779,6249368.378681137,6291471.787502263,6334420.9106297735,6419575.175253051,6885158.275360225,10845093.693911701 
 11/30  16:00:00,6401489.425154357,6131993.675434762,6148685.934479504,6185557.580617629,6224653.532226322,6305962.993540648,6765707.880605758,10798960.534690402 
 11/30  17:00:00,6452255.760563878,6162417.044474563,6169478.63513536,6200595.689714282,6235518.544831738,6313938.8564410675,6782836.385951126,11097506.99713917 
 11/30  18:00:00,6702267.015953128,6388903.071621645,6378764.080239819,6398219.715378018,6424533.688257969,6497626.377392208,6983671.800004647,11697836.986281745 
 11/30  19:00:00,6787927.242379033,6468915.987743417,6456509.280890035,6474850.430278489,6500383.536303362,6572988.843499801,7062835.723293797,11864310.376499653 
 11/30  20:00:00,6960472.515885025,6640230.716268157,6626248.675111577,6643667.674590072,6668566.521554757,6741276.769925858,7240176.431469528,12194695.93975406 
 11/30  21:00:00,7140604.434524943,6820826.911403479,6805618.932349399,6822242.815676396,6846603.476693234,6919591.717639002,7428266.429011865,12536798.691482663 
 11/30  22:00:00,7290825.61826228,6971735.1895105215,6955198.181751918,6970861.807441221,6994540.586722959,7067725.8291799445,7585936.7317146575,12835345.511489656 
 11/30  23:00:00,7530726.052002083,7220197.870611882,7203156.357195211,7218612.419366948,7242603.283666727,7316012.5687450105,7830016.3949018065,13000359.30263309 
 11/30  24:00:00,7649296.849791409,7343335.168881417,7326097.898157902,7341316.554057764,7365242.547990666,7438695.472431948,7953971.315854902,13136002.223509047 
 12/01  01:00:00,7720817.909709681,7417972.038387699,7400500.439322241,7415383.41582471,7439086.117401845,7512557.423020067,8030319.206507152,13244171.443426598 
 12/01  02:00:00,7830412.680991971,7531271.3307414,7513691.743455548,7528298.162337303,7551817.613798936,7625383.504524201,8146795.151723568,13419884.419848792 
 12/01  03:00:00,8071457.42460477,7780618.548740773,7763396.329502318,7777842.390205838,7801276.030610506,7875427.481796473,8407088.169974418,13845223.896630451 
 12/01  04:00:00,8334160.334382622,8053101.5843216125,8036533.47390159,8050896.686880375,8074295.143636974,8149251.0813554805,8692359.313975707,14312456.290582268 
 12/01  05:00:00,8539327.064860549,8267613.6768079195,8251744.144384811,8266050.824813141,8289420.275516435,8365084.492702014,8918235.416915126,14685752.832933042 
 12/01  06:00:00,8727921.532936249,8465929.844729591,8450866.562228287,8465150.32673473,8488507.959888631,8564910.261155237,9128188.944102138,15041384.727054005 
 12/01  07:00:00,8928784.979133239,8676551.990042556,8662378.204265626,8676672.749572843,8700037.251550857,8777179.024636794,9350092.761696877,15396055.197372165 
 12/01  08:00:00,9112174.517803365,8869199.186770078,8855925.489602545,8870249.288564906,8893627.720868047,8971456.966761528,9553098.306450034,15715864.281810839 
 12/01  09:00:00,9238401.378324006,9003834.92001705,8991438.750293074,9005796.628849588,9029183.340602165,9107607.419931315,9696417.45392343,15946526.129735384 
 12/01  10:00:00,9050244.673606869,8815832.8739384,8807482.19778892,8824333.697177932,8849294.22979226,8929207.452450749,9520436.206188157,15729900.436982991 
 12/01  11:00:00,8714541.599122725,8475288.740800131,8472386.504773092,8493590.960064538,8521796.134370288,8603192.229664424,9174470.988821866,14950536.912160048 
 12/01  12:00:00,8604055.383981412,8367642.296754694,8370642.458654424,8396589.335179579,8428533.79480595,8511700.408621877,9066311.554871762,14515836.50604041 
 12/01  13:00:00,9342403.505040687,9119598.015100889,9110338.290011315,9126078.43750946,9150443.894718226,9230461.429223306,9828564.645352395,16197435.257955737 
 12/01  14:00:00,9513714.446543619,9300989.510464773,9292424.26359612,9308071.078148238,9332362.841619277,9413045.22236704,10022094.001833549,16553679.070243936 
 12/01  15:00:00,9807040.847498193,9608213.450933458,9600745.099912733,9616342.301076753,9640598.132915689,9722334.106830103,10346735.810512165,17113832.551608495 
 12/01  16:00:00,10163824.821699066,9980386.215269495,9974232.747258171,9989842.407009926,10014107.18951745,10097040.257636499,10738133.028618138,17758707.740058176 
 12/01  17:00:00,10439699.138939677,10269330.263297418,10264420.333150238,10280055.763948765,10304325.37675737,10388253.487729222,11041817.878233429,18235669.963257547 
 12/01  18:00:00,10687824.6651596,10529348.264095943,10525604.166508708,10541277.852111623,10565555.311428707,10650324.413703924,11314920.48540609,18656932.889785275 
 12/01  19:00:00,10975970.856285097,10830794.655845253,10828368.908823036,10844120.821473729,10868438.436556963,10954192.398995707,11631482.120554332,19153370.490442157 
 12/01  20:00:00,11280078.372736294,11149320.808636485,11148333.46352876,11164194.327800732,11188574.423894092,11275394.788739743,11966620.219178746,19688369.13800412 
 12/01  21:00:00,11328605.156775286,11212144.860209953,11217567.249592492,11236915.043950675,11263641.462560024,11353041.917288566,12054530.630534556,19870752.029488068 
 12/01  22:00:00,11249593.607171286,11143496.318266107,11155752.76100132,11179158.818698004,11208653.56511178,11300715.88069678,12008976.037209662,19849256.73894513 
 12/01  23:00:00,11256765.834286358,11156143.394287601,11169858.259794261,11193836.014403569,11223707.18626242,11316498.64637728,12028926.59113557,19886055.39346132 
 12/01  24:00:00,11244101.028425787,11146759.940588282,11161495.271718144,11185861.764293687,11215978.176021092,11309206.11478759,12023286.692095825,19876063.803427573 
 12/02  01:00:00,11221605.96749318,11127263.950746704,11142880.546119116,11167564.450590221,11197876.852034109,11291473.107571917,12006911.704343986,19846604.96015816 
 12/02  02:00:00,11276974.027657922,11186111.663448758,11202672.583444258,11227752.10350796,11258330.605011363,11352375.367202178,12070518.609962061,19945156.46306972 
 12/02  03:00:00,11456583.809194408,11373459.94969574,11391556.805784043,11417282.346363783,11448323.614166532,11543263.603148539,12269051.039251495,20263234.78782894 
 12/02  04:00:00,11673841.92049574,11600240.759692032,11620049.95190116,11646454.932800915,11677987.820263593,11773973.132046,12509110.195101194,20647365.40748676 
 12/02  05:00:00,11945673.27513193,11878820.699891211,11897427.237698065,11922508.49207304,11953085.005838629,12049308.147217628,12799085.580725808,21193584.45948066 
 12/02  06:00:00,12211442.438878015,12152069.439625565,12169714.88797415,12193579.4848853,12223290.89558404,12320012.380148528,13084690.321290057,21728240.205760933 
 12/02  07:00:00,12446760.800018916,12398369.854878722,12417411.519961344,12441621.510091657,12471591.217845118,12569404.225393537,13345895.162416404,22159296.189371698 
 12/02  08:00:00,12637559.60404989,12604016.771482166,12627187.052780882,12653560.608021017,12685105.133927207,12784796.227853691,13569370.90382495,22451636.918088738 
 12/02  09:00:00,12854161.903418839,12837419.716872726,12866118.174914697,12895586.251260407,12929371.764850494,13031304.056399353,13823405.855732048,22784346.5557064 
 12/02  10:00:00,13013608.76384734,13022054.027365845,13062115.315482087,13098548.785659272,13137415.343972638,13243627.370197412,14039884.653533712,22969450.251244754 
 12/02  11:00:00,12947014.562794818,12994185.332230315,13058437.851028753,13110667.708391119,13161033.822229903,13275257.942984737,14060738.646256654,22621414.26583028 
 12/02  12:00:00,12815974.278413415,12888088.995268809,12970445.183822053,13034744.597786853,13093896.613695744,13213975.827125536,13989236.993877888,22270344.067893505 
 12/02  13:00:00,12446655.462718716,12548736.428303339,12659068.947021518,12742623.069078099,12815876.208632134,12944789.346800406,13693788.1982758,21379857.64095196 
 12/02  14:00:00,11875898.65610622,12007241.142154912,12153484.105621098,12262885.104693547,12355278.722055424,12495931.010762168,13209775.722954245,20124427.953213364 
 12/02  15:00:00,12090656.155761618,12215035.853898307,12356469.770157564,12462723.735320121,12552745.464036128,12692065.028809797,13420270.481730903,20719101.55554723 
 12/02  16:00:00,11766548.926769245,11910670.596832354,12077875.847083237,12202947.67961112,12307284.71911555,12458790.047301013,13210304.589342099,20837500.172542978 
 12/02  17:00:00,12073963.126717312,12198761.158937301,12354892.194484241,12473581.79476681,12573841.555043899,12726100.762242407,13532704.57166282,22207153.764249228 
 12/02  18:00:00,13859318.759258214,13900667.476937018,13963595.552041281,14015591.034059511,14065856.983055452,14182046.286989585,15013736.349582672,24686599.79750085 
 12/02  19:00:00,14133163.8723405,14180068.975549355,14237203.125091607,14284536.315867763,14331419.238030968,14446463.978232078,15297147.734948244,25265399.727534898 
 12/02  20:00:00,14394998.6521496,14448868.556729127,14501092.412339099,14544235.893742764,14588072.0141283,14702285.915466309,15570422.593332246,25801815.235319473 
 12/02  21:00:00,14524646.588779695,14591162.53632463,14644011.41597061,14686779.215141738,14730338.900700415,14845193.757733833,15721417.407701831,25980598.355634898 
 12/02  22:00:00,14704597.691120677,14779166.39677998,14830221.57413263,14871036.762517374,14913153.351237822,15027692.018819699,15913917.53629003,26321431.076572023 
 12/02  23:00:00,14966313.867609337,15045804.617732964,15091724.213327229,15128262.811467517,15167260.462494403,15280876.758058716,16185941.586790062,26920490.27574902 
 12/02  24:00:00,15246352.458360376,15333131.973514158,15375320.153375978,15408512.079124141,15445077.327047177,15558330.563009284,16482702.329856128,27539633.589915752 
 12/03  01:00:00,15387822.013571154,15480049.316926695,15519153.474964075,15549526.442540482,15584026.673727596,15696892.807420619,16634774.284587465,27896161.03982686 
 12/03  02:00:00,15418693.290102556,15514130.370590435,15551027.192335553,15579359.130478531,15612356.76153202,15724871.177708002,16670767.174691707,28026314.369041666 
 12/03  03:00:00,15802244.88648713,15908873.990612552,15944024.1668408,15970338.534116458,16001878.092507742,16114934.264745202,17084758.162350956,28843225.40612448 
 12/03  04:00:00,16455766.508204056,16581900.074007256,16615753.454256494,16639936.113518164,16669955.481867734,16784340.51651277,17789965.470463358,30189925.69581195 
 12/03  05:00:00,17004494.75165962,17151755.77188219,17186499.02320166,17210061.289423533,17239665.17030219,17355826.56617513,18390320.78671858,31270916.85485156 
 12/03  06:00:00,17393796.78087657,17560625.908009324,17597346.234298263,17621164.404237866,17650985.129227344,17769000.067191344,18825198.735961925,32019236.837225642 
 12/03  07:00:00,17801802.8634108,17988271.66297628,18027186.432541452,18051459.350680385,18081649.35981765,18201525.296911076,19278682.07101253,32780115.89952863 
 12/03  08:00:00,18345736.248183843,18556630.574512787,18598716.213672608,18623964.945172593,18654926.421892527,18777273.497890536,19880205.85309615,33778588.13947765 
 12/03  09:00:00,18667425.11165115,18901807.08748937,18950461.250087027,18979268.457854427,19012961.77475459,19138659.211470682,20254259.423785582,34264691.906538144 
 12/03  10:00:00,17028216.790337715,17231041.09130434,17301674.663758427,17349812.46095474,17398941.551113866,17532382.646723643,18566308.187710457,30697038.321139846 
 12/03  11:00:00,12778756.871786691,12789114.075947147,12867466.80115644,12934402.131697534,12999627.842593202,13131149.233817518,13911614.490601942,21240055.152719468 
 12/03  12:00:00,10139348.682755923,9989575.496309202,10056280.91968431,10124435.548019657,10190524.82102118,10305217.187904121,10836634.23357808,14293262.480087277 
 12/03  13:00:00,8055311.301869262,7746227.463638435,7779304.058734301,7830933.2007196285,7883312.504852327,7970196.051725172,8292964.53099837,9481253.5095868 
 12/03  14:00:00,6192544.4225592045,5769626.413942563,5791202.873152201,5843492.827265743,5896681.615951935,5973371.4572711075,6187774.88404993,6665648.410513956 
 12/03  15:00:00,5208312.283719423,4764539.753188829,4815771.045900709,4896753.879984659,4974230.068282579,5071866.86375645,5334990.701244994,6388736.564040774 
 12/03  16:00:00,5407224.504181334,4949777.975841149,5007986.818350893,5099618.284443456,5187819.943220501,5304252.821053336,5699154.650335021,8700208.863562448 
 12/03  17:00:00,7869513.143586006,7424194.885633489,7442031.221034005,7499843.770590256,7561094.368696107,7671632.212883915,8268020.1054506805,14671426.604616322 
 12/03  18:00:00,12208461.247067422,11934429.0293967,11924895.521696022,11949426.755651355,11983305.238983326,12085932.931376427,12903589.66020499,23597963.206586663 
 12/03  19:00:00,12898472.136570437,12675864.418707088,12675738.117381087,12704251.449247055,12741239.25656508,12848531.785611957,13674639.555602182,23923406.865550205 
 12/03  20:00:00,14395043.010562316,14244405.51829166,14250363.529691692,14278977.704951182,14315889.774466395,14427297.669664081,15317101.466344293,26458411.94304333 
 12/03  21:00:00,15679415.773693383,15591126.342073053,15597605.13124831,15622133.341902649,15655789.299231883,15770059.458226968,16734631.872005418,29096682.266542044 
 12/03  22:00:00,15669879.250916554,15633971.173967492,15656444.60208828,15689007.239927802,15728353.975959007,15847418.958321162,16801998.571162183,28536015.62976508 
 12/03  23:00:00,15504144.040108439,15496551.091284623,15528427.634014057,15565914.663508391,15608715.121674936,15729444.100068524,16666458.700973952,27807461.531874858 
 12/03  24:00:00,15363063.010866653,15381662.416969365,15417649.46577311,15455607.846081683,15498320.998018404,15619238.446209075,16556764.148666205,27581074.304853797 
 12/04  01:00:00,15063248.793999445,15098659.071272533,15137453.706078408,15175383.095831135,15217584.14699375,15337584.545828989,16266280.952922693,27060619.653931532 
 12/04  02:00:00,14775803.770835895,14818530.504205428,14857713.604451325,14894581.134770857,14935643.370809594,15054177.136278521,15973026.028212328,26555331.268215887 
 12/04  03:00:00,14390657.335225536,14434994.86630158,14473809.222361553,14509388.798572222,14549145.189650262,14665722.093572222,15568935.53404413,25861985.4739218 
 12/04  04:00:00,13600637.135729263,13630473.463514214,13666211.025467483,13699332.82327856,13736909.718617542,13849697.83779587,14719771.90507598,24438464.948250584 
 12/04  05:00:00,12691393.87601825,12694880.479657944,12725677.519424783,12755904.55600528,12791077.982788187,12899383.602991197,13729823.323638018,22785987.288616057 
 12/04  06:00:00,11942265.468517179,11920336.887811791,11946830.634757012,11974794.085554155,12008088.76262425,12112481.436101569,12907333.583911957,21408533.727232154 
 12/04  07:00:00,11383305.77756644,11337809.558022425,11360068.471717097,11385903.017013779,11417463.469246183,11518374.715212999,12283930.819865067,20362968.417776432 
 12/04  08:00:00,10890525.704442183,10823199.243347047,10841999.01502046,10866260.662000569,10896518.82587536,10994444.795033053,11733749.302132059,19455949.669663385 
 12/04  09:00:00,10509422.326684687,10424121.548624117,10440595.491158396,10464035.169232162,10493574.438622305,10589262.964836214,11307058.852487424,18742813.32483175 
 12/04  10:00:00,10011479.262147797,9914907.981840942,9935193.396552226,9961991.04629338,9993847.711620213,10089040.962914355,10777491.938555375,17773503.258630797 
 12/04  11:00:00,9209131.708772527,9118021.777566448,9157557.754612908,9198234.244711008,9239958.283343824,9338896.590772541,9979016.459057538,16138179.939045468 
 12/04  12:00:00,8089217.643755289,8011173.199275947,8084829.984036299,8150514.523952899,8210301.964947866,8317355.540034552,8887512.443635244,13821461.305411387 
 12/04  13:00:00,7925811.22013831,7810630.31877633,7875673.857025458,7937835.315173108,7995245.951002723,8098440.787259787,8646938.549083266,13416181.703048028 
 12/04  14:00:00,7900296.431270709,7773968.462651426,7840914.022463978,7905708.459941072,7965180.387268062,8068512.141182264,8602529.95029835,13258040.225529812 
 12/04  15:00:00,7342018.08878271,7222757.477030309,7312563.808632655,7394903.638673174,7467372.142399129,7577345.508732698,8075897.44400837,12168897.561196966 
 12/04  16:00:00,6646943.199852582,6539908.846528957,6658027.317188221,6761515.249202882,6849706.976083127,6971838.884812528,7487909.650659852,11872009.09128774 
 12/04  17:00:00,6427182.410040018,6269467.564391254,6378611.536899757,6478721.890471529,6565253.047751471,6689323.6999692805,7248898.976417605,12444127.255797863 
 12/04  18:00:00,8160607.394812244,7904503.802214989,7913043.958068292,7943206.9112176,7977754.431483197,8063810.067102484,8638123.422921978,14601056.021516537 
 12/04  19:00:00,8173547.426846806,7923561.4356655255,7932950.141897655,7963531.044780016,7998402.898493793,8084714.293249914,8656420.966209428,14498079.33130807 
 12/04  20:00:00,8078234.74900456,7827878.868138377,7836815.51050929,7867123.361508816,7901754.814805872,7987299.386261464,8550979.997939192,14238545.88119247 
 12/04  21:00:00,8049717.678162506,7788410.654706647,7790458.881135832,7816355.7397891795,7847795.670438216,7930876.257623324,8494540.588990716,14226057.994219013 
 12/04  22:00:00,8166792.291867808,7894128.4068891015,7886806.932200834,7906499.130245222,7933502.460325907,8013966.374231145,8588066.034459487,14537175.52615131 
 12/04  23:00:00,8351847.528281974,8070492.740551775,8053824.625614484,8067107.306189716,8089539.209590049,8167731.2494253,8757198.347990688,14995268.723754875 
 12/04  24:00:00,8593219.310087964,8313514.726696119,8292292.807706395,8302065.075682942,8321984.84999175,8399587.431017037,9005772.035214707,15517384.876027511 
 12/05  01:00:00,8616869.802343475,8357023.518261385,8344746.352603657,8359856.040609114,8383605.159937798,8464179.658895139,9066051.347107973,15387634.138397936 
 12/05  02:00:00,8731602.0117972,8478856.515571954,8468610.11700321,8484911.21387628,8509497.054155894,8590661.28805008,9195393.457059443,15538706.3605382 
 12/05  03:00:00,8938595.869126411,8686738.330315255,8672307.857599529,8685354.072473828,8707612.508942988,8788231.398545647,9407928.520084003,16017189.263321165 
 12/05  04:00:00,9054340.580177307,8804698.269690225,8788242.326910242,8799534.284384543,8820499.637505714,8900891.061199259,9530810.865312966,16311020.134858392 
 12/05  05:00:00,9299844.463418998,9055488.594737351,9036589.369895237,9045643.217205102,9064981.091379067,9145519.019098666,9794269.537706206,16875632.50091694 
 12/05  06:00:00,9676722.602976672,9442969.121700294,9422363.2904067,9429409.06427827,9447294.095872404,9528616.80555785,10202669.42513649,17688458.863663334 
 12/05  07:00:00,10065508.934465379,9845361.391485807,9824668.328852542,9830741.617706442,9847947.007195061,9930539.648184659,10627741.941325072,18469256.64204852 
 12/05  08:00:00,10590361.330767116,10390894.678255623,10372212.811092265,10378552.419704944,10395998.374681814,10480772.580578612,11204878.77918357,19444253.92557636 
 12/05  09:00:00,11098006.89006988,10923873.208110569,10909280.373099282,10917079.902609909,10935631.576391075,11023464.951963421,11776331.983027603,20427747.810023494 
 12/05  10:00:00,10516133.761465289,10375291.848490503,10394502.893020816,10426243.037245765,10462926.872792242,10563511.711975465,11291678.648832347,19206643.751839153 
 12/05  11:00:00,7774287.367243594,7593353.283325348,7671853.3288986785,7756133.722484471,7835934.738576261,7959479.061145521,8532476.161958296,13447534.801439274 
 12/05  12:00:00,5396700.143195874,5119996.20373074,5218408.905703967,5327542.98602729,5427058.21763284,5554045.741045122,5939148.105223559,7835152.987768412 
 12/05  13:00:00,4365390.698940058,4042509.75274978,4143955.454453039,4260640.560686715,4366440.952028861,4489898.994233631,4782413.379853414,5711614.334416179 
 12/05  14:00:00,3867002.3199111554,3516322.5679238345,3618606.437417847,3738422.50940118,3846354.649850051,3967426.098876696,4233108.00845328,5090115.934066429 
 12/05  15:00:00,3752201.583897722,3335231.7915203376,3413074.9736500303,3519817.900395837,3618364.987145389,3731633.3878662237,3998900.26485151,5165636.538594826 
 12/05  16:00:00,3615686.0606872276,3101243.506978004,3129921.045673364,3203583.8291943,3277052.298290312,3372817.6284639877,3672251.997929608,5665051.796166208 
 12/05  17:00:00,4069189.0225718194,3513312.008419991,3512251.605353789,3565452.598881834,3623833.7417517966,3718332.750788817,4148273.072725782,8360317.374713836 
 12/05  18:00:00,8102856.63332442,7658634.690845243,7632345.369629342,7658559.831055891,7694852.945811689,7783948.469288178,8386194.299469985,15503170.440651158 
 12/05  19:00:00,9621953.739578333,9232266.26971495,9206929.996854257,9230347.720218169,9264590.371170582,9357776.028776586,10032634.482927721,18145814.310681526 
 12/05  20:00:00,10616926.92537764,10283358.135180762,10263629.370656814,10287075.049687993,10321064.170733696,10418353.705777759,11148486.970915807,19963626.92911823 
 12/05  21:00:00,11103997.244564403,10812155.4809837,10795286.86068574,10817251.9612962,10849760.095514297,10948980.142161625,11715920.863748306,20921403.99282978 
 12/05  22:00:00,11691104.261618262,11441732.118686924,11428171.362714421,11449074.570096148,11480473.8526259,11581764.956511425,12383611.934940163,21982845.880422153 
 12/05  23:00:00,12146475.359864615,11935717.503894892,11925750.837024823,11946020.226673393,11976644.87170112,12079503.96610745,12905940.401968773,22744591.740592584 
 12/05  24:00:00,12201829.878965283,12021212.21501797,12016255.851977156,12037431.489616623,12068375.228969848,12172316.719066022,13000815.93723112,22642278.617155664 
 12/06  01:00:00,12196279.461137656,12038557.449596075,12038987.102002934,12062020.789774144,12094085.935583629,12198654.192672336,13019590.423726209,22369627.41559574 
 12/06  02:00:00,12217032.150559383,12076281.257113045,12077725.521094887,12099511.133123802,12130281.722101681,12234147.512275752,13058794.30000046,22451287.595869172 
 12/06  03:00:00,12342917.71109509,12218355.986352175,12220918.661686603,12241744.82293192,12271527.58725541,12375401.711504798,13208070.30011609,22674660.45606818 
 12/06  04:00:00,12747999.04725783,12646451.144969141,12651117.302017692,12671520.777461099,12700742.399137793,12805237.899683472,13654960.980117317,23403648.97512184 
 12/06  05:00:00,13269116.445823137,13191327.943161331,13196939.837801099,13215979.241082925,13243952.659602344,13349340.408178626,14226198.453747822,24445401.054596234 
 12/06  06:00:00,13404434.229394387,13339375.778270554,13343821.461791689,13360292.572301406,13385987.366264652,13490860.388858333,14385790.21699476,24920068.264291752 
 12/06  07:00:00,13297140.280860249,13237255.981212758,13240614.295812862,13255052.49318192,13278908.881245125,13382957.072464213,14281683.72298767,24788746.697632827 
 12/06  08:00:00,13150071.473270701,13093122.532382065,13097288.368874334,13111559.338038055,13135101.851836033,13238194.346797872,14120823.633010471,24259752.423095092 
 12/06  09:00:00,12985544.30456191,12933648.37488108,12942809.101982316,12960499.985638935,12986678.670347411,13090236.034774471,13943930.806957774,23478978.445378274 
 12/06  10:00:00,12527485.789018288,12466070.79371553,12479079.02929661,12500104.105014224,12528773.611855492,12630898.406233186,13432467.393953316,22014115.57692295 
 12/06  11:00:00,11482808.029423442,11390586.494797224,11407655.599186257,11433619.055573875,11466048.804026544,11565469.574495776,12282951.89172696,19411234.88365731 
 12/06  12:00:00,10007377.085620662,9867654.539132869,9888773.66739319,9920979.99355942,9958202.099435274,10053800.29690872,10663675.46833362,16061784.133018335 
 12/06  13:00:00,9036809.96265949,8895694.834855784,8937809.129991429,8987054.746041555,9037212.141188657,9138861.522319242,9707795.37324702,14522844.397717522 
 12/06  14:00:00,8522503.718154624,8398575.546939481,8463353.60638249,8528853.309667446,8590747.13832308,8699417.258919936,9253660.355459739,13925210.529892206 
 12/06  15:00:00,8089407.7797253085,7960765.064829861,8036995.788807371,8111741.565047315,8180312.747112818,8291210.760953627,8817728.046033438,13158113.472401485 
 12/06  16:00:00,7392142.427589612,7249091.949718809,7346559.644644903,7440071.384060424,7523642.104026012,7646410.577686869,8187967.163478042,12814284.54378568 
 12/06  17:00:00,7357827.658734502,7152797.988957669,7230730.739508294,7312594.6457438525,7389230.122690095,7511742.5080378335,8122449.375530507,14032423.772115875 
 12/06  18:00:00,9946054.31508807,9735658.873045964,9740849.752179822,9766856.645149358,9799272.210433325,9892374.78311504,10578343.754586952,18312940.791374933 
 12/06  19:00:00,10343167.306189219,10144691.465158757,10146016.293992667,10168180.242477039,10197703.775988936,10290962.42945357,11007736.20695144,19207796.03570966 
 12/06  20:00:00,10653606.032292489,10468524.249018818,10468673.37227253,10488998.998324424,10517141.995701864,10610862.486624813,11345499.381340716,19743855.77081858 
 12/06  21:00:00,11098895.00773994,10931812.52792911,10931428.862102263,10950136.899908697,10977057.878121031,11071672.181467839,11830368.272426674,20558434.46270672 
 12/06  22:00:00,11526007.947365386,11377972.606884275,11378113.752453078,11395904.77199511,11422155.170058249,11518019.858280916,12298635.772945924,21321889.392858196 
 12/06  23:00:00,12231045.147481352,12111169.646892564,12113505.559035242,12131254.124957819,12157461.575350864,12255508.159292419,13067468.303064214,22559874.090797026 
 12/06  24:00:00,12560996.741586173,12462287.288831992,12466300.155886117,12483753.920010675,12509706.451805022,12609339.260706235,13443117.12120025,23232609.961608388 
 12/07  01:00:00,12817746.3779287,12735844.789383622,12741844.536555056,12759502.65122631,12785516.891128305,12886438.989875276,13735151.144074261,23686407.388773367 
 12/07  02:00:00,13183304.63054811,13123686.659455623,13133734.094995454,13152989.39810858,13180188.440008074,13283160.614318576,14144217.772913026,24208707.542437956 
 12/07  03:00:00,13343424.820645155,13298598.760320168,13311526.808563648,13331855.397155896,13359793.45122744,13463886.852168068,14330829.340732299,24423398.80753526 
 12/07  04:00:00,13584024.783006525,13548345.168193793,13559096.294812512,13576767.138974898,13602552.761789164,13706618.856934069,14598628.948584134,25120291.15543857 
 12/07  05:00:00,13691047.750728153,13664554.927758602,13677440.291132443,13695890.39127654,13722258.040213898,13826928.218872074,14709039.734495778,24924274.523683287 
 12/07  06:00:00,13567580.265200347,13547574.728679849,13565354.913227215,13587241.916833615,13616238.99866097,13721313.817431768,14578472.719443265,24249847.305740885 
 12/07  07:00:00,13379007.852784678,13354664.963380046,13370209.425581582,13390176.742605414,13417523.019781299,13520702.146649037,14368857.440812305,23895921.851547845 
 12/07  08:00:00,13486169.258070897,13462714.64808501,13476901.66317103,13495569.105598247,13521817.353664698,13623974.195915662,14471673.312932704,24033644.111614488 
 12/07  09:00:00,13645734.946242485,13637035.074825376,13657208.212584022,13679786.771758225,13709138.0305955,13813911.98764649,14662842.007684963,24217542.699446652 
 12/07  10:00:00,13200796.706267968,13193869.097736286,13225786.438927144,13257551.333870864,13294051.497612108,13401718.003337454,14206897.666773055,22886798.8645639 
 12/07  11:00:00,11781883.130081713,11733646.371012121,11780317.320832962,11826996.563722033,11875504.765337758,11984984.145326719,12672659.310642954,19205116.41057079 
 12/07  12:00:00,10172968.176164359,10097538.550787982,10177777.642636279,10254291.317425271,10326569.20845323,10447081.961396554,11025979.597929414,15636513.724035025 
 12/07  13:00:00,9094755.462281201,9018127.978890255,9134994.786733285,9241844.728986016,9337679.682186216,9471455.208401037,9993745.317274638,13726333.66563207 
 12/07  14:00:00,8353514.45293014,8215671.658263045,8322147.446551813,8425752.763144849,8519472.8802841,8647323.298130488,9117931.064741597,12321645.101242265 
 12/07  15:00:00,7528501.376208616,7340704.950650366,7444298.724592376,7549939.234326983,7645731.288885769,7773167.807335856,8229016.06091135,11436542.656979216 
 12/07  16:00:00,6963038.420670837,6755566.966287507,6871948.712050389,6990798.809914116,7097560.047815699,7236550.019465733,7745397.565540472,11876247.415294029 
 12/07  17:00:00,8051795.339672705,7859458.288903745,7956208.446469266,8057040.89933693,8148798.493684794,8282402.67967177,8889739.753034083,14838090.5397828 
 12/07  18:00:00,10217670.163982024,10023865.667356731,10056401.478491059,10104578.827507205,10154337.720876465,10258151.098866766,10915095.549410079,18151917.684296496 
 12/07  19:00:00,10222339.862550534,10035092.739789255,10063677.224258602,10108081.146043772,10154832.14807603,10257072.627376627,10922397.918203909,18199765.95492345 
 12/07  20:00:00,10046885.048259096,9860352.202197015,9883698.801332034,9923513.14789941,9966621.785394171,10066228.031560028,10729741.076067548,17902389.22799428 
 12/07  21:00:00,9780230.742751818,9589152.413977757,9607056.87272929,9642502.618175939,9682168.830522193,9778855.52251424,10435085.520202365,17434941.103691075 
 12/07  22:00:00,9533095.794052845,9334921.000413582,9347514.727118969,9378954.613383917,9415496.029566582,9509327.07716052,10156606.170858273,16985497.497755505 
 12/07  23:00:00,9173476.381803472,8963777.058069158,8970778.464964755,8998256.513642414,9031716.978379559,9122387.557563014,9755123.908993008,16337504.742330464 
 12/07  24:00:00,8632318.619018827,8404439.891825035,8406137.082803065,8430287.151113288,8461132.816002987,8548341.981891548,9158638.926023832,15380522.435683683 
 12/08  01:00:00,8364966.170765596,8126150.943758442,8124788.504483836,8147097.810013346,8176462.618287553,8261516.704871643,8857955.024626248,14867133.176130466 
 12/08  02:00:00,8826623.947584843,8603232.786853742,8602393.135952704,8624401.162539987,8653601.878755774,8739358.217098145,9350553.7255692,15651540.918370692 
 12/08  03:00:00,9502248.041752592,9302946.129783317,9301886.312156105,9322631.336081713,9351072.300305637,9437668.935905341,10070772.936334433,16785931.53097827 
 12/08  04:00:00,9534020.831043003,9334909.633067522,9332852.660310045,9352617.300286714,9380257.950710107,9465928.21814448,10093850.294143492,16703916.418107364 
 12/08  05:00:00,9576536.956262749,9377973.682396866,9375146.533268964,9394149.596765965,9421164.073314823,9506117.593663132,10130976.266348371,16695330.336590078 
 12/08  06:00:00,9667404.96635847,9470960.084653914,9467581.758019134,9485933.892836485,9512416.010968462,9596885.441231927,10221346.457784012,16791480.190268643 
 12/08  07:00:00,9774115.074702227,9582313.40919843,9578685.374151202,9596439.436777871,9622416.195829324,9706583.514664285,10333597.890351897,16958909.12473911 
 12/08  08:00:00,9613069.375760555,9426062.45484168,9427790.775271483,9448667.61718239,9476574.941483527,9562429.556960642,10194461.133891955,16859964.926192258 
 12/08  09:00:00,9688749.736752862,9502502.87670976,9502254.182925807,9521712.4752947,9548667.918044835,9633887.478671985,10265942.674305499,16938497.65774833 
 12/08  10:00:00,9801719.207854655,9616124.711038284,9612519.05514062,9629543.023452736,9654837.04954819,9738665.394950658,10368162.48277616,17016047.2728085 
 12/08  11:00:00,9607929.908644276,9421578.14795776,9420564.455651976,9439399.926962845,9465928.442400223,9549981.581481325,10169535.199268693,16637535.779639788 
 12/08  12:00:00,8852366.390162285,8658132.125901893,8673137.359789109,8704703.661712818,8740650.747296004,8829118.020332392,9405737.237543464,14994128.088946413 
 12/08  13:00:00,8525965.668825397,8317640.911531144,8334329.446283791,8368275.53752582,8406118.278767679,8494057.1252932,9041834.938205775,14185820.651293822 
 12/08  14:00:00,8119581.133185583,7879937.281294181,7890568.431647825,7922050.492926033,7958110.5463528335,8041699.805977546,8549651.172616318,13137373.989741176 
 12/08  15:00:00,8101255.6229834575,7844463.963506758,7845385.550380493,7870192.370779387,7900963.328687733,7980331.368209554,8493365.038695294,13313180.298609708 
 12/08  16:00:00,8057784.885202875,7785562.857981567,7779389.400708676,7799333.256157437,7826172.424513857,7901911.989094205,8409766.182280283,13255148.401974358 
 12/08  17:00:00,7981556.636410675,7699937.765342673,7691408.86063895,7710169.2750514,7736181.500228784,7812024.63219963,8334677.642745408,13486028.274819408 
 12/08  18:00:00,8680399.307165807,8421259.623073775,8411076.733690843,8427329.743216444,8451428.35061735,8529392.735065963,9106657.377570696,15222640.620116487 
 12/08  19:00:00,8831349.753042607,8575689.255626766,8564724.928783948,8580147.468612581,8603616.959815396,8681923.943157014,9269753.307768779,15529466.74432862 
 12/08  20:00:00,9015263.834457546,8763553.97895762,8749350.105493603,8761868.401649302,8783096.26428231,8861959.832290247,9484414.133206446,16312224.71681804 
 12/08  21:00:00,9290693.253759876,9048508.873566037,9032375.016272184,9042695.369999252,9062360.934283018,9142961.391649526,9803146.03720438,17235500.264560636 
 12/08  22:00:00,9410194.066016003,9175488.93089126,9159826.072958216,9170006.195902547,9189684.846838363,9271669.21085493,9943168.028188303,17433897.30245114 
 12/08  23:00:00,9419215.101384502,9190044.274845842,9176757.016612187,9188421.52631309,9209299.071474893,9292331.54775177,9958657.092605108,17230191.545371898 
 12/08  24:00:00,9396622.7117096,9172359.894055724,9162602.52733158,9176746.951243263,9199567.44495479,9283542.486831268,9936051.9384452,16875287.54643456 
 12/09  01:00:00,9534205.692474429,9316924.90886572,9308747.11253316,9323800.54539741,9347357.87255027,9431985.316281447,10088123.901736388,17088705.353701074 
 12/09  02:00:00,9602240.802389583,9387411.010178663,9376813.945699733,9389731.24219352,9411716.029595725,9496109.78069561,10164354.114148758,17392147.6177888 
 12/09  03:00:00,9680665.860625315,9465074.03030173,9449979.19816956,9459217.201754084,9478364.119805807,9562270.228695503,10255864.353189148,17932831.001673125 
 12/09  04:00:00,9737797.352663783,9529959.90568406,9518766.85290295,9530317.431686247,9551204.491067192,9636907.698787477,10326556.240530293,17817224.793163132 
 12/09  05:00:00,9937285.712448975,9734991.711937882,9723306.53926628,9734253.3205585,9754687.839512786,9840563.775972553,10543755.986304207,18263936.008998677 
 12/09  06:00:00,10435777.555056423,10248721.678664431,10237009.702280127,10246961.809248295,10266763.414672377,10354644.720227366,11089314.260413613,19339941.247406114 
 12/09  07:00:00,10959037.419997405,10789596.859793218,10778139.78449986,10787281.055700844,10806564.24958671,10895964.04589008,11658937.643215679,20378395.79193244 
 12/09  08:00:00,11153943.613628838,11002563.09413739,10996534.082084814,11008635.692470472,11030197.684292106,11122008.730541106,11884674.14663069,20468311.444179617 
 12/09  09:00:00,11019952.791178564,10883321.76927354,10888017.412959894,10907476.927496517,10934547.526701894,11028990.731319875,11765366.403470855,19738645.819006648 
 12/09  10:00:00,10607373.776047364,10481723.591290377,10500235.484294051,10529547.941044563,10563930.905719908,10661701.37878301,11363535.836418487,18644110.399517916 
 12/09  11:00:00,9706851.139512993,9581250.395526063,9616725.803860765,9658931.739621667,9702830.350979919,9803917.604420496,10449347.762055883,16703361.199420547 
 12/09  12:00:00,8609773.55048138,8472583.987374747,8521448.102441646,8574367.77816667,8625951.771592857,8728100.770943807,9310106.631868199,14524024.717532132 
 12/09  13:00:00,7825640.707277512,7686964.2839408945,7751748.100090058,7816862.187905728,7877113.525747494,7981755.242531912,8518326.545669833,13054870.737706263 
 12/09  14:00:00,8009765.661509806,7836959.406672969,7878320.9732570965,7927507.369150672,7975770.488904867,8071749.468507299,8623769.931084078,13702192.979967043 
 12/09  15:00:00,8293802.3892874345,8102984.937498584,8127564.567337124,8165430.269115694,8205547.690072533,8296271.753726438,8862871.793377098,14359690.449367428 
 12/09  16:00:00,8704585.874199647,8491064.13332503,8493539.778296864,8516556.84087624,8546049.404560162,8630015.39565096,9217539.616620295,15250021.662797552 
 12/09  17:00:00,8585485.00621988,8367298.7950029,8367368.456540868,8388864.102392983,8417232.273034299,8499933.271283653,9082312.07537054,15044462.83365025 
 12/09  18:00:00,8221010.505839851,7988055.097810212,7987029.829505698,8008234.606905353,8036152.136839561,8117242.367750742,8683383.998769645,14378381.489181586 
 12/09  19:00:00,8138382.120993799,7898744.602978865,7894692.376384577,7914151.075357516,7940844.271922689,8020765.2067905925,8583915.281270757,14257681.644568367 
 12/09  20:00:00,8196788.474848736,7951827.925521589,7944633.594218876,7962151.127020062,7987449.318658352,8066274.517079251,8630829.68216918,14376359.470680313 
 12/09  21:00:00,7957948.840444992,7686916.814995523,7670296.388666224,7682060.402756225,7703063.632644962,7778416.942578233,8340106.487824067,14092575.28146011 
 12/09  22:00:00,7749931.753102655,7458670.580558044,7433145.057943026,7439426.9468708355,7456466.921322301,7528925.541646041,8090563.541741844,13872706.628930535 
 12/09  23:00:00,7755823.571519671,7474944.138272043,7453647.772728145,7462792.844195255,7482044.044391867,7555963.817974529,8114893.398361821,13842400.013444953 
 12/09  24:00:00,7801310.778047377,7500434.858332687,7467964.263897557,7469334.155167026,7482596.06440818,7553764.568450921,8140905.359256117,14398578.292207897 
 12/10  01:00:00,7904459.974795429,7607654.061279657,7575596.900582515,7576878.317595733,7590038.858854916,7662323.769420381,8262884.986093527,14702557.123726357 
 12/10  02:00:00,8043502.820871665,7748031.926907446,7715486.3710078355,7716364.771554768,7729252.193723649,7802094.974459115,8413905.435256427,15024336.68850218 
 12/10  03:00:00,8325327.007292312,8036620.455851622,8004042.033236974,8004501.989346385,8017135.416541103,8091323.071850677,8721673.270890167,15605364.578671787 
 12/10  04:00:00,8592768.865608897,8313841.087342171,8282323.286296109,8282980.760042171,8295784.174130933,8371528.988751993,9020973.124904556,16177306.85216992 
 12/10  05:00:00,9124626.025888769,8861524.332464792,8831735.65475926,8832961.29967481,8846345.629415916,8924466.583507303,9597214.986854315,17075219.82558894 
 12/10  06:00:00,9745264.537612407,9502920.42919483,9474614.544430634,9475760.8531801,9489153.827914782,9569624.84613585,10275988.984516809,18289618.638378266 
 12/10  07:00:00,10055040.367203727,9828842.5850968,9802264.39430159,9803534.834082209,9817010.770971004,9899647.654084064,10631455.564293422,19006795.288521796 
 12/10  08:00:00,10268443.575615652,10055157.04267519,10031219.47056607,10033678.547357345,10048107.106717363,10132549.279292814,10874832.259869732,19324818.61586892 
 12/10  09:00:00,10507815.278934713,10309306.183921963,10288110.417105876,10291734.699168382,10307115.996555522,10393423.738348842,11147432.904923283,19702786.285533812 
 12/10  10:00:00,9927962.693396125,9745783.52754126,9750886.790724104,9774214.334860804,9804906.854525499,9901526.221679378,10625462.106415652,18410461.716030337 
 12/10  11:00:00,6894922.22554335,6652332.295371795,6708394.320254143,6776810.574144587,6843623.979324147,6958504.124366288,7519070.918254815,12166071.223693619 
 12/10  12:00:00,4178491.269838883,3856383.583388245,3938327.600965414,4037432.4273155164,4129574.7391918274,4250018.893700388,4622806.927281928,6437056.926023194 
 12/10  13:00:00,2096760.1714379329,1780040.74460221,1902702.1495951603,2036820.7171236165,2154864.637032649,2280685.336570557,2505254.465928121,2874900.9122305536 
 12/10  14:00:00,393418.03800047346,210983.52374185927,333434.1582897847,503144.2970022225,653209.2199227454,793062.0589618237,965356.5531411514,1018400.1860006144 
 12/10  15:00:00,0.0,0.0,0.0,0.0,27860.11100562173,83128.41239635163,186245.16702369147,252738.28477242938 
 12/10  16:00:00,0.0,0.0,0.0,0.0,0.0,74109.50871054665,212627.53877813666,962920.8765297111 
 12/10  17:00:00,2333172.887568927,1758635.3515433283,1835067.9912322261,1988819.7311569415,2149065.570966409,2260353.2734833905,2588967.70519438,5395567.141112557 
 12/10  18:00:00,4976250.442135313,4382122.249719283,4386500.232467921,4462524.358634593,4540019.085041162,4645774.259101377,5064249.172551148,9109005.543719096 
 12/10  19:00:00,5391136.348723229,4815742.953189412,4814471.6796110915,4883474.645031225,4955225.429566969,5058643.641643002,5499283.333301842,9779626.61959187 
 12/10  20:00:00,5613622.654383065,5056909.650056901,5049712.3032695,5111125.7207956845,5176642.232118127,5276528.563168217,5729225.853902637,10111612.635780986 
 12/10  21:00:00,6064719.010385731,5535026.96946391,5524170.572256622,5579189.159990179,5639357.006701486,5736806.5832106825,6209543.6831704555,10842632.748129845 
 12/10  22:00:00,6677600.568712616,6182581.081641334,6170807.616358848,6221098.440753551,6277196.458000312,6373632.5268328115,6872537.721605936,11861322.353455495 
 12/10  23:00:00,7005993.727305571,6539410.009437188,6526404.198691729,6572029.175764712,6624090.927745943,6718834.181866596,7233318.810559932,12410431.077317702 
 12/10  24:00:00,7093200.409311632,6647348.906222884,6632344.113262878,6673209.189270451,6721162.602695856,6813451.60614013,7333868.837216001,12547569.566866796 
 12/11  01:00:00,7095701.842610926,6666183.864635987,6649307.773027889,6685975.650234759,6730290.2457094565,6820139.653235551,7342508.493354257,12539896.448653502 
 12/11  02:00:00,6912969.117144914,6494347.127840937,6475117.638914916,6507394.391053612,6547875.572899541,6634643.16139362,7151109.10878068,12216542.367631378 
 12/11  03:00:00,6733938.910455954,6320631.904221611,6299056.906735626,6327717.083615645,6365048.402378175,6448953.7751714485,6957745.813825283,11890737.972434886 
 12/11  04:00:00,6681001.480962836,6275193.013097212,6252295.133545941,6278162.514736048,6313002.143308873,6394776.0077035185,6899683.4166846145,11777094.646010494 
 12/11  05:00:00,6681591.497496295,6283141.2979469625,6259353.342307966,6282934.381838296,6315702.040097436,6395728.226786196,6898237.215732103,11750683.1905378 
 12/11  06:00:00,6840346.284190563,6455117.940884436,6431169.047788486,6453022.427492961,6484307.820827683,6563444.59474695,7069061.606801337,11986844.574616935 
 12/11  07:00:00,7110753.083006654,6744011.194615024,6720164.449888658,6740433.4071367495,6770485.329379827,6849127.165000783,7361095.333481921,12401763.6282785 
 12/11  08:00:00,7043387.126636002,6683630.591726054,6659724.248396331,6678667.21286056,6707455.856049569,6784886.189813123,7293377.401333043,12273667.561779559 
 12/11  09:00:00,6789087.5592330955,6429485.568079228,6405096.730190118,6422696.651671581,6450140.780044952,6525786.458502345,7024099.334315773,11852378.677381663 
 12/11  10:00:00,6094865.141614627,5724103.551026033,5703943.1649544425,5724126.7805611305,5752851.383381183,5827136.139195613,6292962.869990645,10580561.034990082 
 12/11  11:00:00,5426947.408708008,5058584.101929884,5049955.671587022,5078146.284641631,5112375.541845058,5187512.252147131,5611275.685439815,9221725.050816597 
 12/11  12:00:00,4877613.387636036,4495416.437016279,4488445.991311049,4518425.500425003,4553730.048227413,4626958.556089297,5017503.722140916,8182272.852961355 
 12/11  13:00:00,4104705.9293420888,3715375.1809709677,3719797.5842151283,3758859.378103234,3800639.160354158,3874266.288138181,4209692.422327772,6591445.162446555 
 12/11  14:00:00,3218243.2858859515,2823321.5833333936,2845871.7966223853,2899984.8197882795,2953019.4857411245,3029783.617586407,3303129.6018743943,4850868.494091673 
 12/11  15:00:00,2103099.88328363,1684142.951828128,1719411.7483630881,1788092.0988978632,1852731.0942345387,1934135.6277180533,2135520.7605011966,2879745.4403626383 
 12/11  16:00:00,2420150.472151695,1953275.6148088537,1967003.7692075947,2022310.4536873712,2077573.528275882,2151411.7489331407,2385378.449203071,3709929.623426808 
 12/11  17:00:00,2761790.9772890285,2264782.2753483257,2259161.084514385,2301318.18692315,2346869.6941000107,2416011.111584364,2687795.3300892217,4837301.282161061 
 12/11  18:00:00,4040265.273829352,3523741.4905154165,3489366.4807761656,3510387.144137279,3539717.2579576555,3600867.192108489,3930551.222807419,6953416.283592141 
 12/11  19:00:00,4433724.643331191,3925147.9347858755,3888998.3531614784,3908174.3953354335,3936180.063240112,3997903.1693066265,4347238.5568527635,7634907.280412097 
 12/11  20:00:00,4729527.583334796,4229160.239487515,4191695.5798182692,4209299.044708572,4236164.857146815,4298337.5579340365,4663109.816621665,8138554.233673522 
 12/11  21:00:00,4887491.006472626,4393934.145908121,4355302.431669823,4371389.108729178,4397101.014956526,4459401.689048368,4834939.451420523,8427326.055032562 
 12/11  22:00:00,4900003.7600482935,4409445.3712591985,4369197.355955223,4383587.222807584,4407959.980882449,4469828.299180081,4850997.585973209,8484891.315264434 
 12/11  23:00:00,4947291.077993981,4460269.113687234,4418783.95406501,4431746.279134142,4455008.5393117815,4516629.071367962,4903152.292221289,8578692.98107506 
 12/11  24:00:00,5110102.115681206,4629734.7595042065,4587855.783661813,4599901.7326124925,4622452.3089275155,4684349.295052676,5080223.764265388,8868456.31804739 
 12/12  01:00:00,5289362.586863888,4817220.711492662,4775587.638026982,4787114.517419479,4809264.246413142,4871764.662062726,5277413.552245693,9178580.564877853 
 12/12  02:00:00,5478985.8977369275,5015894.593570808,4974811.162302591,4985983.983459481,5007843.593859201,5070985.383161384,5486602.614501077,9508543.998586193 
 12/12  03:00:00,5659584.924241761,5205356.314731667,5164836.5292288605,5175640.055481471,5197175.833520106,5261006.346964968,5687415.870099428,9844261.519293407 
 12/12  04:00:00,5779324.8831349015,5333358.147914445,5293548.9539721925,5304124.4965528,5325453.838967489,5389901.643210517,5824218.501088258,10061051.494455349 
 12/12  05:00:00,5800328.35914085,5360426.83701216,5321213.367748631,5331611.841975498,5352769.975467226,5417507.31885075,5855007.060862577,10097029.233063407 
 12/12  06:00:00,5928325.855484819,5500570.065781195,5462768.527155647,5473549.2511054,5495146.889194561,5560666.675317862,6001333.722025372,10268071.836747667 
 12/12  07:00:00,6075850.31576894,5662501.974302387,5626652.451961471,5638100.420418567,5660340.804831693,5726720.671358838,6170784.209654086,10465692.161773276 
 12/12  08:00:00,6009643.220654909,5601132.706488451,5565997.531088274,5577381.710394501,5599496.782417054,5665741.085121321,6107888.530279658,10348168.603879936 
 12/12  09:00:00,5934528.977399002,5527112.726402049,5492388.094267875,5503636.488910158,5525503.488789938,5591306.976304199,6030141.904483407,10221487.604574628 
 12/12  10:00:00,5605137.411136907,5191873.47804806,5160619.59164877,5174090.820453597,5197163.113246448,5262893.987481182,5687717.146361761,9620482.237062924 
 12/12  11:00:00,5099903.639035727,4702384.301275643,4690481.323451163,4717650.707294973,4750710.09405619,4820795.994386026,5201463.83041445,8358725.016731272 
 12/12  12:00:00,4574181.854565139,4179994.591080053,4182146.9178257836,4220101.093521122,4261078.404381419,4333790.751830244,4673258.8776905965,7203867.848263493 
 12/12  13:00:00,4173137.672426276,3774277.7637456516,3784125.780014108,3828642.35687747,3874423.7862879876,3947893.8267872464,4256357.770523674,6388176.728450791 
 12/12  14:00:00,4203570.203902741,3782583.1669838345,3781688.185852523,3819475.640713498,3860183.2950633364,3929413.784470037,4240375.255325011,6568467.576756677 
 12/12  15:00:00,4372885.397500655,3933503.897849661,3920645.485312001,3950546.308998258,3985408.796309945,4050810.3145761783,4374122.442904713,7002011.352519977 
 12/12  16:00:00,5226230.832203847,4790192.528348466,4760760.949351509,4778305.977864977,4804547.256783929,4867891.124010837,5249457.515422733,8887132.126983767 
 12/12  17:00:00,5447294.631321084,5016324.221777951,4985602.483280169,5001859.650973222,5027170.890713284,5090473.001738411,5481848.569516629,9261658.049905635 
 12/12  18:00:00,5736980.164056244,5314801.449920217,5283825.269020334,5299299.049585441,5324060.259708469,5387981.305302707,5792385.109994942,9741009.533766376 
 12/12  19:00:00,5947947.42246958,5533705.8218051735,5502678.310471817,5517510.718866067,5541805.509913818,5606247.288309924,6020747.244600706,10090331.022458741 
 12/12  20:00:00,6066014.892368891,5658547.570620607,5627532.085680815,5641807.831801448,5665681.830682393,5730476.257081694,6152463.274063431,10300321.481101835 
 12/12  21:00:00,5975091.216004999,5563243.416060311,5531125.549653493,5544164.774367219,5566781.456412765,5631090.575248003,6058981.224552261,10261060.934359102 
 12/12  22:00:00,6011089.708403205,5600932.316315249,5568452.910608804,5580887.28857661,5602987.949391723,5667481.507706199,6101401.941123679,10362653.789377913 
 12/12  23:00:00,6086812.310540962,5680615.639824908,5648247.790705091,5660389.661201459,5682265.551878798,5747191.898835067,6187295.648924351,10512229.468453119 
 12/12  24:00:00,6092633.723790027,5689053.404760641,5656584.341854537,5668305.540157996,5689837.621771015,5754967.298615808,6199278.18888641,10553481.01990517 
 12/13  01:00:00,6109640.569854599,5707264.449490629,5674552.3022304885,5685882.582201688,5707112.780490832,5772380.177381039,6219757.923814535,10600591.610680206 
 12/13  02:00:00,6216147.449191548,5818066.66663026,5785639.812640169,5796822.027003115,5817939.4475125,5883722.70859452,6337951.577973731,10804091.766948303 
 12/13  03:00:00,6314570.244674716,5921021.623741874,5888958.602799956,5900017.457118871,5921030.639250743,5987379.678414201,6448702.330483432,11001597.815177333 
 12/13  04:00:00,6354071.163510203,5963943.268367013,5932197.909502203,5943164.123436327,5964101.177181537,6030844.197189504,6496375.055519639,11084788.553924762 
 12/13  05:00:00,6494493.313989403,6105332.620617845,6071020.886663983,6079901.153501413,6099317.664102581,6165903.59211835,6644941.616885599,11449696.096796978 
 12/13  06:00:00,6722744.076050885,6333071.41249017,6292870.070881277,6297123.980447625,6313165.787439818,6379167.027744401,6884021.081312252,12120400.1285692 
 12/13  07:00:00,6808068.618020675,6430670.094746524,6394889.035085982,6401565.351852761,6419430.436266004,6487506.956394877,6993466.0523584355,12142009.39509642 
 12/13  08:00:00,6836504.484664971,6470254.810870903,6440730.166041687,6451471.65351054,6472301.552480746,6541995.589920654,7039614.90779735,11990958.545616278 
 12/13  09:00:00,6935816.101401928,6576875.402102342,6549210.470938251,6560834.505037997,6582313.81910249,6652931.40508454,7155168.651339954,12149346.439762205 
 12/13  10:00:00,6973190.001954131,6632049.69931094,6614526.351481629,6632641.114500975,6658943.844745373,6733904.66836687,7246229.635319635,12357885.138836736 
 12/13  11:00:00,5444489.923360336,5142749.588162949,5190444.564267276,5257610.553125689,5321287.588551847,5420114.019296236,5864927.521409881,9534888.42669698 
 12/13  12:00:00,3473071.5537841837,3181182.613860908,3294766.7892014673,3415609.4413644765,3520796.6785057713,3642715.3884947463,3968685.6431079498,5605774.183026338 
 12/13  13:00:00,2871428.592393735,2557677.720403932,2674701.4379066722,2800856.980212204,2909992.5474542687,3029042.648323828,3296083.3952130503,4290939.94879807 
 12/13  14:00:00,1803042.8588298892,1470452.9042306168,1601171.2576289298,1740623.1776383093,1862668.8873045482,1985033.36730146,2199257.5276424787,2692360.0788384983 
 12/13  15:00:00,805906.9937729947,454953.9370615778,569140.2797172792,709832.9888845226,832547.1582501255,952310.1039454746,1140711.6957814884,1554331.8240305411 
 12/13  16:00:00,3022468.1650579106,2559478.519779769,2608504.779119986,2685340.9061128944,2750392.270481835,2838364.2047994887,3170518.6615635036,5600745.618666831 
 12/13  17:00:00,3271224.5531276884,2768482.035962101,2792692.3253535363,2875028.7868120624,2956523.9711609893,3061134.3121998264,3432855.423931466,6823405.802536192 
 12/13  18:00:00,5664327.17872967,5152031.922058521,5138240.706497502,5182557.924253456,5233465.714964331,5319271.707435872,5751890.525450895,10177715.676608924 
 12/13  19:00:00,7000529.653181436,6544494.189487536,6532256.225836376,6574306.288230643,6623706.645791054,6712765.403528638,7199100.561350506,12372735.2291369 
 12/13  20:00:00,7649872.088328051,7225354.540217066,7211752.422420742,7249787.5308641605,7295754.655656545,7384675.954231039,7901641.1762621235,13456110.630885873 
 12/13  21:00:00,8089899.438948369,7695985.036518021,7681723.501180577,7716147.514974637,7758954.977949951,7847594.84795207,8389132.02630156,14226204.591860604 
 12/13  22:00:00,8453016.640044017,8087719.541588874,8073246.198011743,8104515.089377854,8144508.44300456,8232772.428536939,8794674.87791496,14860582.287164085 
 12/13  23:00:00,8423256.87681668,8072389.994215198,8059424.706331989,8089243.458508032,8127426.137935646,8215307.11511776,8786974.433959054,14891357.953964274 
 12/13  24:00:00,8533026.248811377,8189783.699913482,8171277.678741704,8194994.456593773,8228131.136046247,8314122.479244514,8912072.21301488,15412569.707176244 
 12/14  01:00:00,8728124.423538608,8395654.907441676,8371693.713389872,8389503.15022613,8417956.031788006,8502575.56560644,9123888.659832373,15959806.098568462 
 12/14  02:00:00,8848343.897486992,8532905.805115633,8510420.727553654,8527417.79757952,8554997.939129822,8639774.73132453,9266472.373350814,16076403.892488861 
 12/14  03:00:00,8978052.553503064,8682596.097919364,8664281.04707439,8682433.661978971,8710590.991966233,8796290.853235558,9425279.095887296,16162676.26630693 
 12/14  04:00:00,9058742.37352456,8778861.713002082,8763465.51561277,8782099.364669947,8810330.306109421,8896337.644753018,9525951.093698645,16219387.077816952 
 12/14  05:00:00,9074214.241367843,8804180.343223594,8789405.848706432,8807178.798273789,8834527.205892067,8920111.222311126,9550685.611182567,16220206.295739401 
 12/14  06:00:00,9075354.747758627,8818555.945317646,8807483.195114298,8826546.440374853,8854586.80172951,8940639.813378831,9567517.791103762,16119834.894369688 
 12/14  07:00:00,9093800.327750519,8847737.733319584,8840156.122837367,8860668.918329371,8889548.861114053,8975972.515480753,9599049.71827125,16070333.981885213 
 12/14  08:00:00,9154004.488390418,8914899.7485096,8908293.810621342,8928651.569473937,8957231.595577613,9043477.358296473,9667454.925205827,16160578.151643999 
 12/14  09:00:00,9199486.945879165,8967237.588124547,8961825.264801452,8982273.528163828,9010766.998842778,9097065.62247672,9722545.278116055,16227703.864084836 
 12/14  10:00:00,9139300.411360957,8917774.195934368,8917842.517831093,8941286.248194212,8971797.643263128,9059330.881354481,9679230.466330066,16056261.5312538 
 12/14  11:00:00,8776330.837091034,8575770.171560528,8595375.363919884,8632049.684590422,8672153.967764225,8764987.99824152,9355447.990806973,15126237.210101832 
 12/14  12:00:00,8380866.284357193,8191910.723617744,8228298.460483846,8277017.362207577,8325897.249940052,8422933.186466925,8983623.50191623,14216006.481333107 
 12/14  13:00:00,8321343.5271579195,8124172.618158644,8156216.840438843,8201836.108754432,8248218.986468023,8343050.702534779,8904193.214758454,14248310.385666247 
 12/14  14:00:00,8021673.09606776,7821896.77404002,7857649.273261372,7905944.799149622,7954118.649392821,8048877.346369191,8590733.499456342,13642182.827808365 
 12/14  15:00:00,7700623.560970112,7495717.24271217,7535717.3523093555,7587499.493826033,7638112.654715199,7732873.374845411,8252995.182227571,12988423.705032982 
 12/14  16:00:00,7707714.054595314,7487285.77811472,7519911.31512136,7567102.662430716,7614292.412747489,7706311.812661963,8231449.1759708,13178679.883899756 
 12/14  17:00:00,7817427.719465163,7589395.907417672,7616739.982117659,7660448.0070085,7705265.781536805,7797588.84364476,8353756.38292429,13877613.499037217 
 12/14  18:00:00,8505019.889809178,8246229.110253889,8243104.534732966,8265594.064891318,8294777.388482171,8377024.926180031,8955118.923666079,14982292.101197556 
 12/14  19:00:00,8654888.86557883,8407096.26092947,8407368.62469942,8431713.284247596,8462212.493617613,8545607.778456328,9125793.4401629,15153695.787311343 
 12/14  20:00:00,8777303.970540876,8534050.538800094,8533703.507876365,8557254.2361647,8587158.277639855,8670622.82800382,9257438.78051644,15373103.76101565 
 12/14  21:00:00,8958058.793538656,8716017.43398358,8712220.876264703,8733065.034724355,8760997.751333829,8843817.077297742,9443206.443104701,15772818.400164807 
 12/14  22:00:00,9158681.361658419,8920388.689698882,8913984.356179554,8932559.750554906,8958856.445346052,9041575.157182764,9654653.447525177,16199034.180136764 
 12/14  23:00:00,9320587.704226984,9089421.36922048,9083027.428070445,9101101.770221634,9127035.177057419,9210253.53039449,9832608.24610769,16495535.848912677 
 12/14  24:00:00,9446956.109698083,9222305.564699207,9215903.065103387,9233469.440374043,9259024.852012161,9342665.178829936,9973283.74635252,16738312.399837915 
 12/15  01:00:00,9638291.823680747,9426354.596087277,9423442.136942077,9442829.660136722,9469722.878068907,9554967.868509665,10191866.29411357,16997734.73466033 
 12/15  02:00:00,9765664.356647357,9566089.554473616,9567000.353650622,9588427.940307166,9616784.916298728,9703436.057920165,10343641.822343566,17159815.938875448 
 12/15  03:00:00,9827391.382710632,9632981.203649493,9634568.84083239,9656072.02049161,9684458.585725985,9771449.375639463,10415180.6857073,17269488.6007104 
 12/15  04:00:00,9915454.345443163,9727072.121330446,9729496.172090199,9751155.000030689,9779633.297171932,9867081.75122157,10515504.625492329,17426899.05684713 
 12/15  05:00:00,10050954.839949984,9864748.195438605,9864959.031428684,9884705.280146629,9911765.969735045,9998876.059823383,10658436.507206,17764603.563008495 
 12/15  06:00:00,10289100.387771443,10108791.167053727,10107457.840969227,10125580.183260094,10151454.053703813,10238900.804574892,10914920.27347536,18292282.12137595 
 12/15  07:00:00,10691995.207291609,10523638.99078932,10521795.666260783,10538774.625036364,10563822.947421685,10652323.656517277,11352291.544263508,19120811.140486173 
 12/15  08:00:00,11110833.665850464,10954797.039968126,10951679.107623152,10966873.862835806,10990648.473098874,11080032.356293954,11805209.15841486,19993000.624427635 
 12/15  09:00:00,11488882.387917511,11348058.275284007,11345403.409555344,11359985.306149708,11383366.848280245,11474153.384451294,12220585.81428463,20716614.053470697 
 12/15  10:00:00,11240574.79758978,11129902.703513455,11148248.644392394,11176636.897291543,11210219.3109535,11308437.677723302,12043896.16847676,20146132.508781202 
 12/15  11:00:00,9145351.93618101,9053440.331903245,9135633.850082103,9212562.33400284,9282931.176097948,9402922.734644428,10041129.95255676,16031841.12904753 
 12/15  12:00:00,6971287.552107027,6829126.662386911,6947597.925194773,7053024.3237192165,7146794.543533912,7275517.985827832,7776995.194602401,11418772.390447708 
 12/15  13:00:00,5441238.986338729,5277205.520420481,5426963.549599892,5563847.108483541,5680117.698368638,5818934.1565682255,6238035.511310429,8621403.348226354 
 12/15  14:00:00,3850787.999456571,3657247.473906899,3833684.1611301317,3997879.4354081554,4134978.670779066,4286218.853154802,4656553.360977908,6452408.585928883 
 12/15  15:00:00,2651905.2557164514,2447984.3510903125,2655731.417986838,2848172.635246144,3009956.1384577584,3178970.9396248874,3560255.0946971998,5540483.507347137 
 12/15  16:00:00,2427815.7985711196,2213901.8077913583,2429984.2878577416,2633392.5422934787,2805499.129266321,2987320.0148544274,3435965.591904911,6517805.106863912 
 12/15  17:00:00,4859529.119180743,4532331.301770763,4655223.902446813,4789736.581104286,4907088.46185069,5051310.896296913,5595699.696976685,10655702.213292994 
 12/15  18:00:00,7976307.322260508,7576450.918220989,7587905.506189082,7640459.930021074,7696476.210139943,7802669.735495751,8412692.394978791,15020893.680884518 
 12/15  19:00:00,8645396.4319235,8275125.276477689,8282495.485541539,8329425.846731005,8381001.522905936,8486202.241693405,9125909.861244248,16108873.742642688 
 12/15  20:00:00,9014391.463784425,8666536.731582478,8669194.583019037,8710337.162747184,8757323.24997444,8860462.770294588,9516498.399749324,16667027.146735374 
 12/15  21:00:00,9206327.559699154,8876933.796899427,8875344.441708703,8911207.490328435,8953948.777604839,9054817.11445126,9720863.174662124,16952137.10530353 
 12/15  22:00:00,9422765.74880864,9112561.765687685,9107656.54044479,9138877.125889968,9177832.624978576,9276697.195753679,9953247.965943266,17298075.85145484 
 12/15  23:00:00,9681177.411751345,9390193.456362365,9382790.127166929,9410072.17678339,9445813.435547827,9543143.435110232,10230412.478987385,17705810.98040706 
 12/15  24:00:00,10005534.251305288,9731266.617376285,9719569.59409446,9741763.29149819,9773468.501275046,9868947.938633842,10573354.779080782,18322864.03897681 
 12/16  01:00:00,10358110.597750166,10103702.32300347,10090160.421427036,10108974.897406163,10137941.52712234,10232669.74708858,10954057.139286904,18961155.60149008 
 12/16  02:00:00,10662109.869344205,10425559.098205693,10410256.977321442,10425929.68130748,10452334.183198191,10546183.62112379,11282903.153209446,19530005.99108652 
 12/16  03:00:00,10907152.783557333,10685480.617740566,10668007.758910514,10680439.393154876,10704247.629650986,10797306.264532054,11548553.237434559,20015964.72734194 
 12/16  04:00:00,11041028.295793168,10834153.063819136,10816418.652761072,10827063.226182394,10849335.07365033,10941934.208597917,11701339.307533527,20259608.12022198 
 12/16  05:00:00,11181229.012393197,10987332.520555343,10969484.94110789,10978638.860585451,10999611.445359707,11091839.118638765,11858967.549047126,20517543.367838554 
 12/16  06:00:00,11323529.694841541,11139794.995009169,11120425.874779668,11127242.439244395,11146318.354739912,11237839.254555235,12014656.543223143,20825533.805152178 
 12/16  07:00:00,11396021.834210122,11219720.434500929,11198750.584856585,11203410.562776096,11220758.779323868,11311579.77399701,12095323.143478192,20997368.698202822 
 12/16  08:00:00,11447895.776531966,11282806.201528046,11263550.99287315,11268361.390077114,11285675.772635663,11376791.366202164,12163054.869028047,21048559.849943407 
 12/16  09:00:00,11533120.481721506,11382613.15285712,11367457.1681024,11374041.127872512,11392504.076249776,11484664.320416614,12272382.32810944,21138724.608958736 
 12/16  10:00:00,11153165.071010007,11042215.200434247,11057658.503588554,11084551.998994993,11117860.325938363,11220142.31577948,11990497.095873233,20357684.71702513 
 12/16  11:00:00,8951759.000075443,8862121.304915775,8957790.371146884,9046208.551421436,9126503.475873625,9258120.50515183,9926769.241961053,16057262.015993899 
 12/16  12:00:00,7016658.892109508,6897274.159552669,7044541.599979967,7176342.81637544,7289823.5097231865,7437843.781940731,7955343.578276422,11456678.171933334 
 12/16  13:00:00,5663062.848984468,5512562.392423685,5690227.7028507935,5850741.634265237,5986945.5786529025,6142827.8469068725,6563394.321157691,8648765.433740495 
 12/16  14:00:00,4161656.157554807,3941931.766715591,4130441.6189223956,4305783.189769314,4457091.7828054605,4620027.886570522,4972071.253486836,6357263.784402063 
 12/16  15:00:00,3386190.278429882,3144577.999471508,3344078.169759523,3537576.301705871,3704007.8814155655,3878237.956100771,4253953.197506252,6076714.014042329 
 12/16  16:00:00,3649197.2838798743,3401636.3749597194,3610108.4444393567,3813806.438392533,3988972.675803988,4176649.064339043,4644090.844752433,7889361.803038504 
 12/16  17:00:00,6009730.911772108,5696447.517772051,5842408.781902672,6000919.868958525,6136049.2805256285,6300132.500814272,6883988.015114417,12369985.467519639 
 12/16  18:00:00,9784882.019835975,9430962.260350354,9448839.08104213,9505513.744185999,9565824.069742985,9681578.108530093,10375069.711144906,18359241.115836155 
 12/16  19:00:00,10494501.169377686,10175199.037925903,10188626.905958364,10238315.259062737,10292941.765931545,10407998.574847354,11148435.859615259,19771066.502114795 
 12/16  20:00:00,10989175.862410957,10700318.786180606,10707249.031497147,10748930.549672946,10797153.091657765,10909916.78504446,11682920.542052483,20716950.741670392 
 12/16  21:00:00,11367695.932232022,11107021.000251401,11108642.785248099,11143314.091174096,11185887.074748868,11296506.48751141,12095242.99511594,21442954.748486828 
 12/16  22:00:00,11559343.611333067,11323739.008260807,11321709.39415973,11350760.635309106,11388688.854677992,11497254.246766288,12312572.814382253,21821061.27385584 
 12/16  23:00:00,11591675.89965418,11375846.786851613,11370619.316253738,11394676.985863563,11428381.68589941,11534908.492456393,12364326.705713846,22033103.247950867 
 12/16  24:00:00,11741402.731249126,11551813.681258665,11549178.203635905,11572451.83620334,11605144.076850843,11711977.5411216,12551812.624262292,22251728.876727745 
 12/17  01:00:00,12252271.291836198,12095877.522622364,12097483.094989222,12121141.212944366,12153755.604258668,12261810.432071926,13120895.089773543,23075743.0042537 
 12/17  02:00:00,12712794.992181301,12584417.958089484,12587394.670645732,12609450.636795653,12640551.839830266,12749211.195396416,13632047.177441562,23955092.289300352 
 12/17  03:00:00,13004134.473831486,12899036.751943776,12904640.600415105,12926536.819252146,12957273.013805438,13066508.008572157,13957358.34472434,24312610.267743465 
 12/17  04:00:00,13238352.909055736,13151165.56501925,13160120.221888639,13182805.807816956,13213894.893804299,13322631.087793833,14195128.19030747,24099286.742737267 
 12/17  05:00:00,13494800.80588491,13419865.94312221,13429287.356463704,13450982.506180326,13481007.763168283,13587736.092393968,14446301.540397782,24096250.16832239 
 12/17  06:00:00,13849289.792405978,13790809.4588432,13799913.249122528,13819687.047961531,13847935.372146385,13953628.9130054,14820257.675500236,24649866.99113391 
 12/17  07:00:00,14240975.507076671,14203880.367620885,14215660.850759564,14235843.071857303,14264272.448868643,14370761.780256785,15248711.298131274,25286991.29146054 
 12/17  08:00:00,14440957.494765073,14421984.882534444,14437252.552969443,14458771.50154496,14488159.827997353,14595861.26225649,15480607.55546508,25622232.622060698 
 12/17  09:00:00,14468640.058707222,14463732.794464286,14482875.706238974,14506231.018274188,14536952.63455556,14645723.088016137,15529767.274059344,25618382.96541496 
 12/17  10:00:00,14016901.107559144,14013721.473730827,14041545.015627809,14071291.022294978,14106914.832057608,14217001.361520823,15059511.048378322,24325778.687689506 
 12/17  11:00:00,12388593.608590998,12322748.359935258,12356547.109689672,12394893.168871175,12437424.873071883,12543985.810936615,13246956.544487411,20001725.068101574 
 12/17  12:00:00,9986204.61035196,9826174.804941239,9873247.076437125,9929138.687562408,9985989.898064235,10092089.678464673,10624345.95663477,14611497.403872024 
 12/17  13:00:00,8108833.607955375,7905148.440473057,7989050.528748497,8079269.812672605,8163521.96406078,8282287.7091776235,8701492.204760747,11010057.391049605 
 12/17  14:00:00,6218960.299105343,5944415.849061116,6044294.314827405,6155099.656486816,6257057.894378756,6383582.562349735,6736538.664370922,8353343.784648659 
 12/17  15:00:00,4108025.7512899945,3687400.020479887,3756762.324791805,3853659.2632312896,3945448.328359786,4058755.115497903,4363018.745205677,5732971.759035151 
 12/17  16:00:00,3394468.228447332,2866044.290772127,2885248.302603433,2946695.562313708,3010594.7751901015,3102976.0038783485,3443155.965921057,5979380.1173336515 
 12/17  17:00:00,5421184.744700021,4889801.11659929,4874405.011509635,4910582.176438165,4954147.766576786,5046953.866465996,5550572.300620549,10662885.558193898 
 12/17  18:00:00,9690864.209060622,9327293.225767829,9309240.405658554,9334344.30043356,9369511.348338036,9468633.491965776,10201384.072626574,19224353.588492878 
 12/17  19:00:00,10872418.146593861,10559054.892296145,10541410.997321583,10563270.193939572,10595870.636465013,10697937.242308779,11495665.918308148,21385932.60379204 
 12/17  20:00:00,11728051.493671712,11461250.417319946,11445141.891560666,11464533.39598844,11495031.332594138,11599299.43192956,12444605.910711993,22902108.14541099 
 12/17  21:00:00,12421509.47781061,12199155.318877306,12185388.427046765,12202991.935110288,12231868.775557894,12338261.89966388,13225380.755649716,24176461.304202612 
 12/17  22:00:00,13224744.611890819,13049221.175986677,13038634.335781768,13054996.132804317,13082672.614811935,13191421.333286278,14120595.482631821,25611576.059008364 
 12/17  23:00:00,13875453.228258016,13742645.161451329,13735243.752976585,13750596.131214336,13777272.764426949,13887891.513960682,14848706.841223408,26712018.977418058 
 12/17  24:00:00,14197956.450666122,14103479.816085171,14104500.249274876,14123320.70586694,14152478.231601493,14265442.066939017,15218318.335256957,26638778.09015499 
 12/18  01:00:00,14411633.850941714,14344712.475368138,14351165.815672167,14371752.595864693,14401911.535454554,14515184.779469458,15463472.879358014,26680642.799986314 
 12/18  02:00:00,14636647.154122785,14587229.600431673,14591878.77689182,14608870.940282337,14635834.44882125,14747748.63471543,15712152.808120443,27198111.910097767 
 12/18  03:00:00,14819359.058480937,14790682.801262354,14797226.529393245,14813669.671782287,14839957.57988381,14952147.931082299,15925712.62868849,27508326.759909257 
 12/18  04:00:00,14970195.403999299,14962197.167841261,14972851.008663647,14990765.03043842,15018060.738255292,15131289.158022426,16105474.135412779,27597990.27423535 
 12/18  05:00:00,15248660.704526916,15262637.392233932,15275758.597791918,15293662.271770073,15320709.273084128,15434382.307002347,16421563.704874473,28164311.24230814 
 12/18  06:00:00,15540629.366732562,15575527.33760755,15590656.570287988,15608322.982061028,15635020.7288555,15749754.455961158,16756879.475673363,28863305.50289781 
 12/18  07:00:00,15710189.642608268,15761810.331596615,15779078.628137065,15796919.381731711,15823597.176207298,15939009.60892329,16955594.248663254,29193253.28604711 
 12/18  08:00:00,15884821.021386977,15951560.825771432,15970746.184503319,15988738.082913408,16015388.087931668,16131355.413819183,17156736.350687128,29530545.406548772 
 12/18  09:00:00,15967057.04247263,16047125.935083788,16068899.187691592,16087690.33288473,16114839.380795509,16231578.02269068,17260163.969161294,29634397.784032963 
 12/18  10:00:00,15101760.456844067,15162367.58390783,15192217.395922858,15218259.986561282,15251166.92194114,15369220.500096584,16341804.398276698,27553070.763076324 
 12/18  11:00:00,11925611.562504739,11851163.345246963,11885208.543944862,11922905.473816173,11965459.0583326,12078179.150247667,12841912.156731661,20200591.171534628 
 12/18  12:00:00,9475353.440087048,9230479.00870103,9237614.229089191,9263885.679823162,9296729.628108941,9384984.02062208,9911912.607760116,13750671.843737284 
 12/18  13:00:00,6991075.322490327,6592756.215399252,6582188.195958645,6603852.048290321,6632334.1132687,6700476.797502524,7023194.738503998,8435828.404193867 
 12/18  14:00:00,4240173.514538206,3730048.547316353,3715983.1629478387,3743648.719194217,3777054.134828769,3835821.072243263,4028232.497937087,4534477.639551359 
 12/18  15:00:00,2354694.8112283093,1804918.8756020144,1766007.1791452342,1791729.4845648664,1825660.904708513,1879459.0905913152,2043340.7003826522,2570278.6921832315 
 12/18  16:00:00,1808220.756919491,1185784.421747239,1115225.8508992658,1130773.2632470622,1158437.8978481982,1213024.6058197576,1435786.5701514091,2884671.104319052 
 12/18  17:00:00,4145977.98078956,3530340.821809849,3479474.5488161445,3490455.133945766,3514447.0530523444,3581076.8087177947,4008568.091488742,8473097.003789073 
 12/18  18:00:00,8861779.940963797,8402760.713583408,8351201.551648004,8356769.432151453,8376964.765166492,8461468.785462998,9150320.13277475,17793164.009316083 
 12/18  19:00:00,10266473.673147548,9868332.991446236,9821964.420771232,9827612.736720067,9847944.087979183,9938420.825291896,10701654.131345734,20282304.812733155 
 12/18  20:00:00,11508065.05287885,11172055.097775508,11131222.405812368,11136820.968088087,11157049.743168585,11252475.53740547,12079428.748768419,22450413.336608913 
 12/18  21:00:00,12553096.692696936,12276061.697469065,12240797.284571353,12246414.742559474,12266562.02085382,12365810.896834558,13240437.128253944,24159634.01608609 
 12/18  22:00:00,13236637.04688061,13012139.156157564,12982741.951710029,12988798.013658334,13009068.684491485,13111406.024559587,14022976.102112442,25336408.442611836 
 12/18  23:00:00,13808094.67618039,13633565.411181854,13610559.615244431,13617454.84133189,13638037.942766495,13743557.000784528,14694055.882058755,26492099.842577707 
 12/18  24:00:00,14346898.950650577,14219092.38962111,14204409.136543138,14214009.28410109,14236407.570710134,14345357.586079545,15316953.370118786,27243715.113694925 
 12/19  01:00:00,14808409.045161244,14721335.996648667,14713096.06905978,14724199.317489672,14747366.936931746,14858230.888808038,15848674.335109122,27956689.26582526 
 12/19  02:00:00,14913662.73227155,14852689.51720579,14847297.018909536,14857959.037920052,14880435.678353593,14991996.128233582,15995919.476940036,28195923.57475813 
 12/19  03:00:00,14863926.041939743,14824204.49888626,14823168.908335578,14835098.058364157,14858331.904485786,14970676.406638425,15972049.593483016,27976243.14445987 
 12/19  04:00:00,15066082.374433307,15052115.245597854,15056185.093184324,15069804.502478616,15094099.219033131,15207396.384902772,16210745.518400796,28208344.94408802 
 12/19  05:00:00,15093917.710610088,15098165.13581411,15108807.363894561,15125781.240752492,15152459.36429289,15266319.65389739,16241642.369750444,27591972.403184094 
 12/19  06:00:00,15300255.99394697,15323380.194509076,15336886.263513878,15354507.29329636,15381403.443563594,15495294.434787884,16479604.138555309,28028039.044229135 
 12/19  07:00:00,15671672.48485134,15718515.417259706,15733203.966167383,15749692.583827619,15775533.71376767,15890754.301978005,16909689.350463968,29171706.834581174 
 12/19  08:00:00,15869333.551674098,15933265.929952826,15950569.859997226,15967614.761078723,15993731.523650188,16109806.890745834,17137792.41262486,29526740.01045858 
 12/19  09:00:00,15900046.312843902,15978275.582916424,16002109.305538025,16022974.048451666,16051909.918656584,16169198.842090959,17175947.416268982,29052068.783278912 
 12/19  10:00:00,15080402.734956387,15141165.359507523,15174212.21676952,15203195.820192656,15238437.373645723,15355364.399298778,16278215.977773467,26505380.488100834 
 12/19  11:00:00,12598560.741522891,12562859.8490479,12602934.283346858,12643537.890192019,12688291.144867996,12802459.711548597,13564573.642412918,20881243.15631224 
 12/19  12:00:00,10417099.834646028,10275354.892587008,10320647.694969483,10371526.387965957,10424691.54847007,10532974.470151495,11113384.347750606,15571861.326148955 
 12/19  13:00:00,8905297.347569777,8675746.824684858,8725247.842320634,8787287.35378807,8849084.361306066,8954603.398802534,9411212.051840551,12213802.15525833 
 12/19  14:00:00,6142967.051153203,5760170.262486903,5801295.150551831,5868545.405987434,5935246.674509526,6032313.521213742,6350322.544732537,7648031.169503808 
 12/19  15:00:00,4687200.299003624,4262205.090664704,4326280.605910847,4418338.617014498,4506332.20701647,4619776.965352177,4953909.448480682,6629451.205992278 
 12/19  16:00:00,4687280.614085008,4281310.448532863,4375805.124510328,4495455.977761667,4607158.918637003,4747864.1517339,5197422.636888947,8546251.403637689 
 12/19  17:00:00,7250707.903897641,6889261.285986518,6958765.6872339,7052103.553106697,7141072.521848945,7275412.277671756,7886756.198761994,14010666.57608452 
 12/19  18:00:00,11993576.443697888,11712018.855193304,11708088.305455737,11739192.468202464,11779284.13623682,11886579.652259665,12670424.299576748,22316801.544503972 
 12/19  19:00:00,12964893.948222488,12738595.660698831,12737538.017223198,12766804.353137024,12805259.670734657,12915750.486463618,13758930.703429984,24206569.286244255 
 12/19  20:00:00,13063157.180765646,12874109.122957664,12876910.34145315,12905916.452339198,12943805.222268932,13055258.855410185,13910136.086388882,24229517.754178714 
 12/19  21:00:00,13471494.985118693,13321948.919438062,13327453.090458479,13355089.226096708,13391469.461890135,13503626.890473597,14385792.885240922,25013323.020673305 
 12/19  22:00:00,13624360.682435066,13501807.144112978,13506454.981910573,13530502.59184156,13563657.569291689,13675761.56695813,14591870.895262111,25724714.53119034 
 12/19  23:00:00,13149313.179136502,13035136.76213028,13039133.24918658,13060721.023742046,13091573.55938813,13202132.734286122,14109495.48434195,24858963.4251137 
 12/19  24:00:00,13190918.344293475,13093561.594921147,13101394.368499571,13124459.28550051,13156262.982403489,13266544.646073557,14153657.997526554,24364569.1622525 
 12/20  01:00:00,13395723.793842219,13322630.877198525,13334865.789180854,13359322.779330974,13391956.476171853,13502787.430536285,14390222.696186382,24569074.146691903 
 12/20  02:00:00,13364794.321274713,13304919.707635535,13318580.399414398,13342601.829242596,13374638.904655265,13485040.064556157,14370693.736898504,24457509.07612447 
 12/20  03:00:00,12956414.025880076,12893616.287288034,12907146.144184303,12930379.7388176,12961504.449667692,13069411.035432257,13925056.909218578,23446643.632112972 
 12/20  04:00:00,12556947.340941293,12485987.016128602,12497589.888787996,12519210.474459672,12548813.539743468,12653660.971343797,13483518.230597608,22558332.503333878 
 12/20  05:00:00,12403050.458385807,12331364.365625959,12342627.220530154,12363555.384022895,12392410.54528772,12495753.38623636,13314530.262467938,22245823.88269144 
 12/20  06:00:00,12309677.724647671,12238679.804284794,12250331.33023968,12271192.509573458,12299843.23885775,12402324.998155013,13212986.358602034,22039986.41804058 
 12/20  07:00:00,12442087.885802079,12381343.792703617,12391626.112662945,12411084.611104067,12438824.719581299,12539230.914602298,13332934.672142273,21972068.066778637 
 12/20  08:00:00,12294223.035701001,12233356.066499986,12242984.844851531,12261762.265018918,12288892.858425237,12387529.82367875,13165734.904264504,21599997.776954018 
 12/20  09:00:00,11828963.77695902,11754045.239425715,11765089.040583834,11784910.797671143,11812323.400297638,11910480.508970028,12682424.039845353,21017091.614884954 
 12/20  10:00:00,11486917.358936107,11412501.211962415,11429648.142630378,11453912.649701616,11484546.76905137,11584024.255718231,12339924.76991101,20392322.366443537 
 12/20  11:00:00,10869480.121580184,10796046.248247655,10823553.186933454,10855338.218254654,10891337.348214284,10992223.04448334,11711803.703276217,19126939.74186112 
 12/20  12:00:00,9857392.014477663,9772033.828400673,9810133.290129725,9850293.142407648,9892188.56922719,9993616.693507325,10661331.703326697,17210296.300909474 
 12/20  13:00:00,8830451.254518729,8742624.407772033,8800431.62063697,8855510.393830746,8908114.565133648,9013120.327222565,9622283.955736514,15177254.188682701 
 12/20  14:00:00,8492955.410818271,8397163.02990638,8461239.353920026,8521565.02765397,8577820.450701965,8683109.127833989,9265539.08359855,14488521.322190857 
 12/20  15:00:00,8203848.219534779,8109563.26975313,8187080.10844037,8257802.821423365,8321604.003162071,8430286.107674066,8991864.884504402,13949493.929790191 
 12/20  16:00:00,8239920.6150223,8129809.253696808,8205029.547978615,8275392.297545085,8339158.367057435,8449112.38956661,9038025.026717465,14600583.108532362 
 12/20  17:00:00,7787513.058237358,7666995.812253673,7762713.652038579,7851558.706261659,7930660.258276946,8055997.582676033,8692396.802255003,14952943.584499601 
 12/20  18:00:00,9847144.66291212,9653853.39879873,9660535.629083939,9684876.363246953,9715253.355202334,9805835.055438498,10477824.144336214,17874422.429000743 
 12/20  19:00:00,10368616.132878853,10191738.57567545,10198314.512781426,10221759.429215677,10251537.225946605,10343768.376314316,11045441.778635435,18903529.564783152 
 12/20  20:00:00,10738469.771308657,10574261.899176976,10579615.671559177,10601368.584442237,10629929.995592138,10722999.51604138,11448034.890278645,19653266.888627835 
 12/20  21:00:00,11108360.135580948,10957856.830269631,10962673.459908133,10983186.227448897,11010840.794969603,11104800.562694972,11850290.059696447,20336231.01483559 
 12/20  22:00:00,11559450.221035676,11427017.685490148,11432686.789119765,11452809.884499133,11480245.422177723,11575637.213955747,12341256.183045648,21101123.456867483 
 12/20  23:00:00,11785590.038594684,11667886.321628736,11675163.277116159,11695493.068419771,11723062.085432202,11819692.857469836,12598774.290979598,21515153.05357048 
 12/20  24:00:00,11675988.18203786,11564361.863911849,11573407.660327733,11594472.27261258,11622569.705110068,11719930.754276108,12496439.030333836,21237630.286203943 
 12/21  01:00:00,11512387.244380688,11399712.988612723,11409458.309536172,11430990.204941982,11459423.362707596,11556333.790788189,12318321.291589951,20722431.54811464 
 12/21  02:00:00,11389181.666130947,11271746.966657309,11279704.985956347,11299989.119187461,11327425.796243869,11422916.003395192,12174164.73251933,20372006.276073873 
 12/21  03:00:00,11340903.67832208,11223530.322275707,11231342.443921745,11251436.096569657,11278715.776992142,11373945.314446207,12122410.981293391,20271603.730843555 
 12/21  04:00:00,11383851.615887277,11270430.618212868,11277864.748918759,11297307.717677448,11324040.893047832,11419203.630015772,12175827.323711375,20515561.277494196 
 12/21  05:00:00,11383931.668341128,11274246.958801731,11281575.891784599,11300625.890180416,11327093.56809116,11422743.124105562,12186699.733823199,20624881.977944344 
 12/21  06:00:00,11335226.781487796,11229367.427559104,11238165.042619888,11258060.212856485,11285172.425439173,11381055.184540933,12139459.748373784,20454730.268745057 
 12/21  07:00:00,11241069.248304281,11135806.718355067,11144977.853910316,11165015.036418349,11192196.111890823,11287701.590641366,12039819.739175286,20249254.71740719 
 12/21  08:00:00,11126520.172056144,11022668.23585076,11034306.18459307,11056074.537385082,11084520.71258885,11180412.90912513,11922373.770217128,19919518.20825277 
 12/21  09:00:00,10993148.207396239,10889225.481221862,10903404.949883362,10927081.721831584,10956904.959293537,11052905.396274762,11782240.696694149,19565573.96698153 
 12/21  10:00:00,10751790.647365816,10644151.392707368,10660578.23964445,10686102.510721834,10717248.61171823,10813177.053474924,11526832.613906784,19050310.196741376 
 12/21  11:00:00,10206515.820737721,10092143.903988551,10115608.793609772,10146924.670871636,10182378.333964743,10279323.498411205,10959512.432513926,17885885.88197975 
 12/21  12:00:00,9628422.373328835,9499644.00572503,9528524.278800521,9565139.380309759,9604622.012592882,9701861.482525049,10343135.202486346,16611131.210145317 
 12/21  13:00:00,9248689.175473021,9100808.433205247,9127001.186234072,9162806.042049583,9201636.638890905,9296575.0864457,9916066.979283325,15914331.938520638 
 12/21  14:00:00,8954501.312414916,8787594.737654652,8809518.881821584,8843252.861245489,8880466.27542448,8972676.111814111,9575491.533903562,15402401.516534489 
 12/21  15:00:00,8757341.215590043,8575834.023240855,8594558.285914315,8626871.951910803,8663011.793908492,8753409.4301205,9346043.44031427,15097407.148350267 
 12/21  16:00:00,8541495.955634786,8348635.220975162,8365857.957133719,8397787.329435742,8433584.289185492,8522657.68584328,9103660.085019987,14731799.753859866 
 12/21  17:00:00,8376755.932539678,8170855.792111967,8185597.547961237,8216588.205605374,8251706.81031582,8339661.911346826,8916720.162226502,14563986.53977033 
 12/21  18:00:00,8623291.519820454,8403110.99902978,8404227.393316193,8425478.452917479,8453209.637992945,8536576.577263251,9131447.259626456,15214713.258520555 
 12/21  19:00:00,8677564.605673311,8454105.271415912,8454162.561545402,8475036.202037444,8502534.111791486,8585707.817292433,9182127.736081624,15310742.367255254 
 12/21  20:00:00,8649958.537449984,8422568.226539908,8421034.128628291,8440999.820200859,8467831.416980863,8550540.09261804,9147666.277821522,15283519.980936076 
 12/21  21:00:00,8474696.159951141,8237677.089415941,8233472.573223047,8251979.303087318,8277706.076058774,8359245.617630496,8951360.047443263,15007262.524711572 
 12/21  22:00:00,8170292.680455719,7922460.032918654,7916447.907629336,7934249.521810565,7959463.201716377,8039853.990509151,8619412.947436618,14467253.403836057 
 12/21  23:00:00,7806052.130614523,7541524.1568508465,7530851.555257273,7546240.677570722,7569743.555808248,7647748.273658859,8212018.609457233,13845196.433394205 
 12/21  24:00:00,7551185.411303958,7275082.401550906,7262540.752756737,7277361.304494495,7300497.076490086,7377135.823036989,7925467.18565809,13318000.174019074 
 12/22  01:00:00,7422267.05911307,7140810.978486307,7128964.60954183,7144746.618128175,7168568.06614411,7244765.175428115,7782186.185531258,13024187.74010318 
 12/22  02:00:00,7403638.144825916,7116016.384033456,7103004.911985862,7118440.054507976,7142032.445863635,7217654.126670569,7751202.7862504115,12973370.48287785 
 12/22  03:00:00,7443154.210704187,7152430.697400363,7138813.306401629,7154145.282221137,7177686.201535685,7253047.351957381,7785564.173631518,13030700.116496827 
 12/22  04:00:00,7522818.96458781,7230373.681816549,7216342.934640004,7231629.9236930795,7255165.349838807,7330526.448359749,7864890.314618535,13167719.81072475 
 12/22  05:00:00,7641558.138806704,7350120.054975898,7336085.954874196,7351476.8194145225,7375132.698077096,7450765.639576424,7988941.892017811,13367582.10721872 
 12/22  06:00:00,7658968.892025515,7367728.736902568,7353605.400265849,7368991.156388553,7392665.716205886,7468383.857364767,8007643.7198704,13397896.81847273 
 12/22  07:00:00,7630871.312306085,7337478.908294821,7322951.767984872,7338219.210281266,7361825.665511139,7437350.085985792,7974710.635793239,13341131.486838434 
 12/22  08:00:00,7665314.863345948,7370964.392595067,7356076.455849489,7371237.380179565,7394788.537289316,7470230.297760798,8008061.21090227,13400999.364795562 
 12/22  09:00:00,7773255.242628926,7476694.8599804025,7459335.18383132,7472879.090502381,7495293.881494377,7570312.1270846315,8115691.437617834,13657969.100375365 
 12/22  10:00:00,7684385.247403787,7395191.082475485,7382935.111069867,7399830.723519541,7424710.423485839,7501443.728659645,8040978.184100438,13425894.690225283 
 12/22  11:00:00,7247167.614924133,6965345.946586905,6967198.485550256,6994481.271171902,7027005.208676478,7107252.536332585,7614272.503893978,12378575.585992852 
 12/22  12:00:00,6682273.030651681,6381741.147607145,6387933.209357272,6420277.541057776,6456825.845222516,6537147.59767903,7001918.765178826,11087584.06814642 
 12/22  13:00:00,5747958.507263215,5416205.156376714,5430281.817100313,5471842.3132357495,5515774.780961956,5595324.710786452,5970059.589209927,8674701.579778766 
 12/22  14:00:00,5286878.4466248825,4934203.274389315,4949034.537094701,4993237.393952702,5039156.869689019,5116714.9375532,5455192.533263117,7750360.615273487 
 12/22  15:00:00,5762820.77013513,5407805.132444376,5410599.131253358,5445199.869863616,5483445.370471703,5558034.762093747,5950443.785767306,9286663.205309289 
 12/22  16:00:00,5550442.029531967,5208851.3616277445,5226388.058666176,5271521.786234958,5317646.673636671,5398723.845994899,5802704.674611487,9322392.702168148 
 12/22  17:00:00,4655617.004741794,4322037.418446698,4375021.305909505,4447048.197251717,4514693.615259092,4613416.232393237,5035752.373339401,8663277.525982354 
 12/22  18:00:00,6451829.909962926,6069671.242938064,6053847.607943988,6076892.592137644,6106968.267680989,6179810.660841262,6637993.449184405,11194996.843107771 
 12/22  19:00:00,6748720.569338814,6375650.551065572,6359176.629555085,6381144.528283544,6410445.175749627,6483954.029896676,6958548.330520822,11737431.79311904 
 12/22  20:00:00,7020451.28469489,6657180.197385103,6640084.189805987,6660925.143816658,6689403.733348646,6763487.254811004,7252784.481489974,12220426.186749436 
 12/22  21:00:00,7281874.439477043,6924239.385068135,6903616.640053865,6921337.961789303,6947535.26875743,7021386.318799596,7530109.258353768,12784492.100992171 
 12/22  22:00:00,7487111.7325669,7139140.651182103,7118397.778410704,7135312.672605115,7160928.567792991,7235582.430086613,7757582.1982945455,13154721.429957528 
 12/22  23:00:00,7646139.893829662,7311013.0940445755,7293083.353283998,7311158.659363454,7337575.9351592045,7413393.5218696585,7941261.728493411,13378842.805316735 
 12/22  24:00:00,7869613.0733885355,7541200.198609659,7520973.139654605,7536745.263919577,7561469.515614211,7637217.128318988,8181024.133655245,13856028.402399877 
 12/23  01:00:00,8064711.822457265,7747637.285890124,7728343.439516734,7743962.847327405,7768572.536887213,7845343.872480167,8400762.75588457,14196920.708695464 
 12/23  02:00:00,8248034.874312371,7944947.578630004,7929263.357083443,7946543.116103714,7972307.522591774,8050563.106909234,8613108.388983708,14476954.858245727 
 12/23  03:00:00,8466241.22160371,8173647.060595142,8158928.610589009,8176097.650730399,8201733.8153491905,8280906.381784437,8856344.268964974,14897435.978291709 
 12/23  04:00:00,8644758.340369452,8361227.3433532575,8347093.0121096475,8363924.177670313,8389265.964926878,8469233.350053629,9056735.006339068,15251042.385048207 
 12/23  05:00:00,8764434.45255015,8488735.954458248,8475162.903315393,8491711.431069745,8516804.284554847,8597385.360511526,9193662.761079796,15486156.016103266 
 12/23  06:00:00,8854476.084136575,8585414.082680257,8572256.05472005,8588484.251503387,8613295.818138367,8694324.099020554,9297705.337014943,15667651.662408669 
 12/23  07:00:00,8904002.132725189,8640323.270667939,8627527.885457784,8643493.746521264,8668070.322383314,8749438.972878246,9357961.32567754,15774712.818438686 
 12/23  08:00:00,8957537.457349213,8697153.798209183,8683794.171716992,8698852.348122805,8722675.739580363,8803962.359266298,9417903.511979546,15901326.35797429 
 12/23  09:00:00,9021624.684662368,8763239.699733216,8748686.949638577,8762411.760331055,8785141.258790798,8866110.063787976,9485190.720268138,16024441.585470818 
 12/23  10:00:00,8860977.281538183,8598991.717482913,8584596.61404856,8598352.086259123,8621043.072664225,8701168.932842351,9302944.310307048,15499635.35229196 
 12/23  11:00:00,8158843.91001883,7879798.276917405,7870190.901275147,7888824.282287072,7915328.728681412,7994630.700042085,8538527.405352322,13722795.274370179 
 12/23  12:00:00,7125602.685746925,6830086.178915383,6836622.774573971,6869752.460944589,6907673.362236041,6989963.65850562,7449699.000121683,11227414.342989739 
 12/23  13:00:00,5889168.525607363,5598348.488161492,5641349.285355618,5703708.486823142,5763900.431612344,5856008.142347458,6224273.055699898,8570405.162171377 
 12/23  14:00:00,4480737.791328824,4161974.785914136,4232325.702780284,4319734.326327679,4399625.740141217,4498100.791017723,4778759.913950783,6007345.728743548 
 12/23  15:00:00,3993364.2013618397,3628913.854395137,3693528.3839912442,3780284.2998234592,3860051.2508309027,3957777.86654633,4223100.402610414,5439268.788989499 
 12/23  16:00:00,4157399.145321524,3767494.0793999415,3822934.7971454277,3906516.733062881,3982213.3097810065,4081014.4773121183,4395644.398399283,6528798.082254354 
 12/23  17:00:00,5182265.3590625385,4773932.666556695,4806880.171617578,4874105.590280045,4940350.476728398,5038226.302058528,5454959.762602167,9201124.00482561 
 12/23  18:00:00,7242745.8002018565,6850177.094732686,6841740.699142386,6874207.506358925,6912705.720449939,6994185.391885845,7488796.5584424315,12750129.863284249 
 12/23  19:00:00,7875286.085968014,7505433.870014561,7496482.346452617,7526976.197448259,7563958.528880527,7647043.400018779,8176206.02865953,13881082.49426404 
 12/23  20:00:00,8260171.196009135,7910802.119673561,7901497.974318724,7930057.931234166,7965493.40411159,8049433.62359952,8602484.278403763,14581092.26879761 
 12/23  21:00:00,8423313.186238125,8087903.960603203,8077365.870945014,8103604.066454843,8137152.912435578,8221110.546481266,8789591.415563459,14913401.157326087 
 12/23  22:00:00,8551531.201450024,8229078.7683866825,8217799.082877047,8242158.403597567,8274162.918467534,8358143.171728464,8938722.328382388,15161485.042394238 
 12/23  23:00:00,8622543.720262827,8312465.519560743,8301286.357900933,8324488.014100261,8355503.562079399,8439634.549775317,9028569.870973738,15297508.732991463 
 12/23  24:00:00,8698149.153994229,8396644.768052462,8382669.569116212,8402552.42268337,8430901.445350042,8514338.641583832,9120467.937936869,15638008.0605972 
 12/24  01:00:00,8817323.427604342,8524140.072796032,8507913.850569408,8525014.982457737,8551165.011777002,8634503.102555353,9258402.048100363,16025552.027471846 
 12/24  02:00:00,9001637.8774446,8720383.020321915,8704365.258189643,8720443.344289783,8745720.273086682,8829539.449657932,9466290.496097025,16383125.105393065 
 12/24  03:00:00,9165273.06581188,8895642.512485914,8880382.522666322,8896002.054766823,8920895.026728226,9005430.561171003,9651874.884198578,16654028.346855639 
 12/24  04:00:00,9472502.227525178,9217106.640146226,9201485.704548456,9215649.225444982,9239416.56402042,9324480.06480008,9989179.139384018,17265543.610336617 
 12/24  05:00:00,9880163.565966204,9640095.084513035,9623106.454071917,9634977.908047851,9656989.393984718,9742879.148546552,10435595.301859003,18163512.481448103 
 12/24  06:00:00,10303997.522819802,10080879.240678368,10062768.990228476,10072304.9527401,10092506.414925221,10179372.948373092,10904855.010209933,19162153.326369233 
 12/24  07:00:00,10950273.859688936,10754357.06779486,10738371.530397087,10747449.56041361,10767170.980990238,10856855.64728734,11627567.338097349,20611132.26664132 
 12/24  08:00:00,11632152.132447891,11466547.302451482,11454896.195796365,11465179.499565512,11485772.88062351,11579009.649102531,12384900.737104889,21864386.176254615 
 12/24  09:00:00,12027684.571643148,11886174.688737549,11879250.659638012,11891476.094231218,11913591.08379438,12009370.916203193,12828225.806438232,22372920.539809093 
 12/24  10:00:00,11683290.047227483,11550848.68615187,11553286.187706849,11571916.164758526,11598974.124908162,11697201.715671506,12485028.529471267,21296679.615381535 
 12/24  11:00:00,9376293.291559516,9177018.039761793,9193982.205383502,9228685.442445586,9268671.897608919,9366902.345300745,9995875.773141157,15883937.168050015 
 12/24  12:00:00,6205353.253434481,5858167.143424075,5869365.219678769,5909653.013472524,5954351.150548967,6039961.610933642,6437395.442813234,8865330.432586659 
 12/24  13:00:00,4061141.8586227056,3621616.355522766,3629346.6003295965,3674120.18097117,3722338.101719429,3797357.9742869237,4037775.045799824,4803606.250949425 
 12/24  14:00:00,1677412.5669170725,1184528.838122956,1193806.2701793246,1247942.2648901131,1301584.333029845,1367061.0763271367,1484207.0945678598,1445595.587805624 
 12/24  15:00:00,674235.7798634416,135156.98423904832,108817.1601703798,144182.19249810063,185848.959741804,245635.72370258044,360511.58003599127,395876.7963691833 
 12/24  16:00:00,1079210.25938074,466595.32459969487,431699.7929441379,449962.5632662908,476854.1162062218,515584.11661104334,672484.8819129373,1619140.642074602 
 12/24  17:00:00,1659678.095692114,1011414.4847025775,952821.2630577995,958345.8759594318,976598.4836121104,1025067.4531520971,1310361.8231386617,4373056.705208066 
 12/24  18:00:00,5663511.479267849,5083458.114482173,5018913.653149771,5027290.921681433,5050877.695871722,5123148.399070846,5632385.841892613,11609706.645496186 
 12/24  19:00:00,6759276.719264798,6211385.877654242,6144050.488959035,6148101.137609319,6168633.605233148,6243434.124092725,6805039.433579791,13375796.184091764 
 12/24  20:00:00,7892444.689638887,7388726.932488559,7322460.900776168,7323981.520235993,7342575.784602078,7420620.956665841,8040147.927461496,15341132.019282538 
 12/24  21:00:00,9021395.921338383,8572286.32933813,8510240.362892868,8510627.606606474,8528145.16464386,8610695.464621719,9299512.676229933,17572290.149717607 
 12/24  22:00:00,9882722.29250041,9487477.531871468,9431726.238492103,9432398.634185158,9449807.774341434,9536752.447038999,10282095.012582041,19298983.75592532 
 12/24  23:00:00,10710755.98333478,10369996.692539753,10321474.686582448,10323108.819703562,10340887.978882201,10432128.789361168,11228465.014231523,20896131.82914887 
 12/24  24:00:00,11575398.31220129,11289379.058315957,11248419.579164235,11251324.987639263,11269724.203013968,11365265.322868507,12211323.559032386,22542885.732377175 
 12/25  01:00:00,12292596.484955473,12056927.955739273,12022958.56833649,12026937.9246343,12045795.645003466,12144987.493462816,13033306.462958222,23912717.296332758 
 12/25  02:00:00,12874467.437086778,12684459.09429888,12656980.05457284,12661939.93621919,12681177.239846576,12783520.840512231,13708064.178434242,25045641.825517833 
 12/25  03:00:00,13262314.730396809,13111464.155651674,13090103.468834087,13096177.536132995,13115895.143916804,13220947.537433956,14174932.133134844,25872291.38016632 
 12/25  04:00:00,13596835.590912165,13480154.372100119,13463981.551448312,13470852.900869116,13490837.152929284,13598075.605508994,14576032.81889213,26547102.093039155 
 12/25  05:00:00,13856156.627600864,13768309.444319133,13756288.78182145,13763583.380972508,13783593.089894984,13892365.111796044,14887676.259314122,27039961.353770867 
 12/25  06:00:00,13785966.85543897,13716942.831685528,13708377.691831304,13716118.7289363,13736173.241157029,13845464.976806106,14839699.318965727,26804342.654087774 
 12/25  07:00:00,13705529.27129534,13647469.425614396,13640992.179129686,13648866.131553402,13668767.938431256,13777682.396669274,14765647.553401517,26535456.979587592 
 12/25  08:00:00,13833724.549552014,13791392.055344285,13787283.769473113,13795322.617591258,13815136.908717034,13924330.199866803,14915446.44737474,26701506.1763156 
 12/25  09:00:00,13948016.411339993,13921379.780803163,13919693.28504646,13927968.463993683,13947737.60352268,14057481.294896526,15057135.24940307,26970249.11279926 
 12/25  10:00:00,13304378.234806161,13268314.087999335,13278331.22636529,13295989.106909286,13323116.43755,13435664.716884298,14381363.571552541,25161275.76043465 
 12/25  11:00:00,10048931.150079668,9879641.321934253,9898992.092655059,9932673.4521945,9972779.919668553,10080264.09722608,10788564.591482956,17301285.442312554 
 12/25  12:00:00,6787828.6545820795,6454383.689835845,6471529.707545161,6514149.5438617,6561190.622549478,6655575.828479136,7104375.989518311,9721627.891276877 
 12/25  13:00:00,4320674.845183764,3897681.8684006883,3918393.988790289,3971638.3495658925,4026843.688990288,4110554.7338669887,4363910.020650273,5051740.4645002065 
 12/25  14:00:00,2125714.0891550733,1646540.0543815764,1663352.574751091,1721819.4180146616,1781887.7104243613,1856165.24309948,2009942.0790853053,2167423.245461262 
 12/25  15:00:00,771442.606439328,282789.0050947317,270705.41700298927,307925.61692651076,348047.1092956505,397544.6078287874,525738.671182208,797480.459827553 
 12/25  16:00:00,111362.26203341504,0.0,0.0,0.0,0.0,0.0,0.0,722623.5577026485 
 12/25  17:00:00,2557261.841903502,1858174.265919156,1800837.7691701623,1841303.1226383974,1897774.4518817796,1993393.7256321255,2388570.477689602,5982661.63195264 
 12/25  18:00:00,7234394.206229451,6644571.328654919,6571511.959006345,6578401.344032448,6604248.594128904,6689263.264710597,7285973.48625909,14338623.433102991 
 12/25  19:00:00,8666345.197184162,8136808.517032217,8068986.679915258,8075733.15520568,8101356.448915312,8191936.218692342,8863192.589153774,16881083.72650026 
 12/25  20:00:00,9744337.583984854,9284598.288027236,9226474.403840622,9234909.217003955,9261188.474883242,9357711.120030558,10106543.730097653,19199193.473897252 
 12/25  21:00:00,10488491.05087088,10095417.029974153,10048664.255408347,10060154.486194458,10088193.17270268,10191049.492517592,11007614.239713062,21001675.634871952 
 12/25  22:00:00,11229066.139014926,10890309.133633144,10848730.797756681,10859123.54946897,10885716.506203257,10990796.391871199,11850516.303339103,22342037.20532809 
 12/25  23:00:00,12034614.771721045,11746793.34287063,11708464.092149504,11716508.32049944,11740716.010954713,11846300.512353407,12735555.747108819,23529171.918743525 
 12/25  24:00:00,13142843.769165708,12916044.276613142,12884165.99662109,12892092.266854482,12915692.332907993,13023685.864297848,13952509.627996057,25269856.191202864 
 12/26  01:00:00,13983555.341246605,13814933.075677756,13791104.78284313,13800220.394036248,13824213.571808543,13935005.70341759,14900854.634310259,26733188.87705205 
 12/26  02:00:00,14385993.80622297,14261936.523964355,14244164.055921972,14253591.452307163,14277201.32395514,14389635.635698926,15384069.810170768,27591358.936723698 
 12/26  03:00:00,14726388.201924691,14641545.944595555,14630179.91224401,14640691.491871497,14664582.448303625,14778766.850113863,15793845.299964346,28227596.0973069 
 12/26  04:00:00,14929202.526398957,14875914.87926834,14869695.653082106,14880916.083868522,14904822.651785064,15019932.536526438,16047689.205680916,28593538.548416913 
 12/26  05:00:00,15195373.20004708,15171253.759735927,15169544.573614392,15181256.242642319,15205073.259791343,15320988.4957366,16360869.626752276,29026954.217520233 
 12/26  06:00:00,15663777.733033488,15671590.72937398,15673921.34495702,15685796.722827842,15709315.407827081,15826310.257661905,16888214.65018416,29905749.43444254 
 12/26  07:00:00,15872429.238102566,15904649.743400985,15910672.66186598,15922991.423904791,15946537.576538872,16064494.484601863,17137030.514335807,30252093.69469309 
 12/26  08:00:00,15928472.59647016,15976770.642662587,15986499.97537096,16000001.471630866,16024212.184029434,16142445.948584504,17209126.341271557,30108712.90381063 
 12/26  09:00:00,15942085.334056508,16003873.472605636,16016697.584769038,16030986.670340272,16055499.427902479,16173437.004082445,17231337.297183245,29946685.65481542 
 12/26  10:00:00,15152956.62036581,15192932.048241636,15209881.049192084,15227899.432967884,15255147.195895847,15371486.332527742,16368405.860322278,27892310.586169858 
 12/26  11:00:00,11821897.528343253,11722919.609405505,11742946.797401372,11771405.407609843,11806986.20309546,11915115.558708042,12678568.945763348,19951419.12421831 
 12/26  12:00:00,8794014.115818996,8558793.318363097,8582261.165561184,8623088.32958927,8668600.40119605,8766813.707248814,9276792.527652387,12619299.665468467 
 12/26  13:00:00,6286129.757502673,5931945.659386885,5956268.492062553,6006910.058273634,6060201.519775266,6148853.261549025,6467817.592975036,7589617.79217954 
 12/26  14:00:00,3869335.2678442593,3386822.7169212205,3392398.9583566906,3436514.198787812,3484104.8914638017,3555154.339972216,3742294.5570337437,4147544.0730197267 
 12/26  15:00:00,1953933.292279666,1390989.374883288,1347681.236590787,1373897.2124270499,1408604.0765781407,1462861.204609972,1614722.5142331722,1999452.940153348 
 12/26  16:00:00,1288197.7799696238,642430.5815822459,575560.2627705797,598365.7538040716,632319.431357288,690498.138845712,902304.8290514955,2102522.1089737723 
 12/26  17:00:00,3439314.8218988148,2839603.5492347935,2803928.621713274,2830685.692605273,2873101.7069964176,2952728.7240540422,3349204.85783244,7311318.909437132 
 12/26  18:00:00,7976458.717316082,7481869.160741851,7425222.846417192,7429672.095729669,7448868.040758799,7528183.302681716,8161465.154056642,15929439.558901206 
 12/26  19:00:00,9694881.943601709,9273559.485169398,9226972.33234577,9234779.075677995,9256740.05146999,9345743.198563728,10078042.30711431,19229256.398092765 
 12/26  20:00:00,11233469.128776597,10882594.975259716,10843225.407601673,10851856.672372805,10874439.014307749,10969972.814375307,11781706.210194131,22008867.25906165 
 12/26  21:00:00,12441650.589847993,12155620.756546771,12122241.830193996,12130742.519106645,12153100.374853604,12253243.041396685,13125364.799795626,24114483.752246164 
 12/26  22:00:00,13000203.286540724,12764576.850757446,12738189.127082279,12748007.346260035,12771151.84380984,12874580.892604942,13774126.412814464,24905943.87488385 
 12/26  23:00:00,13200572.505058307,13002600.09578833,12983971.998466598,12996367.350767167,13021154.986432258,13126019.185871636,14013990.924772147,24584704.466068648 
 12/26  24:00:00,13760765.873157062,13605583.16748732,13594558.990879146,13609497.020760098,13635945.819074044,13742156.623118818,14631670.962015912,25065442.184671715 
 12/27  01:00:00,14472361.516355546,14364948.746120252,14359740.460096441,14375429.112585396,14402174.252997253,14511154.664917877,15440954.644860933,26548633.319312595 
 12/27  02:00:00,14894002.433484973,14821658.291689795,14818996.231112676,14833404.34972352,14858812.825962627,14969026.10517456,15930809.975872375,27558049.877479833 
 12/27  03:00:00,14989071.838703314,14942124.236236276,14943542.411547137,14958548.328098532,14984109.295240304,15094781.836136857,16053640.024176838,27458641.020077925 
 12/27  04:00:00,15062063.639015583,15036373.949062256,15042457.571611077,15059097.204130016,15085662.871871235,15196569.79540922,16147952.473416597,27342058.23793095 
 12/27  05:00:00,15338411.130248692,15340390.803394351,15350318.365407385,15367572.700819727,15394363.889066769,15506691.497512072,16480691.202540651,28080039.290269908 
 12/27  06:00:00,15602948.901935786,15631399.798767809,15645362.316211626,15663528.382601822,15690843.148173785,15805095.195425157,16801252.424300924,28782595.37097849 
 12/27  07:00:00,15703425.248682266,15751147.977268893,15768043.514254402,15786678.67694118,15814143.350068428,15929194.753538735,16935391.560834154,29057620.01467092 
 12/27  08:00:00,15687207.372189272,15746037.3596692,15763508.285020359,15781212.983529348,15807740.583230453,15922644.834731199,16937245.98801496,29183454.629083946 
 12/27  09:00:00,15581261.139187027,15646628.86196514,15664872.883166146,15682124.883629354,15708121.484856753,15822922.198359773,16839159.357833933,29056480.81280345 
 12/27  10:00:00,14680425.182635624,14731958.378878415,14763867.400847211,14792582.714194123,14827696.137107583,14946518.50294824,15906640.957199223,26914547.049280457 
 12/27  11:00:00,11320864.416310096,11280302.860336605,11352649.946997121,11420804.24361226,11488133.408948155,11621109.25618641,12394757.601621509,19684071.837261353 
 12/27  12:00:00,8384430.7651266055,8239675.3108839,8341955.078978644,8443160.227814376,8537462.411685186,8678481.58700031,9259701.217974689,13273967.955116786 
 12/27  13:00:00,5629711.335181173,5408715.681026365,5538094.8381120395,5668839.7877526395,5786912.024461636,5932611.460272937,6337148.717688121,7989070.058323549 
 12/27  14:00:00,2926783.458427111,2670288.6938623157,2832375.0019089086,2995425.9104559384,3139397.236143553,3297109.9535670597,3614038.3791399403,4480130.804035135 
 12/27  15:00:00,1049285.6787882121,833886.6795954834,1024399.623528641,1214760.3179826185,1376857.2987233535,1541244.3636959593,1853723.619068743,2875896.4302010336 
 12/27  16:00:00,434730.6304779748,217912.24610465724,420263.45846130716,625402.970043986,795256.4870654386,963440.3848092043,1315784.5178984283,3165123.0842003566 
 12/27  17:00:00,2170155.582103305,1857410.903413617,2004516.8560170191,2160217.726326038,2294985.385662889,2451955.6542218532,2887724.4906302816,6203898.7708811425 
 12/27  18:00:00,5523264.309678259,5005988.898218914,4989572.2830011295,5031287.424028502,5081679.2069937335,5178085.829117442,5686546.740593515,10754908.823508251 
 12/27  19:00:00,6282132.423301378,5785490.924850773,5763217.806127258,5798562.385773036,5843742.647037008,5938088.102831129,6476377.294633145,11997216.348801374 
 12/27  20:00:00,6687895.556666346,6207009.506668061,6178292.253258206,6206885.945409252,6246614.661144129,6338116.692376638,6893744.039261494,12642751.097210601 
 12/27  21:00:00,6935465.856232039,6468494.847746311,6433822.767434399,6456040.715464482,6490577.923724164,6579013.023713963,7146043.862496965,13031822.088627761 
 12/27  22:00:00,7130345.414790619,6676596.707326385,6637115.728642756,6653889.136203636,6683951.564740313,6769665.760372523,7345446.461253056,13335491.959421394 
 12/27  23:00:00,7345706.298465669,6906711.591079734,6863486.121898739,6875532.152804667,6901662.966875605,6985058.4479009155,7570316.882993242,13685378.110736495 
 12/27  24:00:00,7507337.354203315,7081298.808066602,7034834.977818468,7042676.5555128,7065290.410984657,7146651.783004434,7740590.379128426,13978941.758624893 
 12/28  01:00:00,7720898.522389786,7312713.377101935,7265841.723059081,7271333.7183299195,7291794.319524727,7372158.289606263,7975362.384979057,14331049.093681654 
 12/28  02:00:00,8036628.153986832,7653220.760297467,7609799.237791744,7615540.044926369,7635779.9651361,7716673.43600429,8330711.903022387,14821314.174870316 
 12/28  03:00:00,8374437.844728977,8016547.745103529,7977442.606423337,7984125.387501566,8004695.902847973,8086553.34780381,8711757.828303374,15342938.85605225 
 12/28  04:00:00,8732058.69540251,8394852.133121867,8356924.150880557,8362519.36365669,8381974.095328589,8464035.005880484,9105792.537050517,15994561.801685814 
 12/28  05:00:00,8999923.744707968,8678751.25172027,8640852.113483185,8644798.78484083,8662774.144628901,8744771.126223791,9401387.43364757,16526496.840076594 
 12/28  06:00:00,9208950.542749783,8905214.475834789,8869452.58862764,8873321.101094816,8890988.150729394,8973458.76952645,9639711.63935641,16881188.783812337 
 12/28  07:00:00,9382866.738984596,9093825.887341537,9059389.890884858,9062771.54145319,9079849.893863467,9162475.566483617,9837334.023030866,17194144.75310094 
 12/28  08:00:00,9511585.439954946,9236886.417439967,9204791.344865538,9208574.929450165,9225760.652353201,9308949.057008237,9989457.678108638,17382830.658730246 
 12/28  09:00:00,9311012.39694794,9059129.259139523,9039494.275151242,9050557.181975098,9072772.160437511,9158469.499464061,9816368.365574643,16712725.597209278 
 12/28  10:00:00,8807719.12883132,8575348.374140432,8573748.940494737,8596715.339496003,8627335.28256279,8716532.590540996,9336061.675901374,15488356.933590759 
 12/28  11:00:00,7742207.809638699,7527891.262178502,7556923.833743406,7601671.9394776635,7648028.138081521,7743997.103318377,8295045.508209159,13210680.754848234 
 12/28  12:00:00,6128276.487693399,5908961.981146705,5970291.406695657,6040424.040787902,6105566.109810386,6208323.468916966,6661597.539611853,9984316.741482703 
 12/28  13:00:00,4544113.360910428,4292249.090915402,4372311.766660307,4460155.071031985,4538720.7990831155,4643759.914697999,5000204.823385382,6983967.840574214 
 12/28  14:00:00,3912350.7927190447,3631569.852906013,3710098.7729714485,3798700.501118807,3877355.9821719597,3978381.503128687,4298445.555717686,6011104.430374639 
 12/28  15:00:00,2820366.2426338717,2540936.3006134997,2656794.195061681,2775204.435834965,2873727.0656031165,2985664.5949371755,3261372.146560744,4475105.543371479 
 12/28  16:00:00,2305302.3874214645,2051778.5942747202,2212700.6153219,2366696.310950865,2495036.319587138,2630443.2374222777,2949044.5602511805,4642041.98668958 
 12/28  17:00:00,2945729.1463637576,2646136.2928014104,2778791.935112845,2913069.647385375,3023681.1225147364,3150272.7143964735,3549785.255983145,6481987.49666888 
 12/28  18:00:00,5416565.0046028765,4981450.282764008,4988931.639397097,5037696.428148974,5089111.198336502,5175335.712427518,5596638.041386653,9602541.681541124 
 12/28  19:00:00,5752310.235742254,5323346.188305418,5324798.111911144,5368204.262125207,5415164.195478392,5499347.2436741525,5937428.743516023,10160107.474684075 
 12/28  20:00:00,5836782.883299539,5409749.632554975,5405399.892144255,5443957.231889477,5487167.060963536,5569111.070962455,6013402.587173013,10295337.81542075 
 12/28  21:00:00,5979807.117744803,5544697.806080413,5527583.055779393,5556594.946112062,5592661.522277217,5670408.721987475,6130779.287592919,10691629.161643036 
 12/28  22:00:00,6192161.605343103,5749723.713647023,5719448.239379334,5738537.493742772,5767265.557079003,5841332.883366067,6323738.133442927,11257875.71035502 
 12/28  23:00:00,6198065.553435442,5762776.660385776,5730163.594393108,5746548.995278281,5773151.698039379,5846334.495286816,6331914.559675122,11221673.726369498 
 12/28  24:00:00,6132391.868108643,5702589.230418765,5670005.332245186,5685670.798343521,5711560.078841734,5783901.943178081,6264055.313239673,11024020.891076745 
 12/29  01:00:00,6113065.837747363,5688891.863707063,5655645.426496518,5670039.153836571,5694843.8335728,5766437.902066951,6244460.3194803,10922034.621864764 
 12/29  02:00:00,6136636.148380503,5722409.2790950425,5691923.950674195,5707472.692427401,5732972.808650904,5804853.776506887,6278363.737487469,10837279.286148742 
 12/29  03:00:00,6168468.322162897,5761266.53756993,5732523.309279795,5748647.146360426,5774409.579561715,5846251.427583202,6316829.008493885,10829391.660316214 
 12/29  04:00:00,6150028.67818914,5745171.234827162,5715522.732308813,5730474.320098562,5755232.123479951,5826254.240740609,6295811.298523905,10788040.115682118 
 12/29  05:00:00,6238349.067987113,5836863.833890691,5806737.394381517,5820850.289551178,5844869.740055039,5915368.001439982,6386264.8985288665,10919497.174043301 
 12/29  06:00:00,6532359.191731801,6133193.713595327,6098430.562185975,6108712.2805437585,6129872.984093776,6199546.6013379255,6691423.898367029,11599266.854061196 
 12/29  07:00:00,6894409.460364553,6502155.641024945,6463884.162743709,6470824.100342028,6489509.3232037,6559223.442038264,7075980.546094221,12397079.110291248 
 12/29  08:00:00,7208735.742246807,6830040.149880504,6792865.890746273,6799581.146684455,6818063.291560542,6888963.715412939,7422549.829247888,12974590.953932391 
 12/29  09:00:00,7368963.793066453,7005504.401504498,6972295.2147410745,6980855.119556608,7000644.32544917,7073329.730763001,7613633.0831892565,13177256.208369315 
 12/29  10:00:00,7310329.150779489,6968526.134469912,6948119.265191468,6964803.713870653,6990521.7201289,7066981.471176642,7593780.777806356,12824926.696049666 
 12/29  11:00:00,6272953.617466446,5959102.7663126,5978991.306903101,6025219.021080913,6073051.7146472875,6161299.458708225,6617464.235944728,10499253.696387483 
 12/29  12:00:00,4370475.972235377,4035532.982976972,4091252.9170398503,4171835.2622527042,4246414.478743929,4346568.886589299,4676685.929070731,6529104.266515318 
 12/29  13:00:00,3878958.7998178685,3514202.5085123815,3565880.213895328,3642880.2113908166,3714857.318732491,3806932.8095737705,4075355.721035377,5281868.53203019 
 12/29  14:00:00,3268329.4075644477,2864898.8135735244,2909097.6294138264,2984411.66003476,3055028.7444029897,3140152.075951793,3352731.7871339596,4073949.753478771 
 12/29  15:00:00,2512766.2801050665,2067023.6664355719,2115367.9906740813,2197986.96523938,2274031.3310378524,2360728.9284829167,2546474.997482928,3103594.6589366496 
 12/29  16:00:00,2199530.649851475,1711369.8396051754,1754671.02900036,1837448.7627169876,1915974.1436915994,2007626.791939042,2241803.0332628977,3543364.060794551 
 12/29  17:00:00,2801676.837987706,2277276.7593071563,2294308.8766092625,2367396.5776592903,2436799.6956558474,2528530.0768711725,2853146.9423496258,5538773.131237753 
 12/29  18:00:00,5208153.583688084,4686898.730284774,4654769.4080433585,4679647.469431356,4713852.469813084,4785185.040194269,5195842.942306038,9494901.481774442 
 12/29  19:00:00,5727907.40906743,5222455.865511445,5186572.245904897,5208118.693815893,5239603.678739179,5311991.712129019,5760561.3121305695,10539836.70186643 
 12/29  20:00:00,6213005.5359352995,5730635.512421872,5695552.810872266,5715918.207313649,5746430.436964678,5820426.172337067,6293969.631444875,11315490.631359786 
 12/29  21:00:00,6777793.553202128,6323018.896334711,6290055.460914192,6309960.184346147,6340011.887651486,6415855.959487309,6915339.546108252,12216264.57044535 
 12/29  22:00:00,7176889.3693212,6748987.125528234,6719596.414265997,6740020.163111222,6770299.74954728,6848096.105972139,7365029.982237365,12796520.79269222 
 12/29  23:00:00,7416910.838497198,7010196.117344237,6983413.4031002745,7003900.508862948,7034001.406876109,7112592.253077523,7639300.213983273,13126149.62418231 
 12/29  24:00:00,7726088.511030894,7337706.260185145,7309727.199396097,7327468.09712575,7355314.050172646,7434161.506122945,7986157.555707083,13832036.927955545 
 12/30  01:00:00,8170621.782211233,7804604.562144342,7776672.677150333,7792440.300365619,7818669.889761779,7898636.16496817,8479476.239547241,14734337.351270124 
 12/30  02:00:00,8813468.464208104,8473159.181252439,8443736.19227424,8456096.588754535,8479604.572391996,8560918.067246206,9189319.525772184,16196702.232822634 
 12/30  03:00:00,9418522.346449155,9106980.06218645,9075952.213577973,9084388.61609985,9104713.811083583,9188077.307558162,9877979.020985536,17892315.59041843 
 12/30  04:00:00,9854481.673983427,9572294.550477806,9544279.421384053,9552441.47352123,9572397.325718274,9658840.584218703,10389905.771760691,18974639.824339382 
 12/30  05:00:00,10068469.157897037,9808335.180519093,9783690.021198895,9792411.993949568,9812662.856481235,9901119.517412433,10648664.437160775,19324927.724781733 
 12/30  06:00:00,10440616.241364278,10203406.284100294,10180720.60048567,10188932.473340368,10208672.405720804,10298738.047906406,11070271.531765414,20038702.506615527 
 12/30  07:00:00,11056049.578239877,10848565.786984041,10828222.746544883,10835892.41738323,10855150.414279513,10947750.083476475,11756643.660150938,21283522.749118384 
 12/30  08:00:00,11612243.315307911,11433805.403550807,11416965.132425657,11425040.928735793,11444526.240632817,11539739.20144552,12378083.218118317,22302591.51339328 
 12/30  09:00:00,11988077.590788871,11833977.83489718,11820707.622539772,11829552.759727959,11849554.671525637,11946850.43979858,12802398.509398514,22882719.040955033 
 12/30  10:00:00,11661943.663982205,11512963.53318123,11508190.853295943,11522911.174443472,11547497.568355247,11646995.76292824,12471079.154839829,21800325.52558938 
 12/30  11:00:00,9222863.03921544,8994412.417476878,9004010.21472124,9035349.679736044,9073400.817344915,9172436.610503696,9819470.657921365,15873261.059550755 
 12/30  12:00:00,6384313.999729525,6018468.502255791,6021903.877486215,6057443.624648347,6098831.626136238,6184543.725889947,6607727.211847723,9291028.76810951 
 12/30  13:00:00,4400614.240348973,3950287.713945555,3952383.5963788712,3993594.0442663487,4039291.461657261,4114082.1741161067,4366419.112368684,5183333.879405595 
 12/30  14:00:00,2113598.7660608995,1629923.7272456419,1647839.7786798729,1707637.2978626038,1768773.7633124285,1842833.97053269,1967120.1714342094,1886165.197341418 
 12/30  15:00:00,239210.61331629753,48169.5974544331,49840.660699352164,68010.68171002844,94639.2925821172,122545.46152712576,155707.5109147991,9690.770659511327 
 12/30  16:00:00,0.0,0.0,0.0,0.0,0.0,0.0,0.0,131616.34157802182 
 12/30  17:00:00,1640618.5482147457,1070574.5113305734,1044923.1731449895,1092363.7721773093,1148152.3379455598,1237499.184657319,1516410.5473341465,4096276.259596856 
 12/30  18:00:00,6102939.80725584,5458259.650241712,5396454.078425948,5422777.742692367,5465040.342383437,5551117.992732298,6036508.4490710385,11540489.632610664 
 12/30  19:00:00,7456805.581002072,6864702.704194869,6806427.196723804,6832072.0822785655,6873814.730677947,6964706.465901669,7512417.986674017,13767581.724331101 
 12/30  20:00:00,8071489.715518606,7526535.635080519,7471063.120280669,7494003.208498016,7533023.585690098,7625317.062929931,8215716.397415493,14944598.721445248 
 12/30  21:00:00,8282318.818705353,7772829.192403203,7716653.0268477425,7734401.010719199,7768669.860215412,7859946.999375112,8481430.587726094,15539550.091165457 
 12/30  22:00:00,8360309.901833564,7878256.003477193,7820285.621495518,7832642.904232574,7862117.809847869,7951506.955722483,8590987.781088514,15782642.423452638 
 12/30  23:00:00,8367861.0312670525,7906943.098948715,7846446.805634274,7853414.103533066,7878178.270777003,7964934.883768287,8612170.653494533,15801413.60840064 
 12/30  24:00:00,8282208.965385702,7844040.657435052,7784988.306223955,7789616.587291651,7811969.761519971,7897157.683715821,8541113.968164816,15515916.297534695 
 12/31  01:00:00,8127526.932830794,7711983.8078594925,7658338.500207736,7663778.504709577,7686023.742820935,7770188.291493844,8397071.848340627,14981744.560146714 
 12/31  02:00:00,7850981.74069575,7460485.526060169,7417071.6513933735,7426908.479687471,7451612.583219183,7535816.65062752,8136942.942440186,14212496.897014229 
 12/31  03:00:00,7448018.086778308,7073140.803796954,7038027.269632418,7051571.784150915,7078258.600034172,7161667.293645893,7733110.0662974,13291077.593319893 
 12/31  04:00:00,7049087.544639971,6676791.654323365,6644107.917323541,6658016.042854754,6684348.467722611,6765481.723575749,7312147.680772706,12496953.902560478 
 12/31  05:00:00,6743370.409400509,6368052.229024694,6335043.099365769,6347835.1203943305,6372855.501507224,6451297.264357539,6978414.242486024,11914354.634729892 
 12/31  06:00:00,6268419.6094406005,5882779.779858139,5848280.703647971,5859572.185754105,5883028.121502581,5958129.72733143,6458813.953931154,11053756.904164907 
 12/31  07:00:00,5871173.334598679,5473760.756519006,5437362.738154746,5447266.088438965,5469331.215362878,5541350.204124704,6018781.82382759,10321491.974103345 
 12/31  08:00:00,5688778.587247223,5284899.965156284,5247665.192607119,5256834.96504768,5278069.020173016,5348030.097891469,5810528.600846854,9958220.064223412 
 12/31  09:00:00,5592726.1130696125,5185299.092321434,5148232.960882909,5157385.288973173,5178368.692693904,5246955.585439852,5697921.539101396,9737554.567959681 
 12/31  10:00:00,5405765.672220561,5002510.358387992,4971128.987643624,4983901.095631245,5007218.282833209,5076007.512887947,5510299.577072664,9334464.156425603 
 12/31  11:00:00,5084954.387669957,4699589.5935529955,4684524.096349765,4708122.694848128,4738963.245101754,4810993.293161269,5219236.840597494,8634594.765112601 
 12/31  12:00:00,5192126.624388958,4822738.170097742,4820067.623584555,4852112.516938053,4888947.725503266,4964325.51117003,5365925.943267342,8716022.965774715 
 12/31  13:00:00,5889487.837215865,5550225.993614411,5559567.679439568,5599275.138175875,5641829.534141539,5722819.524489185,6146692.168977254,9822774.28461388 
 12/31  14:00:00,7795016.162623797,7457015.583921284,7434432.919864138,7450662.244991469,7476543.061063718,7551466.381620315,8070343.047280093,13559039.945033925 
 12/31  15:00:00,8355584.348275953,8042149.650008413,8021520.8130627405,8037575.611588322,8063272.444216469,8139937.815171858,8685702.0027989,14553549.92364249 
 12/31  16:00:00,7685584.035524814,7390092.823694457,7394950.037573989,7428955.480705797,7467847.495247644,7552988.455180945,8075623.289606393,13326359.993151832 
 12/31  17:00:00,6543530.763884045,6238240.629546996,6273510.318705767,6333514.219414459,6393686.641209193,6497429.814175178,7038149.044074983,12286615.40249779 
 12/31  18:00:00,8437839.59280771,8116175.147309296,8091614.191008665,8104033.532620698,8126760.526995428,8205187.938347404,8801734.3642804,15371448.833517803 
 12/31  19:00:00,8754482.2910691,8460043.301395124,8444328.48697226,8461696.723688636,8488072.344257807,8570174.277988147,9172852.499136042,15653540.566089109 
 12/31  20:00:00,9158054.209546488,8879553.771466516,8863070.383620752,8878627.256466795,8903601.825259026,8986283.858682463,9613918.2674561,16482132.438856207 
 12/31  21:00:00,9862028.098288877,9597391.892671732,9572268.576201944,9580030.072760819,9599178.415547775,9681559.425857004,10367112.037272008,18244479.405492518 
 12/31  22:00:00,10672183.11286651,10434007.348344348,10406115.120015008,10409799.86380303,10425902.173348475,10509968.123840611,11249814.135700429,20017923.96644013 
 12/31  23:00:00,11225097.488086523,11014568.007193495,10988200.422023352,10990966.236542754,11006362.986722426,11092769.1755139,11867621.45478353,21115099.86600319 
 12/31  24:00:00,11502358.50323484,11312011.159339033,11287211.513814908,11289561.733695507,11304632.844459167,11392652.354183387,12186888.107866976,21621605.176889185,99342490387.46349,303244333411.76544,303244333411.76544,99342490387.46349,99342490387.46349 
